200	4.158787
700	0.139152
1200	0.090126
1700	0.070173
2200	0.055563
2700	0.056125
3200	0.082323
3700	0.067626
4200	0.077107
4700	0.027880
5200	0.098016
5700	0.102126
6200	0.114264
6700	0.031482
7200	0.044264
7700	0.099336
8200	0.054053
8700	0.014127
9200	0.100102
9700	0.015691
10200	0.004834
10700	-0.001442
11200	-0.051298
11700	0.028283
12200	0.075575
12700	-0.078871
13200	0.067819
13700	0.027893
14200	0.040476
14700	0.020321
15200	0.028802
15700	0.049135
16200	0.027004
16700	0.017878
17200	0.050324
17700	0.009670
18200	0.082825
18700	-0.026269
19200	-0.021682
19700	0.053286
20200	0.056740
20700	0.086576
21200	0.146970
21700	0.007933
22200	-0.011218
22700	0.038419
23200	0.089676
23700	0.136484
24200	-0.004562
24700	-0.016000
25200	0.068118
25700	-0.008110
26200	-0.021285
26700	0.037542
27200	0.007846
27700	0.035015
28200	0.051316
28700	-0.034242
29200	0.049724
29700	0.029660
30200	-0.015136
30700	-0.049457
31200	0.050804
31700	-0.057018
32200	0.012509
32700	0.043002
33200	-0.007413
33700	0.007585
34200	-0.034630
34700	-0.039343
35200	-0.029426
35700	-0.029926
36200	-0.000624
36700	0.031095
37200	-0.037034
37700	-0.001254
38200	0.028833
38700	0.026260
39200	0.074490
39700	0.050784
40200	-0.007727
40700	-0.028175
41200	-0.004824
41700	-0.006929
42200	0.011529
42700	-0.006324
43200	0.026812
43700	0.045540
44200	-0.004106
44700	0.061145
45200	0.066494
45700	0.065253
46200	-0.038799
46700	0.010695
47200	-0.060142
47700	-0.032525
48200	-0.000375
48700	0.038851
49200	0.006436
49700	0.034595
50200	0.042641
50700	0.035403
51200	0.021657
51700	0.018914
52200	0.001850
52700	0.036307
53200	-0.014896
53700	-0.016183
54200	-0.035166
54700	0.003878
55200	0.058501
55700	-0.032743
56200	0.019885
56700	-0.016728
57200	-0.010652
57700	0.092074
58200	0.105168
58700	0.084197
59200	-0.010543
59700	0.005144
60200	0.005011
60700	0.025188
61200	-0.004595
61700	-0.030434
62200	0.045823
62700	0.008914
63200	0.048896
63700	0.015370
64200	0.041797
64700	0.021948
65200	0.020124
65700	0.031345
66200	0.036298
66700	0.029165
67200	0.028299
67700	0.003168
68200	-0.028931
68700	-0.024327
69200	-0.010226
69700	0.027822
70200	0.016397
70700	0.040089
71200	-0.004185
71700	-0.009649
72200	0.082895
72700	0.025747
73200	-0.022407
73700	0.000449
74200	0.009548
74700	0.029861
75200	-0.001878
75700	0.029226
76200	-0.005511
76700	0.023644
77200	-0.011382
77700	0.044768
78200	0.012048
78700	-0.003902
79200	-0.056161
79700	-0.003073
80200	0.028346
80700	0.044126
81200	-0.085169
81700	0.002279
82200	-0.007383
82700	0.062907
83200	0.019383
83700	0.011068
84200	-0.072347
84700	0.046843
85200	0.088547
85700	0.038106
86200	0.060192
86700	0.005719
87200	-0.027931
87700	0.013055
88200	-0.033325
88700	-0.016662
89200	0.038598
89700	0.013178
90200	-0.002844
90700	-0.036060
91200	0.023191
91700	0.020006
92200	-0.025689
92700	0.012105
93200	-0.030623
93700	-0.007040
94200	0.025125
94700	0.038883
95200	0.013514
95700	-0.097558
96200	-0.016115
96700	-0.001632
97200	-0.017626
97700	0.048680
98200	0.005023
98700	0.018015
99200	0.015740
99700	-0.020515
100200	-0.037284
100700	-0.002123
101200	-0.016638
101700	-0.064551
102200	0.037848
102700	-0.008424
103200	0.036380
103700	-0.061117
104200	0.051725
104700	0.057009
105200	0.031051
105700	0.019695
106200	-0.000186
106700	-0.011647
107200	-0.022904
107700	-0.066507
108200	0.043052
108700	0.025893
109200	0.015673
109700	-0.009432
110200	-0.013574
110700	0.031413
111200	0.054309
111700	0.023335
112200	0.105643
112700	0.004787
113200	-0.007788
113700	0.007583
114200	-0.006592
114700	0.076664
115200	0.036235
115700	0.048554
116200	0.016150
116700	-0.047126
117200	0.024011
117700	0.058819
118200	-0.010760
118700	0.022627
119200	-0.007850
119700	0.016403
120200	0.103920
120700	0.060305
121200	0.018562
121700	0.063736
122200	0.050457
122700	0.029804
123200	0.078080
123700	0.058522
124200	0.004427
124700	-0.012991
125200	0.049144
125700	0.046597
126200	0.007401
126700	0.039312
127200	0.077966
127700	-0.020021
128200	0.022751
128700	0.070651
129200	0.003044
129700	0.030419
130200	0.022158
130700	0.042647
131200	0.010424
131700	-0.014466
132200	0.034275
132700	-0.011051
133200	0.019530
133700	0.023741
134200	0.037726
134700	0.023505
135200	0.079388
135700	0.094638
136200	0.052627
136700	0.045861
137200	0.039940
137700	0.010963
138200	0.017902
138700	0.032531
139200	0.007723
139700	-0.005910
140200	-0.006415
140700	0.059474
141200	0.047133
141700	0.019751
142200	0.002252
142700	-0.003881
143200	0.048450
143700	-0.038354
144200	-0.017620
144700	0.030021
145200	0.025388
145700	0.108569
146200	-0.057650
146700	0.063481
147200	-0.004319
147700	0.073062
148200	0.033947
148700	0.006242
149200	0.032137
149700	0.003568
150200	0.063268
150700	0.096772
151200	-0.009836
151700	-0.011199
152200	-0.006387
152700	0.032091
153200	-0.004881
153700	-0.036339
154200	-0.043518
154700	0.059254
155200	0.000578
155700	-0.021629
156200	-0.026440
156700	0.022609
157200	0.001101
157700	-0.010943
158200	-0.011485
158700	-0.041882
159200	-0.013403
159700	-0.069767
160200	-0.013261
160700	0.037685
161200	0.006221
161700	-0.045194
162200	0.004354
162700	0.029134
163200	0.008786
163700	-0.001126
164200	0.031569
164700	-0.080223
165200	0.004853
165700	0.041857
166200	0.033447
166700	0.024137
167200	0.033862
167700	-0.001935
168200	0.004551
168700	0.042917
169200	-0.024824
169700	-0.080877
170200	0.021029
170700	0.059597
171200	-0.014206
171700	-0.000654
172200	0.009621
172700	0.052047
173200	0.028213
173700	-0.028430
174200	-0.086020
174700	0.029317
175200	-0.007562
175700	-0.013735
176200	0.039024
176700	-0.021476
177200	-0.011769
177700	0.027653
178200	0.034897
178700	-0.027785
179200	-0.004233
179700	-0.013562
180200	0.049098
180700	-0.020246
181200	-0.083829
181700	-0.020930
182200	-0.083854
182700	0.013086
183200	-0.075923
183700	-0.016341
184200	0.074669
184700	0.005652
185200	-0.024639
185700	0.077596
186200	-0.015906
186700	-0.015365
187200	0.019691
187700	-0.021524
188200	-0.022072
188700	0.040977
189200	0.064734
189700	0.018986
190200	-0.053970
190700	-0.046482
191200	-0.001547
191700	0.006858
192200	-0.015602
192700	-0.030269
193200	-0.028139
193700	0.035372
194200	0.038976
194700	0.031235
195200	0.018055
195700	-0.017650
196200	0.046516
196700	-0.100613
197200	-0.005577
197700	0.010533
198200	-0.043699
198700	0.002436
199200	0.026724
199700	0.011412
