0	36.712141
50	2.168178
100	0.515005
150	0.505143
200	0.360657
250	0.444560
300	0.249071
350	0.203835
400	0.410779
450	0.018497
500	0.365530
550	0.337934
600	-0.056758
650	0.225435
700	0.090454
750	0.022658
800	-0.043443
850	0.019270
900	0.232006
950	0.198436
1000	0.274273
1050	0.239041
1100	0.003063
1150	0.061176
1200	0.107249
1250	-0.035625
1300	0.163931
1350	0.002737
1400	-0.003882
1450	0.089296
1500	0.267962
1550	0.120610
1600	-0.076958
1650	0.036870
1700	0.068012
1750	0.088129
1800	0.085741
1850	-0.129090
1900	0.112268
1950	0.128186
2000	-0.076903
2050	0.071035
2100	-0.008036
2150	0.068456
2200	0.067522
2250	0.188956
2300	-0.068260
2350	0.213459
2400	0.055418
2450	0.043988
2500	-0.005923
2550	0.109583
2600	0.022572
2650	0.014354
2700	0.039262
2750	0.039954
2800	0.220940
2850	0.022609
2900	0.126189
2950	-0.028286
3000	0.096473
3050	0.027511
3100	0.091591
3150	0.023316
3200	0.002669
3250	0.181720
3300	0.057751
3350	0.081401
3400	0.175598
3450	0.085201
3500	-0.258102
3550	0.174014
3600	0.073392
3650	0.073607
3700	0.042447
3750	-0.029514
3800	0.176270
3850	0.160343
3900	0.166242
3950	0.097563
4000	-0.071863
4050	0.033305
4100	0.073632
4150	0.041415
4200	0.137811
4250	0.182325
4300	0.201194
4350	-0.030585
4400	0.047081
4450	0.156756
4500	-0.130086
4550	-0.125627
4600	0.177730
4650	0.049589
4700	0.135206
4750	0.110073
4800	-0.011154
4850	-0.098427
4900	0.113484
4950	0.058014
5000	0.053727
5050	0.127160
5100	0.160779
5150	0.045267
5200	0.201370
5250	0.010073
5300	0.060197
5350	0.149179
5400	0.135450
5450	0.036961
5500	0.035792
5550	0.029236
5600	-0.004382
5650	0.120392
5700	0.022452
5750	0.065419
5800	0.225178
5850	0.194317
5900	0.191840
5950	0.141018
6000	0.058982
6050	0.159388
6100	0.322233
6150	0.167191
6200	0.026132
6250	0.079408
6300	0.178855
6350	-0.017915
6400	0.141337
6450	0.027029
6500	0.068897
6550	0.062874
6600	-0.028512
6650	0.209177
6700	-0.018009
6750	-0.025394
6800	0.101922
6850	-0.003006
6900	-0.017910
6950	-0.035217
7000	0.024914
7050	0.038204
7100	-0.091954
7150	0.037833
7200	0.050461
7250	0.050005
7300	0.032658
7350	0.140857
7400	0.120660
7450	0.039003
7500	0.152140
7550	0.191920
7600	0.076525
7650	0.127449
7700	0.095947
7750	0.036599
7800	0.039586
7850	-0.023595
7900	0.069558
7950	0.227226
8000	0.052715
8050	-0.037778
8100	0.001891
8150	0.095503
8200	0.110022
8250	0.131562
8300	-0.062407
8350	0.210004
8400	0.067528
8450	-0.028511
8500	-0.052268
8550	-0.039038
8600	0.099360
8650	-0.001688
8700	0.103975
8750	-0.011582
8800	-0.015239
8850	-0.064887
8900	0.131684
8950	-0.009045
9000	0.228582
9050	0.176281
9100	0.222449
9150	-0.077396
9200	0.146236
9250	0.020398
9300	0.166231
9350	-0.072218
9400	-0.000966
9450	0.191421
9500	0.034761
9550	-0.058055
9600	-0.015573
9650	0.101166
9700	0.081675
9750	-0.081891
9800	-0.118390
9850	0.002709
9900	0.162280
9950	0.048226
10000	0.089694
10050	0.008675
10100	-0.031546
10150	-0.041171
10200	0.035192
10250	-0.072482
10300	-0.162048
10350	-0.060082
10400	0.089531
10450	0.192579
10500	0.083709
10550	0.188506
10600	-0.136001
10650	-0.033927
10700	0.040181
10750	-0.049890
10800	-0.099841
10850	-0.090304
10900	-0.095526
10950	0.178675
11000	-0.206494
11050	-0.051137
11100	0.029784
11150	-0.142347
11200	-0.165874
11250	-0.078572
11300	0.022892
11350	0.103981
11400	-0.081270
11450	0.056061
11500	0.041140
11550	-0.016933
11600	0.137673
11650	-0.016646
11700	-0.018476
11750	0.284622
11800	0.194430
11850	0.108945
11900	-0.099808
11950	-0.332121
12000	-0.037337
12050	0.141872
12100	0.008839
12150	0.160954
12200	0.143185
12250	0.020015
12300	-0.014851
12350	0.089307
12400	0.155580
12450	0.088188
12500	-0.311568
12550	-0.012100
12600	0.024892
12650	-0.153413
12700	-0.083090
12750	-0.026225
12800	0.032103
12850	0.000868
12900	-0.052226
12950	-0.207956
13000	0.236752
13050	0.052324
13100	0.002041
13150	0.136270
13200	0.111791
13250	-0.066174
13300	-0.012597
13350	0.212782
13400	-0.045565
13450	0.050572
13500	-0.009161
13550	-0.075906
13600	0.181179
13650	0.060786
13700	0.041277
13750	0.180139
13800	-0.045127
13850	-0.034229
13900	-0.042844
13950	0.022815
14000	0.003833
14050	-0.033468
14100	0.053146
14150	0.116368
14200	0.278049
14250	0.171409
14300	-0.115572
14350	0.075238
14400	-0.067712
14450	-0.076529
14500	-0.025629
14550	0.077015
14600	-0.082451
14650	0.139990
14700	0.177395
14750	-0.063413
14800	-0.183311
14850	0.007143
14900	0.092677
14950	0.063799
15000	-0.061943
15050	0.100962
15100	0.080022
15150	0.065689
15200	0.318463
15250	-0.112697
15300	-0.036756
15350	-0.084649
15400	0.081279
15450	-0.062347
15500	0.094886
15550	0.063403
15600	0.166075
15650	0.142847
15700	0.078109
15750	-0.029357
15800	-0.002539
15850	0.047161
15900	-0.135800
15950	0.066567
16000	-0.006338
16050	0.126864
16100	0.138949
16150	0.130410
16200	-0.052263
16250	0.170525
16300	-0.022845
16350	-0.165857
16400	-0.147352
16450	0.097947
16500	-0.046680
16550	-0.180085
16600	-0.026217
16650	0.061854
16700	0.067173
16750	-0.047122
16800	0.052740
16850	0.104455
16900	0.056787
16950	0.135870
17000	0.019075
17050	-0.004588
17100	-0.051724
17150	0.067508
17200	-0.130002
17250	0.225149
17300	0.096009
17350	-0.042667
17400	0.121308
17450	0.203173
17500	0.029228
17550	0.186608
17600	-0.053817
17650	0.184302
17700	-0.053827
17750	0.018819
17800	-0.029490
17850	-0.015433
17900	0.005993
17950	-0.175680
18000	-0.034005
18050	0.092690
18100	0.168509
18150	0.006120
18200	0.168077
18250	0.066612
18300	0.215312
18350	-0.052242
18400	0.211427
18450	-0.014251
18500	0.256444
18550	-0.037657
18600	-0.085420
18650	-0.044305
18700	-0.115178
18750	-0.085852
18800	0.114447
18850	-0.091708
18900	-0.096339
18950	-0.077127
19000	-0.022839
19050	0.183576
19100	-0.165484
19150	0.017732
19200	-0.051347
19250	0.006863
19300	-0.160501
19350	-0.082188
19400	-0.030461
19450	0.087826
19500	0.025485
19550	0.111804
19600	-0.026093
19650	0.123830
19700	0.054767
19750	0.155300
19800	0.034316
19850	-0.204768
19900	0.175378
19950	0.082840
20000	-0.002362
20050	0.137483
20100	0.060478
20150	0.058508
20200	0.052610
20250	0.044040
20300	0.013959
20350	0.014320
20400	0.085440
20450	0.102924
20500	0.019286
20550	-0.003629
20600	0.093940
20650	0.295020
20700	0.031185
20750	0.197230
20800	0.059026
20850	-0.043059
20900	0.192485
20950	0.024276
21000	0.219110
21050	0.057828
21100	0.238706
21150	0.099729
21200	0.149432
21250	0.252139
21300	0.044387
21350	0.189445
21400	0.081549
21450	0.137371
21500	-0.136982
21550	0.072816
21600	0.092047
21650	0.225949
21700	0.023521
21750	0.044416
21800	-0.091866
21850	-0.140279
21900	-0.056597
21950	0.046305
22000	0.105049
22050	0.056860
22100	-0.063044
22150	-0.082461
22200	-0.016480
22250	0.007675
22300	0.036577
22350	0.013900
22400	-0.004616
22450	-0.165639
22500	-0.088828
22550	-0.138776
22600	0.150993
22650	0.129237
22700	0.201346
22750	-0.160609
22800	0.173167
22850	0.013883
22900	0.127472
22950	-0.023697
23000	0.076789
23050	-0.033237
23100	0.055720
23150	0.203304
23200	0.144666
23250	-0.074447
23300	0.287161
23350	0.095541
23400	0.108871
23450	0.032396
23500	0.191218
23550	0.220989
23600	0.192746
23650	0.085186
23700	0.177243
23750	-0.044075
23800	0.022770
23850	0.325051
23900	0.073695
23950	0.120017
24000	0.077968
24050	0.056985
24100	0.021759
24150	-0.040682
24200	-0.067389
24250	0.084004
24300	0.156491
24350	-0.006684
24400	-0.175345
24450	-0.152725
24500	-0.104777
24550	0.055716
24600	0.053979
24650	0.004572
24700	0.101636
24750	-0.110391
24800	0.147218
24850	-0.026271
24900	-0.216538
24950	-0.065140
25000	-0.076257
25050	-0.048118
25100	0.203571
25150	0.019751
25200	-0.014581
25250	0.128935
25300	0.010669
25350	0.288015
25400	0.157371
25450	0.011826
25500	-0.075901
25550	0.022559
25600	0.121968
25650	-0.059251
25700	0.127133
25750	0.040465
25800	0.070257
25850	-0.065176
25900	-0.131013
25950	-0.132142
26000	-0.056972
26050	-0.028147
26100	-0.025444
26150	0.066216
26200	0.025954
26250	0.042125
26300	-0.114040
26350	-0.094893
26400	-0.106068
26450	0.078417
26500	0.042327
26550	0.027129
26600	0.157118
26650	-0.082167
26700	-0.032311
26750	-0.033453
26800	0.144920
26850	0.010500
26900	0.010205
26950	0.131155
27000	0.024707
27050	-0.052499
27100	0.070938
27150	0.100598
27200	-0.031371
27250	-0.143635
27300	-0.068126
27350	-0.039860
27400	0.027066
27450	0.190641
27500	-0.053559
27550	-0.025126
27600	0.103201
27650	0.212672
27700	-0.069188
27750	0.090525
27800	-0.031794
27850	-0.066608
27900	0.111806
27950	0.078220
28000	-0.009171
28050	0.032184
28100	0.173126
28150	0.067921
28200	0.138419
28250	-0.015595
28300	0.042277
28350	-0.000316
28400	-0.028730
28450	0.113040
28500	0.062610
28550	-0.161894
28600	-0.167761
28650	-0.074627
28700	-0.081338
28750	-0.127155
28800	0.063842
28850	-0.010484
28900	0.027385
28950	0.127004
29000	0.081399
29050	-0.037400
29100	0.077530
29150	-0.009953
29200	0.067705
29250	0.105144
29300	-0.007409
29350	0.150424
29400	-0.005082
29450	0.074885
29500	0.061790
29550	-0.124609
29600	-0.039690
29650	-0.134102
29700	0.148522
29750	0.331824
29800	-0.101014
29850	0.024427
29900	0.060939
29950	0.068516
30000	0.066669
30050	-0.049533
30100	0.050716
30150	0.032081
30200	-0.139165
30250	0.045758
30300	0.077827
30350	-0.132701
30400	-0.053788
30450	-0.049220
30500	-0.167509
30550	0.159002
30600	-0.326968
30650	0.090466
30700	-0.065629
30750	-0.109609
30800	0.100587
30850	-0.023390
30900	-0.051272
30950	-0.100247
31000	0.000518
31050	-0.003105
31100	0.149905
31150	0.322772
31200	-0.112267
31250	0.036783
31300	0.019519
31350	0.012191
31400	-0.036318
31450	0.118044
31500	0.126287
31550	-0.201178
31600	-0.033565
31650	-0.169205
31700	-0.108367
31750	-0.069351
31800	0.111802
31850	-0.174915
31900	-0.146894
31950	0.095205
32000	0.105651
32050	-0.073540
32100	0.039176
32150	0.040980
32200	0.025011
32250	0.093336
32300	0.050512
32350	0.011367
32400	-0.043736
32450	-0.123665
32500	-0.011282
32550	0.101823
32600	0.073015
32650	-0.013977
32700	-0.103295
32750	0.097291
32800	0.182405
32850	0.007244
32900	0.123550
32950	-0.026756
33000	0.062038
33050	0.040512
33100	0.001891
33150	-0.061770
33200	-0.197001
33250	-0.036214
33300	0.038349
33350	0.102675
33400	-0.015305
33450	-0.009304
33500	0.068088
33550	-0.077939
33600	0.070117
33650	0.084179
33700	-0.135620
33750	0.021836
33800	-0.087444
33850	0.071568
33900	-0.015979
33950	0.077039
34000	-0.005563
34050	0.018956
34100	-0.089850
34150	-0.052003
34200	0.026935
34250	0.123872
34300	-0.038100
34350	-0.185965
34400	-0.135424
34450	-0.009161
34500	0.031731
34550	-0.052920
34600	-0.076427
34650	-0.001736
34700	-0.003254
34750	-0.296526
34800	-0.017449
34850	0.038417
34900	-0.057732
34950	0.042466
35000	-0.067149
35050	0.038175
35100	-0.132189
35150	0.002167
35200	-0.111805
35250	0.049968
35300	0.035581
35350	0.052370
35400	-0.027988
35450	-0.133396
35500	-0.132207
35550	-0.016265
35600	-0.018357
35650	0.123775
35700	-0.031536
35750	0.016523
35800	-0.098605
35850	-0.056100
35900	-0.068545
35950	-0.017939
36000	-0.086383
36050	0.063006
36100	-0.132534
36150	0.040175
36200	-0.044927
36250	-0.067878
36300	0.295895
36350	-0.099335
36400	-0.064017
36450	0.089756
36500	-0.171044
36550	0.078480
36600	0.058936
36650	0.000555
36700	0.010103
36750	0.178363
36800	0.079868
36850	0.029357
36900	0.041771
36950	0.004563
37000	-0.225978
37050	-0.060649
37100	-0.049343
37150	0.071792
37200	0.024858
37250	-0.026447
37300	0.141034
37350	0.020987
37400	-0.140417
37450	-0.126171
37500	0.077801
37550	-0.084164
37600	0.074658
37650	0.157676
37700	-0.010753
37750	-0.158042
37800	0.038484
37850	0.005799
37900	-0.076601
37950	-0.037397
38000	0.052233
38050	0.070166
38100	0.075152
38150	-0.115663
38200	-0.004800
38250	0.123412
38300	-0.109888
38350	0.139160
38400	0.143532
38450	-0.084975
38500	-0.139863
38550	-0.033886
38600	0.170449
38650	0.219112
38700	0.119287
38750	0.080076
38800	-0.020313
38850	-0.029018
38900	-0.005250
38950	-0.097998
39000	-0.039500
39050	0.222876
39100	0.166880
39150	0.223271
39200	0.061099
39250	0.094110
39300	-0.096691
39350	0.094164
39400	-0.013931
39450	0.032625
39500	0.123585
39550	0.193500
39600	0.095191
39650	-0.113680
39700	-0.036585
39750	0.078092
39800	0.083935
39850	0.089537
39900	0.056517
39950	-0.062250
40000	-0.098828
40050	-0.033619
40100	-0.044926
40150	-0.064195
40200	-0.159990
40250	-0.032056
40300	0.063746
40350	0.022941
40400	0.105369
40450	0.164289
40500	-0.120997
40550	-0.063289
40600	-0.126648
40650	-0.017247
40700	-0.160604
40750	-0.182835
40800	-0.006353
40850	0.030688
40900	0.162847
40950	0.202686
41000	0.168009
41050	0.057835
41100	-0.028308
41150	-0.052696
41200	-0.041119
41250	0.040092
41300	-0.027026
41350	-0.041164
41400	-0.089681
41450	-0.034179
41500	0.040160
41550	-0.147774
41600	0.145214
41650	0.037044
41700	0.008679
41750	-0.115458
41800	0.039738
41850	0.000776
41900	0.030615
41950	-0.108283
42000	0.048084
42050	0.052689
42100	0.073174
42150	0.005333
42200	0.136161
42250	0.073137
42300	-0.058261
42350	0.033258
42400	-0.164634
42450	-0.083655
42500	0.075527
42550	0.016659
42600	-0.085723
42650	0.006285
42700	-0.037421
42750	0.067214
42800	-0.011656
42850	0.026503
42900	-0.184417
42950	0.063784
43000	0.002068
43050	-0.054189
43100	-0.003881
43150	-0.007499
43200	0.004945
43250	-0.084456
43300	0.191171
43350	0.010438
43400	0.197718
43450	0.011806
43500	-0.012795
43550	0.023254
43600	0.102467
43650	-0.198210
43700	0.060412
43750	0.085804
43800	-0.016561
43850	-0.025861
43900	0.069674
43950	0.367215
44000	0.019445
44050	0.057482
44100	0.058298
44150	0.015540
44200	0.086090
44250	-0.066008
44300	-0.077263
44350	0.029270
44400	-0.007548
44450	-0.156365
44500	-0.026786
44550	-0.116197
44600	0.030719
44650	0.017718
44700	0.170886
44750	0.038427
44800	-0.149155
44850	0.216813
44900	0.300088
44950	0.128939
45000	0.126365
45050	0.164692
45100	0.086482
45150	0.024284
45200	0.231296
45250	0.205867
45300	-0.149783
45350	0.009588
45400	-0.151630
45450	0.117777
45500	0.265285
45550	0.031487
45600	0.084149
45650	0.079573
45700	0.049578
45750	-0.048100
45800	0.138807
45850	0.068409
45900	0.098220
45950	-0.114878
46000	-0.029571
46050	-0.049343
46100	-0.154087
46150	0.078709
46200	0.046960
46250	-0.168848
46300	0.072503
46350	0.057923
46400	-0.229189
46450	-0.013049
46500	0.013369
46550	-0.155412
46600	-0.057139
46650	0.032572
46700	0.179186
46750	0.100630
46800	-0.012954
46850	0.100963
46900	-0.017596
46950	-0.076665
47000	0.001074
47050	0.004395
47100	0.071002
47150	-0.076519
47200	-0.284465
47250	-0.075285
47300	-0.097295
47350	-0.091070
47400	0.098119
47450	-0.151372
47500	-0.116846
47550	0.010505
47600	-0.192539
47650	-0.041633
47700	-0.054238
47750	0.017301
47800	-0.128788
47850	0.051484
47900	-0.060259
47950	0.189758
48000	0.013343
48050	0.111848
48100	-0.106723
48150	0.061582
48200	0.050344
48250	0.104213
48300	-0.122217
48350	-0.021424
48400	-0.003437
48450	-0.091283
48500	0.073803
48550	-0.131105
48600	0.014598
48650	0.122368
48700	-0.007364
48750	0.241297
48800	0.084647
48850	-0.142654
48900	0.149482
48950	-0.016558
49000	-0.193301
49050	0.017400
49100	-0.113374
49150	0.116688
49200	0.071462
49250	0.101871
49300	0.028044
49350	0.000677
49400	-0.008810
49450	0.043703
49500	0.064455
49550	0.033401
49600	-0.020564
49650	-0.126676
49700	0.009291
49750	0.101780
49800	0.117193
49850	0.010540
49900	0.231342
49950	-0.074812
50000	-0.052469
50050	0.053779
50100	0.029657
50150	-0.068649
50200	-0.115315
50250	-0.004781
50300	0.065370
50350	0.007295
50400	0.235470
50450	0.276052
50500	0.246836
50550	0.176104
50600	0.116456
50650	-0.112991
50700	-0.088075
50750	-0.067395
50800	-0.118847
50850	-0.028215
50900	0.069960
50950	0.160194
51000	-0.058674
51050	-0.017815
51100	0.172531
51150	-0.020059
51200	-0.066819
51250	-0.018517
51300	0.059964
51350	0.057562
51400	0.138911
51450	-0.030516
51500	0.184833
51550	0.130577
51600	-0.138836
51650	0.042676
51700	0.022490
51750	0.220555
51800	-0.116803
51850	-0.156308
51900	-0.021907
51950	0.021861
52000	0.087918
52050	-0.032804
52100	-0.055634
52150	0.015273
52200	-0.097988
52250	-0.073250
52300	-0.030451
52350	0.092645
52400	0.096344
52450	0.016443
52500	0.036957
52550	-0.144742
52600	0.012891
52650	0.079859
52700	0.111622
52750	0.203938
52800	0.079933
52850	-0.003692
52900	-0.010313
52950	-0.003384
53000	0.140521
53050	-0.173427
53100	-0.052113
53150	0.152749
53200	0.035206
53250	0.004545
53300	-0.178605
53350	0.042538
53400	-0.014136
53450	-0.106234
53500	-0.077544
53550	-0.019540
53600	-0.236561
53650	0.115886
53700	0.181999
53750	-0.081401
53800	-0.011266
53850	-0.175785
53900	0.102741
53950	0.039643
54000	-0.032536
54050	-0.026098
54100	0.044014
54150	-0.059494
54200	-0.206881
54250	-0.104115
54300	-0.175651
54350	0.059590
54400	0.084875
54450	0.064637
54500	0.123210
54550	0.030932
54600	0.116074
54650	-0.042696
54700	-0.171480
54750	0.081327
54800	0.022454
54850	-0.040286
54900	-0.076078
54950	-0.004675
55000	0.017866
55050	0.184321
55100	-0.086783
55150	-0.020670
55200	0.226662
55250	0.155544
55300	-0.027021
55350	0.065230
55400	0.019925
55450	0.049933
55500	-0.005862
55550	0.015462
55600	-0.138655
55650	-0.016127
55700	0.133729
55750	0.028980
55800	0.094475
55850	-0.106839
55900	-0.054565
55950	-0.278023
56000	0.041523
56050	-0.183423
56100	0.058236
56150	0.139578
56200	0.058104
56250	-0.080759
56300	0.147171
56350	0.027015
56400	0.015196
56450	-0.023791
56500	-0.054099
56550	0.120737
56600	-0.124858
56650	0.074911
56700	-0.115507
56750	-0.057654
56800	0.000575
56850	0.027449
56900	-0.087672
56950	0.048841
57000	0.210042
57050	-0.139823
57100	-0.036235
57150	-0.146408
57200	0.039946
57250	0.227737
57300	-0.007855
57350	-0.245403
57400	0.001902
57450	-0.010422
57500	0.130212
57550	0.206078
57600	0.192578
57650	0.150700
57700	-0.012428
57750	0.103087
57800	-0.088559
57850	-0.007277
57900	0.157349
57950	0.088996
58000	0.042629
58050	0.190155
58100	0.027155
58150	-0.137127
58200	0.108009
58250	0.229121
58300	0.102285
58350	0.097558
58400	0.104385
58450	0.287506
58500	-0.015072
58550	0.164289
58600	0.016988
58650	0.180038
58700	0.095686
58750	0.126653
58800	0.045072
58850	0.045182
58900	0.263288
58950	-0.080158
59000	-0.084634
59050	-0.044264
59100	-0.031592
59150	-0.059214
59200	0.001126
59250	0.137365
59300	-0.020444
59350	0.067813
59400	-0.060979
59450	-0.010607
59500	0.109524
59550	-0.098804
59600	-0.191808
59650	0.086966
59700	0.076193
59750	0.059203
59800	0.045998
59850	0.014183
59900	-0.073018
59950	0.023006
60000	0.094465
60050	-0.130764
60100	-0.036577
60150	-0.044147
60200	-0.045565
60250	0.083790
60300	0.020776
60350	-0.103685
60400	0.110468
60450	0.101346
60500	0.201758
60550	-0.066864
60600	0.019498
60650	-0.010571
60700	-0.046639
60750	0.051919
60800	0.109103
60850	0.152700
60900	-0.142307
60950	-0.016715
61000	0.021852
61050	0.211202
61100	0.191936
61150	-0.085077
61200	-0.128765
61250	-0.042908
61300	0.022870
61350	-0.116056
61400	-0.053674
61450	-0.067333
61500	-0.204791
61550	0.028057
61600	-0.064299
61650	-0.020682
61700	-0.019582
61750	0.003507
61800	-0.173009
61850	-0.046354
61900	0.208535
61950	-0.015720
62000	-0.063181
62050	0.072421
62100	-0.169366
62150	0.163013
62200	0.009471
62250	-0.032934
62300	0.131953
62350	0.205593
62400	0.034969
62450	0.106295
62500	0.093576
62550	0.105956
62600	0.057800
62650	-0.099225
62700	0.071649
62750	0.307111
62800	-0.130361
62850	-0.119060
62900	-0.147460
62950	-0.050843
63000	0.002779
63050	-0.054934
63100	0.040907
63150	0.073751
63200	0.016461
63250	0.054855
63300	0.058293
63350	0.110815
63400	0.090595
63450	0.095438
63500	-0.028743
63550	0.150312
63600	0.093171
63650	0.094989
63700	0.066698
63750	0.138151
63800	-0.142192
63850	0.073813
63900	-0.194702
63950	-0.097792
64000	-0.014388
64050	0.082933
64100	0.121650
64150	0.217395
64200	-0.032459
64250	0.045673
64300	0.146619
64350	-0.166359
64400	0.006249
64450	0.010651
64500	0.092161
64550	0.108629
64600	-0.008583
64650	-0.035348
64700	0.003758
64750	-0.067626
64800	0.008785
64850	-0.063613
64900	-0.061844
64950	0.243155
65000	-0.047496
65050	-0.029884
65100	0.197101
65150	0.101947
65200	0.016906
65250	0.118140
65300	-0.053996
65350	-0.048297
65400	-0.073437
65450	0.020260
65500	0.120197
65550	0.249042
65600	-0.024301
65650	-0.137858
65700	-0.119018
65750	0.149653
65800	0.173272
65850	0.007617
65900	-0.086920
65950	-0.018233
66000	-0.088492
66050	0.071786
66100	-0.118025
66150	0.059950
66200	-0.010710
66250	0.026300
66300	0.106356
66350	0.104508
66400	0.110010
66450	0.101292
66500	0.048800
66550	0.055629
66600	0.107802
66650	0.062966
66700	-0.037050
66750	-0.177387
66800	0.109584
66850	-0.001123
66900	0.030750
66950	0.091683
67000	0.119028
67050	-0.042270
67100	-0.095342
67150	0.071733
67200	-0.036567
67250	0.105571
67300	0.051154
67350	0.074435
67400	-0.089916
67450	0.125161
67500	0.104720
67550	-0.047831
67600	-0.076516
67650	-0.057890
67700	-0.067554
67750	-0.087151
67800	0.197265
67850	-0.063799
67900	-0.009761
67950	0.140196
68000	-0.018021
68050	-0.019555
68100	0.147123
68150	-0.130636
68200	-0.100389
68250	-0.240144
68300	-0.141656
68350	0.160868
68400	-0.011697
68450	0.064796
68500	-0.087479
68550	-0.217705
68600	0.049404
68650	0.049972
68700	-0.047666
68750	0.070917
68800	-0.033751
68850	0.034733
68900	-0.028351
68950	-0.033345
69000	-0.053514
69050	-0.116708
69100	0.143436
69150	0.145587
69200	0.088853
69250	-0.105812
69300	0.071079
69350	-0.211511
69400	-0.039934
69450	-0.023732
69500	0.099102
69550	-0.147620
69600	0.053370
69650	0.029138
69700	0.117498
69750	-0.052211
69800	0.091526
69850	-0.111243
69900	0.073223
69950	0.125432
70000	0.079100
70050	0.157665
70100	-0.014058
70150	-0.028250
70200	0.005392
70250	0.051612
70300	-0.073157
70350	0.020039
70400	0.058974
70450	-0.093348
70500	-0.015457
70550	-0.027231
70600	0.154802
70650	-0.023264
70700	-0.125922
70750	0.131563
70800	0.063939
70850	0.067558
70900	-0.002702
70950	0.177601
71000	0.033293
71050	-0.065521
71100	-0.012028
71150	0.112071
71200	-0.072168
71250	0.148354
71300	-0.090583
71350	-0.133512
71400	0.032200
71450	0.006040
71500	-0.054826
71550	0.021474
71600	0.125591
71650	-0.024086
71700	0.058270
71750	-0.046343
71800	-0.014573
71850	-0.138618
71900	-0.051426
71950	0.028045
72000	0.241679
72050	0.057926
72100	0.163615
72150	0.201760
72200	0.086346
72250	-0.038141
72300	0.085935
72350	-0.054369
72400	0.042361
72450	0.041838
72500	0.014958
72550	0.239138
72600	0.163780
72650	-0.105393
72700	-0.036293
72750	0.115128
72800	0.028634
72850	-0.149971
72900	-0.053722
72950	0.041211
73000	-0.114578
73050	0.008209
73100	0.048106
73150	-0.102860
73200	0.130640
73250	0.004107
73300	0.018486
73350	-0.020492
73400	-0.060087
73450	-0.135597
73500	-0.183767
73550	0.003618
73600	0.239958
73650	-0.020347
73700	-0.011786
73750	-0.056058
73800	0.019350
73850	0.188851
73900	-0.009779
73950	-0.165547
74000	-0.175435
74050	0.209139
74100	0.133620
74150	0.053121
74200	-0.115275
74250	-0.001703
74300	-0.078716
74350	0.015946
74400	0.058636
74450	-0.003858
74500	0.063858
74550	0.232136
74600	-0.004795
74650	0.043472
74700	-0.214782
74750	0.020638
74800	0.030173
74850	0.081551
74900	0.024996
74950	0.021363
75000	-0.274222
75050	-0.139047
75100	0.022456
75150	-0.024613
75200	0.211478
75250	0.004220
75300	0.166507
75350	0.079974
75400	0.012311
75450	-0.077847
75500	-0.021351
75550	0.118236
75600	-0.156807
75650	0.031270
75700	-0.074657
75750	0.060038
75800	0.004222
75850	0.085539
75900	0.137851
75950	0.107922
76000	0.129761
76050	-0.122717
76100	-0.022558
76150	0.215516
76200	0.007698
76250	-0.065578
76300	0.050248
76350	0.020828
76400	-0.108026
76450	-0.160281
76500	-0.190304
76550	0.193505
76600	0.138354
76650	0.066195
76700	-0.047743
76750	0.136327
76800	0.056489
76850	0.055682
76900	-0.065219
76950	-0.106846
77000	-0.013638
77050	0.170131
77100	-0.049066
77150	-0.189995
77200	0.052478
77250	0.057680
77300	0.113291
77350	-0.148808
77400	-0.056100
77450	-0.049797
77500	0.136915
77550	0.039040
77600	-0.019440
77650	-0.088364
77700	-0.173173
77750	0.103791
77800	0.059332
77850	0.070941
77900	0.191671
77950	0.126967
78000	-0.048795
78050	0.104642
78100	0.059966
78150	0.043674
78200	0.101477
78250	0.058951
78300	-0.115496
78350	-0.173150
78400	0.206350
78450	-0.117142
78500	0.076598
78550	0.051356
78600	-0.113268
78650	-0.023328
78700	0.087689
78750	-0.103295
78800	0.134143
78850	0.041888
78900	-0.083771
78950	-0.107028
79000	-0.274713
79050	0.058747
79100	0.092649
79150	-0.119560
79200	-0.110028
79250	0.033628
79300	0.020745
79350	0.064482
79400	-0.252799
79450	-0.074758
79500	0.070652
79550	0.150201
79600	-0.009040
79650	-0.082715
79700	-0.025438
79750	-0.056183
79800	0.025330
79850	-0.013443
79900	-0.133888
79950	0.043795
80000	0.015021
80050	0.119602
80100	-0.060024
80150	0.256266
80200	-0.003445
80250	0.025228
80300	-0.030176
80350	-0.050813
80400	-0.078018
80450	0.089824
80500	0.086693
80550	0.060129
80600	-0.070991
80650	0.050068
80700	-0.024235
80750	0.138688
80800	0.073052
80850	0.096850
80900	0.011940
80950	0.019064
81000	-0.099737
81050	-0.011891
81100	-0.186108
81150	-0.120197
81200	-0.063600
81250	-0.115160
81300	0.047552
81350	-0.103221
81400	0.015650
81450	-0.214980
81500	0.009327
81550	-0.054976
81600	0.141447
81650	-0.250085
81700	-0.146772
81750	-0.067287
81800	0.196776
81850	-0.032680
81900	-0.036367
81950	0.263407
82000	-0.062901
82050	0.124395
82100	0.087171
82150	-0.024864
82200	0.045625
82250	-0.065290
82300	0.143807
82350	-0.182416
82400	-0.107954
82450	-0.031402
82500	0.103323
82550	0.227585
82600	0.008912
82650	-0.053839
82700	0.165782
82750	-0.066338
82800	0.081201
82850	0.163393
82900	0.048191
82950	-0.049137
83000	-0.032580
83050	0.078656
83100	0.126013
83150	-0.068624
83200	0.091170
83250	0.023963
83300	-0.027467
83350	0.051854
83400	-0.081474
83450	0.032324
83500	0.094258
83550	-0.054599
83600	0.125161
83650	-0.087055
83700	-0.084712
83750	0.094854
83800	-0.016325
83850	-0.026329
83900	-0.094409
83950	0.159840
84000	-0.049401
84050	0.018465
84100	0.030413
84150	0.053055
84200	-0.022866
84250	-0.046552
84300	-0.034876
84350	-0.136990
84400	-0.311422
84450	-0.223299
84500	0.015667
84550	0.080622
84600	0.042906
84650	-0.053460
84700	0.082125
84750	0.018107
84800	0.134362
84850	0.077381
84900	0.153186
84950	-0.082464
85000	0.025681
85050	0.290145
85100	-0.096721
85150	0.211492
85200	0.183388
85250	0.008377
85300	0.107552
85350	0.056068
85400	0.072745
85450	0.026745
85500	0.062255
85550	0.011643
85600	-0.068415
85650	0.100553
85700	-0.001593
85750	0.060581
85800	0.143777
85850	-0.016010
85900	0.116427
85950	-0.028159
86000	0.040328
86050	-0.025713
86100	-0.106149
86150	0.119566
86200	0.095514
86250	0.314749
86300	-0.058994
86350	0.052031
86400	-0.130126
86450	0.300710
86500	0.010617
86550	0.017241
86600	-0.083807
86650	-0.139462
86700	-0.014803
86750	0.128305
86800	0.075492
86850	0.082091
86900	-0.080427
86950	0.061939
87000	0.032314
87050	0.058440
87100	-0.064149
87150	0.013724
87200	-0.185596
87250	-0.001273
87300	0.001115
87350	-0.078086
87400	-0.048254
87450	-0.007545
87500	-0.019107
87550	-0.114836
87600	-0.122896
87650	0.162936
87700	-0.104623
87750	0.178207
87800	0.002846
87850	0.051119
87900	0.106789
87950	-0.009890
88000	-0.174206
88050	0.020557
88100	-0.121062
88150	0.071931
88200	0.011923
88250	-0.026929
88300	0.035958
88350	0.008722
88400	-0.061949
88450	-0.098198
88500	0.223219
88550	-0.159675
88600	0.085215
88650	0.048612
88700	-0.037650
88750	-0.195486
88800	0.157654
88850	-0.192316
88900	0.026230
88950	-0.122421
89000	-0.132211
89050	0.090427
89100	0.061307
89150	-0.036566
89200	0.168727
89250	0.067569
89300	0.092447
89350	0.044880
89400	-0.002265
89450	0.031666
89500	-0.009583
89550	0.168824
89600	-0.100002
89650	0.044113
89700	-0.109057
89750	0.310523
89800	-0.041967
89850	-0.054423
89900	-0.156422
89950	0.079771
90000	0.141273
90050	0.038651
90100	0.006205
90150	-0.178225
90200	0.068932
90250	0.096530
90300	0.048733
90350	-0.230324
90400	-0.075709
90450	0.055493
90500	0.075366
90550	0.036112
90600	-0.145877
90650	-0.062404
90700	-0.017511
90750	-0.122324
90800	0.055107
90850	-0.026939
90900	-0.122259
90950	-0.029873
91000	0.069331
91050	0.006331
91100	-0.086381
91150	-0.078236
91200	-0.032341
91250	0.215480
91300	0.095258
91350	-0.084920
91400	0.069136
91450	0.058251
91500	0.072231
91550	-0.068115
91600	-0.077104
91650	-0.036943
91700	0.079071
91750	0.103545
91800	0.025273
91850	0.015586
91900	-0.045268
91950	0.131789
92000	0.012899
92050	0.042497
92100	-0.118594
92150	-0.199077
92200	0.143215
92250	0.164807
92300	-0.014530
92350	-0.284759
92400	-0.042435
92450	0.039092
92500	-0.044366
92550	0.132417
92600	0.121235
92650	0.008230
92700	0.159051
92750	-0.070919
92800	-0.065246
92850	-0.138178
92900	-0.120093
92950	0.138918
93000	-0.024023
93050	-0.100053
93100	-0.182898
93150	0.151958
93200	0.149912
93250	-0.027061
93300	-0.226309
93350	-0.037347
93400	-0.092349
93450	0.081936
93500	-0.088061
93550	0.069454
93600	-0.028829
93650	-0.271048
93700	-0.020248
93750	0.036677
93800	0.100971
93850	0.032988
93900	0.137518
93950	-0.039823
94000	0.019420
94050	-0.140017
94100	-0.081262
94150	0.085110
94200	0.163642
94250	-0.066741
94300	0.105431
94350	0.026504
94400	0.030817
94450	0.108341
94500	0.197745
94550	-0.125635
94600	0.127061
94650	0.092218
94700	0.098404
94750	0.048119
94800	0.077078
94850	-0.096276
94900	-0.119760
94950	0.089874
95000	-0.080008
95050	0.018050
95100	0.014801
95150	-0.015593
95200	0.126050
95250	-0.012605
95300	0.008279
95350	0.133509
95400	-0.031581
95450	-0.025765
95500	-0.229257
95550	-0.132599
95600	0.044563
95650	-0.002929
95700	-0.146116
95750	-0.035532
95800	-0.253574
95850	0.008245
95900	-0.093967
95950	-0.134413
96000	-0.212279
96050	-0.023364
96100	-0.148890
96150	-0.212946
96200	0.057653
96250	0.070930
96300	0.129919
96350	0.268244
96400	0.061211
96450	-0.151629
96500	0.112193
96550	-0.076941
96600	-0.115102
96650	0.088064
96700	0.087995
96750	-0.042707
96800	-0.006814
96850	0.075900
96900	-0.056777
96950	-0.082131
97000	-0.025393
97050	-0.062671
97100	-0.082166
97150	-0.091564
97200	-0.072865
97250	0.134140
97300	0.030837
97350	0.005828
97400	0.132588
97450	-0.144990
97500	-0.169382
97550	0.026219
97600	0.385297
97650	0.161209
97700	-0.039519
97750	0.310340
97800	-0.116586
97850	-0.038082
97900	-0.041876
97950	0.009184
98000	0.114337
98050	0.101426
98100	-0.152184
98150	0.118055
98200	0.110763
98250	-0.089062
98300	-0.100650
98350	-0.084725
98400	0.044211
98450	-0.011943
98500	-0.015454
98550	-0.011773
98600	0.056701
98650	-0.176072
98700	0.021588
98750	0.221334
98800	-0.025464
98850	-0.040313
98900	0.115537
98950	0.034062
99000	-0.065006
99050	0.110857
99100	-0.032355
99150	0.121582
99200	0.151937
99250	0.094163
99300	-0.222061
99350	0.065785
99400	-0.062370
99450	-0.005130
99500	-0.029507
99550	0.052780
99600	-0.144401
99650	0.061222
99700	0.013990
99750	0.022666
99800	-0.293221
99850	0.093533
99900	0.069520
99950	-0.051736
100000	-0.153582
100050	-0.086621
100100	-0.040043
100150	0.029575
100200	0.036652
100250	0.084025
100300	-0.131137
100350	0.024700
100400	-0.056292
100450	-0.080114
100500	-0.038245
100550	0.005031
100600	-0.000334
100650	-0.071324
100700	0.139365
100750	-0.056569
100800	0.069039
100850	0.038338
100900	0.097465
100950	-0.203995
101000	0.028737
101050	-0.076977
101100	-0.024625
101150	-0.111377
101200	-0.028762
101250	0.031798
101300	0.159276
101350	-0.023906
101400	-0.077490
101450	-0.043051
101500	0.037464
101550	-0.218585
101600	-0.066085
101650	-0.152551
101700	-0.037130
101750	0.047253
101800	-0.012025
101850	0.064882
101900	-0.189231
101950	-0.119506
102000	0.153314
102050	-0.061672
102100	-0.143865
102150	-0.076847
102200	-0.048272
102250	0.151250
102300	0.133398
102350	0.293638
102400	0.082670
102450	-0.105136
102500	-0.046077
102550	0.104989
102600	0.086767
102650	0.289101
102700	-0.179831
102750	-0.082207
102800	-0.008475
102850	-0.116410
102900	-0.203801
102950	0.071706
103000	0.012778
103050	0.110279
103100	0.025477
103150	0.047383
103200	0.116682
103250	0.017092
103300	0.012048
103350	0.032854
103400	0.002084
103450	-0.012882
103500	0.108669
103550	-0.195857
103600	-0.140396
103650	-0.078256
103700	-0.093362
103750	-0.272743
103800	0.261094
103850	-0.040789
103900	-0.007885
103950	-0.151650
104000	0.103128
104050	0.052398
104100	0.017880
104150	-0.140359
104200	0.185590
104250	0.114267
104300	0.046007
104350	-0.218159
104400	0.266385
104450	0.090109
104500	0.233920
104550	0.046723
104600	-0.049468
104650	-0.151257
104700	0.105838
104750	0.177286
104800	-0.022631
104850	0.045869
104900	0.143014
104950	0.040798
105000	0.189980
105050	0.037363
105100	0.054716
105150	0.088316
105200	-0.026503
105250	-0.083816
105300	-0.232079
105350	0.213499
105400	0.040469
105450	0.028563
105500	0.074848
105550	0.032545
105600	0.042549
105650	0.033604
105700	-0.135329
105750	0.193061
105800	0.064729
105850	0.009246
105900	-0.075737
105950	-0.042562
106000	-0.059705
106050	0.008672
106100	0.007614
106150	0.093320
106200	0.052676
106250	-0.103824
106300	-0.054952
106350	-0.022211
106400	-0.059990
106450	0.136535
106500	0.071662
106550	-0.097036
106600	0.123796
106650	-0.169938
106700	-0.039877
106750	0.163893
106800	-0.048637
106850	-0.010078
106900	-0.081755
106950	-0.028497
107000	-0.064530
107050	-0.062556
107100	-0.171696
107150	0.018850
107200	0.238734
107250	0.089460
107300	0.009807
107350	0.001529
107400	-0.070601
107450	-0.218034
107500	-0.082397
107550	-0.061385
107600	-0.069257
107650	-0.165370
107700	0.028683
107750	-0.028624
107800	-0.087604
107850	-0.185539
107900	-0.082551
107950	0.068980
108000	-0.099055
108050	0.041997
108100	0.009262
108150	0.024567
108200	0.037033
108250	0.206595
108300	0.035193
108350	0.099414
108400	-0.097080
108450	0.172592
108500	-0.007272
108550	0.066279
108600	-0.151847
108650	-0.040260
108700	-0.018122
108750	0.249361
108800	0.075697
108850	-0.049271
108900	0.037172
108950	0.097190
109000	-0.036060
109050	0.030705
109100	-0.114083
109150	0.076936
109200	0.095830
109250	-0.008141
109300	-0.012599
109350	0.041700
109400	-0.113350
109450	0.195794
109500	0.154162
109550	-0.115647
109600	0.010277
109650	0.006551
109700	0.072930
109750	-0.135678
109800	-0.013309
109850	0.021751
109900	-0.079965
109950	-0.015391
110000	-0.091644
110050	0.037729
110100	-0.113431
110150	0.040389
110200	0.172196
110250	-0.053469
110300	0.106072
110350	-0.123170
110400	-0.077313
110450	-0.033099
110500	-0.079988
110550	-0.050464
110600	0.178498
110650	0.023128
110700	0.189258
110750	0.206935
110800	-0.119709
110850	0.022060
110900	-0.118515
110950	0.062928
111000	-0.017582
111050	-0.018473
111100	0.002057
111150	0.204456
111200	0.150469
111250	-0.027024
111300	0.107432
111350	-0.007964
111400	0.088802
111450	0.060914
111500	0.080219
111550	-0.092970
111600	0.029732
111650	0.139334
111700	-0.132323
111750	-0.164903
111800	0.048720
111850	-0.098370
111900	0.361844
111950	0.062062
112000	0.218791
112050	0.081014
112100	-0.125103
112150	0.256690
112200	0.162589
112250	0.177611
112300	0.167032
112350	0.058020
112400	-0.232956
112450	0.292744
112500	-0.050419
112550	-0.101913
112600	-0.059593
112650	0.120222
112700	0.184907
112750	0.039516
112800	-0.092903
112850	0.036217
112900	-0.070032
112950	0.041866
113000	0.038189
113050	0.095807
113100	0.116954
113150	-0.086170
113200	-0.040380
113250	-0.107054
113300	0.000973
113350	-0.086975
113400	-0.001971
113450	-0.007253
113500	0.137796
113550	-0.174601
113600	-0.028346
113650	0.056651
113700	-0.067256
113750	0.028633
113800	-0.085629
113850	0.023665
113900	0.201657
113950	-0.016740
114000	-0.040696
114050	0.079624
114100	-0.077049
114150	-0.018005
114200	0.082237
114250	-0.022109
114300	0.055867
114350	-0.143960
114400	0.151415
114450	-0.133248
114500	0.009536
114550	0.051942
114600	-0.045584
114650	0.065450
114700	0.183592
114750	0.248127
114800	0.105728
114850	0.004026
114900	-0.010431
114950	0.154251
115000	-0.136767
115050	0.073080
115100	0.057715
115150	0.072738
115200	0.112920
115250	0.032589
115300	-0.058110
115350	0.040649
115400	0.090737
115450	0.076797
115500	0.116022
115550	0.029120
115600	0.199810
115650	0.005547
115700	0.001688
115750	0.109828
115800	-0.028875
115850	-0.025839
115900	0.074489
115950	0.003752
116000	-0.092981
116050	-0.154882
116100	0.154006
116150	-0.061278
116200	0.018755
116250	0.024996
116300	0.193395
116350	0.190259
116400	-0.008846
116450	-0.101926
116500	0.057980
116550	-0.112594
116600	-0.103047
116650	-0.058213
116700	-0.056095
116750	0.032888
116800	0.002780
116850	-0.015427
116900	-0.100264
116950	-0.119267
117000	-0.016491
117050	-0.056439
117100	0.109057
117150	0.146548
117200	0.147803
117250	-0.009526
117300	0.013385
117350	0.012270
117400	-0.000623
117450	-0.105874
117500	0.227483
117550	0.101206
117600	-0.141893
117650	0.092111
117700	0.202015
117750	-0.063544
117800	-0.004965
117850	0.035723
117900	-0.081262
117950	0.221320
118000	0.006868
118050	0.221684
118100	0.048496
118150	0.060748
118200	0.000243
118250	-0.114326
118300	-0.175081
118350	-0.099482
118400	-0.010172
118450	-0.046579
118500	0.350880
118550	-0.126157
118600	0.071400
118650	0.054357
118700	0.060642
118750	-0.073591
118800	-0.035158
118850	0.047179
118900	0.097344
118950	-0.220627
119000	-0.105961
119050	0.013701
119100	-0.151909
119150	-0.010800
119200	-0.020106
119250	-0.029396
119300	0.082329
119350	0.184838
119400	-0.008965
119450	-0.032236
119500	0.067198
119550	0.046135
119600	0.128671
119650	-0.006906
119700	-0.238953
119750	-0.051743
119800	0.002702
119850	-0.023512
119900	0.196606
119950	0.043832
120000	-0.062805
120050	0.113243
120100	0.094490
120150	0.048284
120200	0.144599
120250	0.028309
120300	0.254703
120350	0.099630
120400	0.210184
120450	0.108559
120500	0.249021
120550	0.014018
120600	-0.041102
120650	-0.122568
120700	0.173199
120750	0.048242
120800	0.109030
120850	0.113513
120900	-0.038102
120950	0.097799
121000	0.100031
121050	0.006394
121100	0.025649
121150	-0.007695
121200	-0.047073
121250	-0.033178
121300	-0.083180
121350	0.000576
121400	0.156948
121450	0.067146
121500	-0.162136
121550	-0.050353
121600	-0.138897
121650	-0.064270
121700	0.151362
121750	0.155878
121800	0.197608
121850	0.019453
121900	0.235154
121950	0.293562
122000	0.025954
122050	0.029061
122100	0.098251
122150	-0.008401
122200	0.101971
122250	0.048051
122300	-0.013949
122350	0.174086
122400	0.065169
122450	-0.015621
122500	0.005106
122550	0.154743
122600	0.001858
122650	0.025809
122700	0.119371
122750	-0.014519
122800	-0.059407
122850	-0.028840
122900	0.222855
122950	-0.128939
123000	0.128019
123050	-0.002470
123100	-0.024441
123150	0.078545
123200	0.022649
123250	0.081868
123300	0.269191
123350	-0.083891
123400	0.102754
123450	0.208579
123500	0.159917
123550	0.141303
123600	0.077545
123650	0.023744
123700	0.018498
123750	0.099147
123800	-0.070839
123850	-0.033972
123900	0.127179
123950	0.042701
124000	0.039290
124050	0.175492
124100	0.038043
124150	-0.116140
124200	0.070508
124250	-0.064893
124300	0.018621
124350	-0.087871
124400	-0.111623
124450	0.082843
124500	0.114037
124550	-0.141238
124600	0.109986
124650	-0.052403
124700	-0.003391
124750	-0.011509
124800	-0.051471
124850	-0.041676
124900	0.000664
124950	-0.052910
125000	0.081199
125050	0.065716
125100	0.010359
125150	0.053134
125200	0.125504
125250	0.045859
125300	-0.084583
125350	0.257659
125400	-0.005889
125450	-0.057520
125500	0.108248
125550	-0.026192
125600	0.149607
125650	-0.023145
125700	0.095532
125750	0.132056
125800	0.027032
125850	0.114014
125900	0.022730
125950	-0.133909
126000	-0.042800
126050	-0.187767
126100	-0.002045
126150	-0.071476
126200	-0.060371
126250	0.150852
126300	0.271932
126350	-0.051137
126400	-0.050568
126450	0.117386
126500	0.211087
126550	-0.006445
126600	0.013481
126650	-0.014144
126700	0.104816
126750	-0.077924
126800	0.017006
126850	0.146138
126900	-0.080003
126950	0.079105
127000	0.005375
127050	0.242691
127100	0.036635
127150	0.125206
127200	-0.128794
127250	0.067732
127300	0.291067
127350	0.018691
127400	0.021071
127450	0.099989
127500	0.019527
127550	0.072769
127600	-0.091043
127650	-0.045253
127700	0.206307
127750	0.017800
127800	-0.114663
127850	-0.193966
127900	-0.084065
127950	0.012373
128000	-0.053384
128050	-0.031602
128100	0.104260
128150	0.003530
128200	-0.042261
128250	0.051572
128300	0.080762
128350	0.025634
128400	0.093821
128450	-0.004823
128500	0.015334
128550	0.098946
128600	0.147902
128650	0.132490
128700	0.149290
128750	0.177944
128800	0.181870
128850	-0.256800
128900	0.149730
128950	-0.090193
129000	0.023081
129050	0.199978
129100	0.110869
129150	-0.071361
129200	0.027684
129250	-0.096903
129300	-0.038529
129350	-0.107664
129400	-0.036565
129450	0.019850
129500	-0.030572
129550	-0.099580
129600	0.150224
129650	0.154341
129700	0.073135
129750	-0.073420
129800	0.046561
129850	0.019115
129900	0.112530
129950	-0.048149
130000	0.042250
130050	-0.095537
130100	0.058247
130150	0.035927
130200	-0.002195
130250	0.096565
130300	0.169097
130350	-0.012019
130400	-0.019279
130450	-0.051472
130500	-0.158807
130550	-0.075659
130600	0.040841
130650	0.151878
130700	0.246540
130750	0.077088
130800	0.161699
130850	-0.195765
130900	-0.028099
130950	0.206750
131000	0.020738
131050	0.028340
131100	-0.271022
131150	-0.102070
131200	-0.006779
131250	0.005709
131300	0.059639
131350	0.263385
131400	-0.040195
131450	0.146491
131500	-0.018332
131550	-0.070643
131600	0.032429
131650	-0.031015
131700	-0.023655
131750	0.090530
131800	-0.054219
131850	0.104142
131900	-0.185410
131950	0.011510
132000	-0.024033
132050	-0.014018
132100	-0.037155
132150	-0.062350
132200	-0.035399
132250	0.054242
132300	0.232040
132350	0.102149
132400	-0.037700
132450	0.164973
132500	0.098808
132550	-0.071376
132600	0.016818
132650	0.144679
132700	-0.079693
132750	-0.007959
132800	-0.059505
132850	-0.113035
132900	-0.081116
132950	0.041866
133000	0.101394
133050	0.100353
133100	-0.175248
133150	-0.010390
133200	-0.003621
133250	-0.035120
133300	-0.094539
133350	-0.001735
133400	0.055819
133450	0.258385
133500	0.063945
133550	0.026715
133600	0.199898
133650	-0.141688
133700	0.044149
133750	0.057813
133800	0.008286
133850	0.060674
133900	-0.178096
133950	0.095715
134000	-0.169713
134050	0.026090
134100	0.111101
134150	0.126033
134200	0.152679
134250	-0.065815
134300	-0.000971
134350	-0.045630
134400	0.160113
134450	0.083376
134500	-0.010136
134550	-0.087370
134600	0.113836
134650	0.041181
134700	0.053699
134750	-0.004700
134800	0.041357
134850	-0.068782
134900	-0.035124
134950	0.191090
135000	-0.032006
135050	0.008664
135100	-0.081798
135150	0.119957
135200	0.089277
135250	0.216989
135300	0.073028
135350	0.146038
135400	0.177729
135450	0.076005
135500	0.012167
135550	0.286281
135600	0.147233
135650	0.066563
135700	0.309069
135750	0.027012
135800	-0.065053
135850	-0.004033
135900	0.042581
135950	0.124560
136000	-0.079141
136050	0.008487
136100	-0.006650
136150	-0.095853
136200	0.032480
136250	0.021446
136300	0.154692
136350	0.201444
136400	-0.024501
136450	0.313866
136500	0.036063
136550	0.166428
136600	0.183648
136650	-0.003680
136700	-0.039326
136750	-0.048695
136800	0.030877
136850	0.156540
136900	0.002497
136950	-0.025744
137000	0.169882
137050	-0.061075
137100	-0.096984
137150	-0.006521
137200	0.013923
137250	0.062316
137300	0.153524
137350	-0.023914
137400	0.049200
137450	0.139043
137500	-0.260871
137550	0.002829
137600	-0.062837
137650	0.079432
137700	0.069818
137750	0.239813
137800	-0.249448
137850	0.054652
137900	0.036843
137950	0.199395
138000	0.162969
138050	0.073310
138100	0.013863
138150	0.048714
138200	-0.157100
138250	-0.066668
138300	0.083346
138350	-0.002031
138400	0.041347
138450	-0.018733
138500	0.038941
138550	0.029652
138600	-0.006181
138650	0.080446
138700	0.133063
138750	-0.042455
138800	-0.013890
138850	0.063162
138900	0.051021
138950	-0.008453
139000	-0.031468
139050	0.106409
139100	0.137280
139150	-0.054808
139200	0.118830
139250	-0.108925
139300	0.055255
139350	0.020709
139400	-0.136370
139450	-0.029679
139500	0.003898
139550	0.050928
139600	-0.212889
139650	0.119636
139700	-0.087194
139750	0.019681
139800	-0.042731
139850	0.009304
139900	0.052056
139950	0.028209
140000	-0.012679
140050	0.192331
140100	-0.156723
140150	-0.124894
140200	-0.107399
140250	0.073376
140300	-0.128134
140350	0.037575
140400	0.146344
140450	0.016052
140500	0.093086
140550	0.111689
140600	-0.032654
140650	-0.246842
140700	0.151181
140750	-0.047382
140800	-0.014098
140850	0.226909
140900	0.202747
140950	0.150107
141000	0.223676
141050	0.091807
141100	0.051492
141150	0.119550
141200	0.045533
141250	-0.106689
141300	0.160503
141350	0.037625
141400	0.023181
141450	-0.175344
141500	0.167426
141550	0.019883
141600	0.023292
141650	-0.198730
141700	-0.062195
141750	0.205348
141800	0.073405
141850	-0.140081
141900	0.153121
141950	-0.043957
142000	-0.003832
142050	-0.102396
142100	0.009762
142150	-0.169398
142200	0.252087
142250	0.066652
142300	0.020039
142350	-0.045284
142400	-0.006093
142450	0.000983
142500	0.281010
142550	0.076047
142600	0.011304
142650	0.030194
142700	0.042903
142750	-0.105093
142800	0.032227
142850	-0.239341
142900	-0.146995
142950	-0.021066
143000	-0.044915
143050	0.150762
143100	-0.009060
143150	-0.150487
143200	0.209119
143250	0.195906
143300	-0.014502
143350	0.150602
143400	0.103045
143450	-0.105970
143500	-0.030814
143550	-0.124962
143600	-0.043647
143650	0.101983
143700	-0.080845
143750	0.017247
143800	-0.087852
143850	-0.053449
143900	-0.031649
143950	-0.049554
144000	0.045823
144050	0.007490
144100	0.064489
144150	0.025337
144200	-0.059056
144250	-0.091223
144300	-0.161507
144350	-0.024167
144400	0.018674
144450	-0.002061
144500	-0.221569
144550	-0.110036
144600	-0.159080
144650	0.082515
144700	0.176155
144750	0.064164
144800	0.114821
144850	0.176808
144900	0.121732
144950	0.054702
145000	0.045031
145050	0.072064
145100	0.019239
145150	0.037462
145200	0.002917
145250	0.029327
145300	-0.069939
145350	-0.068782
145400	0.027489
145450	0.159068
145500	0.127503
145550	0.118625
145600	0.333398
145650	0.167913
145700	-0.035898
145750	-0.016269
145800	0.030681
145850	0.019557
145900	0.081591
145950	0.258591
146000	-0.028984
146050	-0.206978
146100	-0.088161
146150	-0.080278
146200	0.004151
146250	0.106750
146300	-0.091575
146350	-0.056377
146400	-0.047314
146450	-0.087730
146500	0.099900
146550	0.077375
146600	0.230774
146650	0.047479
146700	-0.000876
146750	0.089990
146800	-0.112666
146850	0.118394
146900	0.031743
146950	0.052695
147000	-0.036258
147050	-0.023154
147100	-0.028355
147150	-0.029499
147200	-0.033291
147250	0.021111
147300	-0.081965
147350	0.051446
147400	0.017220
147450	0.099555
147500	0.144270
147550	0.230037
147600	-0.025732
147650	0.134988
147700	0.178635
147750	-0.068661
147800	-0.023023
147850	0.172418
147900	0.061719
147950	-0.074031
148000	-0.039498
148050	-0.044696
148100	0.023216
148150	0.035237
148200	0.047412
148250	-0.109596
148300	0.194664
148350	0.233736
148400	-0.091326
148450	0.090318
148500	0.028319
148550	-0.096077
148600	0.067607
148650	-0.105814
148700	-0.014293
148750	-0.038495
148800	-0.020870
148850	0.157313
148900	0.023830
148950	0.060900
149000	0.118533
149050	-0.021172
149100	0.078532
149150	0.258805
149200	-0.004484
149250	-0.016787
149300	-0.011020
149350	0.024347
149400	-0.036360
149450	-0.069026
149500	0.018727
149550	-0.057324
149600	-0.019953
149650	0.180928
149700	-0.023438
149750	0.033690
149800	-0.033123
149850	-0.135206
149900	-0.155830
149950	0.227205
150000	0.224284
150050	0.038220
150100	-0.016004
150150	-0.041192
150200	0.008524
150250	0.209315
150300	0.038795
150350	0.106869
150400	0.024320
150450	0.039553
150500	0.055743
150550	0.225149
150600	0.042300
150650	0.098829
150700	-0.140324
150750	0.141799
150800	-0.041851
150850	0.099541
150900	0.257765
150950	0.228769
151000	0.059402
151050	-0.263001
151100	-0.073196
151150	-0.124134
151200	-0.060515
151250	-0.046653
151300	0.245224
151350	-0.017160
151400	0.184613
151450	-0.002944
151500	0.067085
151550	0.062017
151600	-0.191695
151650	-0.095516
151700	0.068753
151750	0.182270
151800	-0.073127
151850	-0.105382
151900	-0.092564
151950	0.066168
152000	-0.025371
152050	0.124659
152100	-0.096417
152150	-0.225560
152200	0.039025
152250	-0.009280
152300	0.011053
152350	-0.006932
152400	0.069836
152450	0.055114
152500	0.153812
152550	-0.164675
152600	-0.135441
152650	-0.131638
152700	0.029248
152750	0.065526
152800	0.081195
152850	0.214310
152900	0.110553
152950	0.098019
153000	0.179611
153050	-0.029178
153100	0.163374
153150	-0.000402
153200	0.011904
153250	0.015944
153300	-0.150586
153350	0.035724
153400	-0.146914
153450	-0.128290
153500	-0.164257
153550	-0.053668
153600	-0.189174
153650	-0.046585
153700	0.189977
153750	0.043080
153800	0.133282
153850	-0.044013
153900	-0.063164
153950	-0.168872
154000	0.016825
154050	-0.010566
154100	0.199343
154150	-0.115592
154200	-0.011875
154250	-0.072557
154300	-0.224661
154350	0.094945
154400	-0.006340
154450	-0.304701
154500	-0.050925
154550	0.085348
154600	0.149301
154650	0.135908
154700	0.181689
154750	0.045258
154800	0.061738
154850	-0.016516
154900	-0.036708
154950	0.037451
155000	0.132706
155050	0.009098
155100	0.194225
155150	-0.169296
155200	-0.035806
155250	0.098130
155300	-0.339912
155350	0.117906
155400	0.030339
155450	-0.031606
155500	0.124912
155550	0.096586
155600	-0.028145
155650	-0.001376
155700	-0.044020
155750	0.047823
155800	-0.129044
155850	0.041855
155900	-0.227641
155950	-0.097242
156000	-0.030353
156050	0.164041
156100	0.179525
156150	0.061851
156200	0.021609
156250	0.010599
156300	-0.135511
156350	-0.009984
156400	-0.241821
156450	-0.284358
156500	-0.047588
156550	-0.028807
156600	-0.029496
156650	-0.031730
156700	0.099646
156750	0.162990
156800	0.002907
156850	0.048444
156900	-0.067895
156950	0.117621
157000	0.115292
157050	-0.091135
157100	-0.054471
157150	-0.199231
157200	-0.155887
157250	0.224569
157300	0.139050
157350	0.062820
157400	0.004048
157450	-0.034048
157500	0.052824
157550	-0.046537
157600	-0.127358
157650	0.228112
157700	-0.174265
157750	-0.017505
157800	0.049562
157850	0.028416
157900	-0.191239
157950	0.088557
158000	0.085633
158050	0.045245
158100	0.009859
158150	-0.098796
158200	0.183827
158250	-0.132118
158300	0.036152
158350	-0.051469
158400	-0.027150
158450	-0.166035
158500	0.015486
158550	-0.135922
158600	-0.095245
158650	0.069073
158700	0.030100
158750	0.041339
158800	-0.232314
158850	-0.008360
158900	0.015393
158950	-0.118368
159000	-0.083734
159050	0.026254
159100	-0.077965
159150	-0.036114
159200	-0.238344
159250	0.051626
159300	0.272657
159350	0.003323
159400	0.042415
159450	-0.094146
159500	-0.083941
159550	-0.021487
159600	-0.188547
159650	-0.159975
159700	-0.311596
159750	-0.012263
159800	0.033947
159850	-0.084548
159900	0.110585
159950	0.020158
160000	0.070815
160050	0.015219
160100	-0.197278
160150	0.046382
160200	0.116601
160250	-0.037916
160300	-0.040866
160350	-0.138864
160400	0.008087
160450	0.025216
160500	0.093070
160550	0.071771
160600	0.101193
160650	0.061373
160700	-0.034837
160750	0.018933
160800	0.071594
160850	0.004823
160900	0.023359
160950	-0.034432
161000	-0.057967
161050	0.086475
161100	0.023554
161150	-0.119790
161200	-0.048172
161250	-0.080790
161300	-0.016126
161350	0.038680
161400	0.042700
161450	0.193651
161500	-0.235803
161550	-0.100315
161600	-0.030481
161650	0.016972
161700	0.127299
161750	0.114447
161800	-0.052491
161850	-0.105682
161900	-0.133242
161950	-0.052643
162000	-0.160330
162050	0.022421
162100	-0.183615
162150	0.076742
162200	-0.007936
162250	0.223507
162300	0.041919
162350	0.015781
162400	-0.040711
162450	0.055766
162500	-0.107752
162550	0.027996
162600	-0.113304
162650	0.045473
162700	-0.044737
162750	0.213300
162800	-0.022101
162850	0.036030
162900	0.238335
162950	0.018096
163000	-0.082453
163050	0.010049
163100	-0.092041
163150	0.078616
163200	-0.011635
163250	-0.055684
163300	0.182158
163350	0.037850
163400	-0.038629
163450	0.059630
163500	-0.083134
163550	0.037391
163600	0.109626
163650	-0.159562
163700	0.092802
163750	-0.104713
163800	-0.041421
163850	0.060094
163900	-0.180018
163950	0.257677
164000	0.207800
164050	-0.123938
164100	0.185338
164150	-0.041318
164200	0.077690
164250	-0.157670
164300	0.057642
164350	0.020048
164400	0.010892
164450	0.079202
164500	0.024306
164550	-0.176751
164600	-0.045232
164650	-0.182363
164700	0.024456
164750	0.049281
164800	-0.146170
164850	-0.075148
164900	-0.010050
164950	-0.264561
165000	-0.046457
165050	0.007164
165100	-0.130959
165150	0.059316
165200	-0.098256
165250	-0.019929
165300	-0.130312
165350	0.067792
165400	0.150349
165450	0.189820
165500	0.142181
165550	0.133147
165600	-0.116145
165650	0.052697
165700	-0.040380
165750	0.049272
165800	0.055197
165850	-0.029462
165900	0.055075
165950	0.116991
166000	0.198480
166050	0.131179
166100	0.075334
166150	-0.056573
166200	-0.129781
166250	0.007050
166300	-0.055837
166350	0.057333
166400	0.107000
166450	0.000286
166500	-0.055348
166550	-0.041314
166600	0.041458
166650	-0.019943
166700	0.062214
166750	0.050121
166800	-0.036309
166850	0.113816
166900	0.091523
166950	0.035153
167000	0.122024
167050	-0.014712
167100	0.202131
167150	-0.042318
167200	0.056593
167250	0.062352
167300	-0.088601
167350	-0.081419
167400	0.236866
167450	-0.114293
167500	-0.148434
167550	0.227461
167600	-0.155635
167650	-0.224936
167700	-0.057722
167750	0.143157
167800	0.051490
167850	0.065859
167900	0.039146
167950	0.040262
168000	-0.100301
168050	-0.053375
168100	0.029266
168150	-0.137240
168200	-0.012379
168250	0.161759
168300	-0.080101
168350	0.118823
168400	0.078980
168450	0.040080
168500	0.126283
168550	0.192044
168600	-0.089693
168650	0.108328
168700	0.054072
168750	0.060233
168800	-0.020736
168850	-0.117436
168900	0.069876
168950	0.046202
169000	0.072063
169050	-0.013284
169100	-0.158663
169150	-0.147538
169200	-0.043083
169250	0.119723
169300	0.123850
169350	-0.069079
169400	-0.170787
169450	0.038562
169500	-0.123675
169550	-0.128257
169600	-0.336123
169650	-0.186186
169700	-0.043068
169750	-0.007142
169800	-0.161149
169850	-0.049821
169900	0.158618
169950	0.068029
170000	-0.129480
170050	-0.029912
170100	-0.150893
170150	0.041059
170200	0.124885
170250	0.080402
170300	0.085181
170350	0.076365
170400	0.145862
170450	-0.033179
170500	-0.141688
170550	0.011753
170600	0.112822
170650	0.103034
170700	0.242516
170750	0.169959
170800	0.197861
170850	-0.007309
170900	-0.062989
170950	-0.029992
171000	-0.051234
171050	-0.078750
171100	-0.034194
171150	-0.023338
171200	-0.088049
171250	0.136155
171300	-0.196974
171350	0.084719
171400	0.186435
171450	-0.076828
171500	0.110222
171550	-0.177447
171600	-0.083519
171650	0.046910
171700	-0.078691
171750	0.099231
171800	0.133751
171850	0.056790
171900	0.083701
171950	-0.197490
172000	0.024608
172050	-0.007882
172100	0.058949
172150	-0.115866
172200	-0.041400
172250	0.138553
172300	0.162957
172350	-0.084522
172400	-0.008895
172450	-0.030296
172500	0.002415
172550	-0.078004
172600	0.097028
172650	-0.061231
172700	0.089665
172750	0.182333
172800	0.010534
172850	0.242386
172900	-0.039088
172950	0.074431
173000	0.068916
173050	0.049409
173100	0.178550
173150	0.032652
173200	-0.243223
173250	0.068368
173300	-0.007551
173350	0.086274
173400	0.200048
173450	-0.151312
173500	-0.168264
173550	-0.001202
173600	0.009793
173650	0.009695
173700	0.207986
173750	-0.216576
173800	-0.128724
173850	0.048222
173900	0.118434
173950	-0.163664
174000	-0.120226
174050	-0.106480
174100	-0.054837
174150	-0.139575
174200	-0.186224
174250	-0.045302
174300	0.039711
174350	-0.040603
174400	-0.037350
174450	-0.169310
174500	0.115846
174550	0.070135
174600	-0.022718
174650	-0.050934
174700	0.077263
174750	0.124206
174800	0.083918
174850	-0.086071
174900	0.094752
174950	-0.113224
175000	-0.305127
175050	0.012327
175100	0.052274
175150	-0.050287
175200	0.004251
175250	0.028125
175300	0.008482
175350	-0.065693
175400	0.150784
175450	0.089242
175500	0.050157
175550	0.085853
175600	-0.011844
175650	-0.018723
175700	-0.059018
175750	0.138781
175800	0.028188
175850	-0.170885
175900	-0.168432
175950	-0.011427
176000	0.093148
176050	-0.139336
176100	-0.109190
176150	0.188683
176200	0.268611
176250	-0.004014
176300	0.021970
176350	-0.214498
176400	0.111639
176450	0.173226
176500	0.107625
176550	0.114115
176600	-0.061705
176650	0.002318
176700	-0.051416
176750	-0.060585
176800	-0.144441
176850	-0.120056
176900	-0.022229
176950	0.021612
177000	0.229635
177050	-0.017233
177100	0.033521
177150	-0.137642
177200	-0.009205
177250	-0.009065
177300	-0.168587
177350	-0.078515
177400	-0.071116
177450	0.110512
177500	0.009409
177550	0.027783
177600	0.074289
177650	0.043407
177700	-0.050424
177750	-0.093377
177800	0.032576
177850	-0.022406
177900	0.168761
177950	0.086509
178000	-0.132782
178050	-0.036727
178100	0.069150
178150	0.174209
178200	0.049994
178250	-0.018095
178300	-0.034655
178350	0.070429
178400	0.169799
178450	0.037644
178500	-0.158735
178550	0.040359
178600	-0.075059
178650	0.037477
178700	-0.035812
178750	-0.003635
178800	-0.034772
178850	-0.107243
178900	0.071949
178950	-0.012376
179000	0.109113
179050	-0.053450
179100	-0.023632
179150	-0.331019
179200	0.122968
179250	-0.044508
179300	-0.045029
179350	-0.006888
179400	0.055787
179450	0.174327
179500	-0.054952
179550	-0.141782
179600	0.078091
179650	0.171222
179700	-0.230653
179750	-0.156367
179800	0.019347
179850	0.001492
179900	0.146546
179950	0.031442
180000	-0.146077
180050	-0.074731
180100	0.220420
180150	-0.001689
180200	0.110833
180250	-0.035252
180300	0.047619
180350	-0.071428
180400	0.199556
180450	0.241730
180500	-0.118893
180550	-0.211778
180600	-0.082435
180650	0.048545
180700	0.249248
180750	-0.024194
180800	-0.055688
180850	0.162676
180900	-0.008327
180950	-0.161610
181000	-0.166185
181050	-0.086830
181100	-0.103313
181150	0.001361
181200	-0.076303
181250	-0.196376
181300	-0.000410
181350	0.008870
181400	-0.049543
181450	-0.169558
181500	-0.047323
181550	0.028562
181600	-0.040710
181650	-0.077381
181700	-0.074878
181750	0.007976
181800	-0.108529
181850	-0.081045
181900	0.104906
181950	0.079122
182000	-0.041341
182050	0.043299
182100	-0.136279
182150	-0.156744
182200	-0.006300
182250	-0.141687
182300	-0.023305
182350	-0.005103
182400	-0.187782
182450	-0.183297
182500	-0.108814
182550	-0.253881
182600	0.067162
182650	0.162409
182700	-0.113403
182750	0.157964
182800	0.083100
182850	0.063656
182900	0.099338
182950	-0.026673
183000	-0.016477
183050	-0.097798
183100	-0.081551
183150	-0.059090
183200	-0.114482
183250	-0.149436
183300	-0.005117
183350	0.017836
183400	-0.014778
183450	-0.238338
183500	0.001823
183550	-0.009543
183600	-0.050622
183650	-0.020612
183700	-0.113342
183750	-0.009243
183800	0.190395
183850	0.016858
183900	-0.012172
183950	-0.156949
184000	0.029883
184050	-0.235914
184100	0.067573
184150	0.071032
184200	0.087449
184250	0.226744
184300	0.114160
184350	0.221412
184400	0.112317
184450	0.052036
184500	-0.011553
184550	-0.051852
184600	-0.068904
184650	-0.033884
184700	0.195182
184750	-0.024251
184800	0.000173
184850	-0.095601
184900	0.109396
184950	0.037814
185000	-0.016236
185050	0.048934
185100	0.052360
185150	0.142844
185200	-0.006648
185250	-0.187053
185300	0.051853
185350	-0.130208
185400	-0.108224
185450	-0.094015
185500	0.038902
185550	-0.032294
185600	0.166514
185650	0.075696
185700	0.001303
185750	0.096975
185800	0.125654
185850	0.256398
185900	0.089361
185950	-0.042550
186000	0.031011
186050	0.009250
186100	-0.025899
186150	-0.053954
186200	-0.023436
186250	-0.021998
186300	0.078216
186350	0.060868
186400	-0.158126
186450	-0.054992
186500	-0.076063
186550	0.047382
186600	0.018654
186650	-0.137794
186700	-0.038660
186750	0.045871
186800	0.044260
186850	0.032460
186900	-0.060906
186950	-0.028854
187000	0.238719
187050	-0.009134
187100	0.048251
187150	0.024027
187200	0.032615
187250	-0.047374
187300	-0.036644
187350	0.001752
187400	0.045734
187450	-0.101040
187500	-0.010435
187550	-0.035406
187600	-0.127848
187650	0.017544
187700	-0.010439
187750	-0.005102
187800	-0.032328
187850	0.069888
187900	-0.159635
187950	0.078522
188000	-0.086117
188050	0.167329
188100	-0.073037
188150	-0.044912
188200	-0.059586
188250	-0.140252
188300	0.013283
188350	-0.110162
188400	-0.040893
188450	0.153627
188500	-0.092313
188550	0.004028
188600	0.190913
188650	0.090485
188700	0.032598
188750	0.233076
188800	-0.029826
188850	0.131998
188900	-0.044116
188950	-0.107070
189000	0.059511
189050	0.058732
189100	0.223011
189150	0.061234
189200	0.020764
189250	0.055255
189300	0.170190
189350	0.028979
189400	0.130360
189450	-0.160692
189500	0.109630
189550	-0.041281
189600	-0.204371
189650	0.032538
189700	0.131783
189750	0.094433
189800	0.107994
189850	-0.060131
189900	-0.008312
189950	0.027578
190000	-0.146493
190050	0.022543
190100	-0.050353
190150	0.100551
190200	0.017675
190250	-0.075112
190300	-0.100747
190350	-0.207816
190400	-0.044732
190450	-0.055213
190500	0.034624
190550	-0.248173
190600	-0.224982
190650	-0.126201
190700	-0.093041
190750	0.005607
190800	-0.020714
190850	0.105311
190900	0.023496
190950	0.079250
191000	0.146780
191050	0.047101
191100	-0.076071
191150	0.073645
191200	-0.139289
191250	-0.051565
191300	0.039073
191350	-0.046013
191400	-0.134428
191450	0.125300
191500	-0.042033
191550	0.015614
191600	0.060671
191650	-0.144559
191700	-0.042814
191750	0.050450
191800	0.080669
191850	0.032449
191900	-0.131999
191950	0.190129
192000	-0.024391
192050	-0.055652
192100	-0.042426
192150	-0.149840
192200	0.111338
192250	0.100891
192300	-0.027235
192350	0.012809
192400	-0.047948
192450	-0.033565
192500	0.029181
192550	-0.089835
192600	-0.089926
192650	-0.237328
192700	0.228589
192750	-0.235087
192800	0.175570
192850	-0.045525
192900	-0.026676
192950	-0.011648
193000	-0.144975
193050	-0.227426
193100	0.066944
193150	-0.100387
193200	-0.029889
193250	0.147798
193300	-0.128989
193350	0.101516
193400	0.064810
193450	-0.030791
193500	0.229813
193550	0.249757
193600	-0.004799
193650	-0.179791
193700	0.177370
193750	-0.035799
193800	-0.092566
193850	0.086894
193900	0.010810
193950	-0.087972
194000	-0.022589
194050	-0.142741
194100	-0.103119
194150	0.111278
194200	-0.081281
194250	0.284567
194300	0.430056
194350	-0.040266
194400	-0.167750
194450	0.121607
194500	0.140925
194550	0.063265
194600	0.113320
194650	-0.084716
194700	-0.079973
194750	0.083489
194800	-0.076801
194850	-0.144068
194900	0.249039
194950	0.047871
195000	-0.032645
195050	0.148397
195100	0.149448
195150	0.024475
195200	0.029108
195250	-0.200075
195300	-0.023193
195350	0.118710
195400	-0.070877
195450	0.037205
195500	-0.102833
195550	-0.065541
195600	0.191016
195650	0.020158
195700	-0.062912
195750	-0.071997
195800	0.010428
195850	-0.085706
195900	0.176948
195950	-0.186066
196000	0.194126
196050	0.249484
196100	0.182975
196150	0.035267
196200	-0.005601
196250	-0.055892
196300	-0.054230
196350	0.006193
196400	-0.095163
196450	0.008003
196500	-0.040628
196550	-0.174477
196600	-0.161667
196650	-0.066613
196700	-0.196683
196750	-0.008626
196800	0.014658
196850	0.013034
196900	-0.227425
196950	-0.157702
197000	0.006725
197050	-0.074190
197100	0.081901
197150	0.138577
197200	0.282083
197250	0.062561
197300	-0.133727
197350	-0.089311
197400	-0.232928
197450	-0.097459
197500	-0.046321
197550	0.005758
197600	0.028202
197650	-0.034524
197700	0.025880
197750	0.147519
197800	0.010441
197850	0.181814
197900	-0.176626
197950	-0.036809
198000	-0.177102
198050	-0.108570
198100	-0.100469
198150	-0.071374
198200	0.098264
198250	-0.015823
198300	-0.172893
198350	-0.127984
198400	0.190011
198450	0.048950
198500	-0.058042
198550	-0.119023
198600	0.022884
198650	0.016165
198700	-0.118444
198750	0.045759
198800	-0.155552
198850	0.023031
198900	0.161612
198950	0.205968
199000	0.143400
199050	0.029680
199100	0.012970
199150	-0.021165
199200	0.011209
199250	-0.009181
199300	0.017395
199350	-0.007267
199400	0.067696
199450	0.022502
199500	-0.119552
199550	0.334567
199600	-0.024605
199650	-0.018817
199700	0.021839
199750	0.095667
199800	-0.089120
199850	-0.207658
199900	0.113935
199950	0.007866
