3.166139
0.422727
0.302171
0.182622
0.087775
0.128231
0.123599
0.158314
0.121779
0.307396
0.352598
0.163376
0.220083
0.131221
0.041595
0.240018
0.184900
0.170651
-0.031971
-0.025013
0.172365
0.126639
0.157688
0.157527
0.147861
0.099657
0.109158
0.066131
0.084208
0.083373
0.264199
0.148672
0.127015
0.106532
0.208550
0.111907
0.107189
0.187665
0.076031
0.051464
0.000932
0.198531
0.041480
0.144423
0.150940
0.111941
0.155002
0.041750
0.138636
0.124224
0.138713
0.196203
0.056906
0.076889
0.050923
0.090704
0.054925
0.091590
0.104050
0.102911
0.035435
0.143234
0.046992
-0.042346
0.058744
0.027585
0.085978
-0.029305
0.042595
0.093546
-0.011833
0.064468
0.001253
0.073928
-0.022732
0.222144
0.143539
-0.047208
0.032959
0.015369
0.101361
-0.003832
0.059964
0.080833
0.005101
-0.048759
-0.016249
0.097824
0.110527
0.106280
0.138028
0.108379
0.064695
0.012798
0.155726
0.152726
0.018866
0.008970
0.019253
0.139520
0.138176
0.060889
0.051816
0.084387
0.075458
-0.053441
0.094099
0.049745
-0.034075
-0.129552
-0.035966
-0.015751
-0.035321
0.062555
0.023964
0.056777
0.064457
-0.007591
0.037780
0.067902
0.013620
0.037963
0.076334
0.072572
0.141742
-0.000128
0.115497
0.079886
0.098951
0.003834
-0.004553
-0.046985
-0.012552
0.161273
-0.008677
0.094542
0.113982
0.242968
0.082126
-0.077711
0.142646
0.080953
0.099284
0.153063
0.024992
0.000496
0.129212
-0.055594
0.194894
0.077593
0.050333
0.040017
0.024338
0.008990
0.085809
0.146157
0.090241
0.001545
0.108403
0.131081
0.086446
-0.004945
-0.065042
-0.065862
0.035949
0.094229
0.029260
-0.042118
0.036399
0.077679
0.075763
0.045274
0.070122
0.011842
0.132757
0.117870
0.081109
0.079193
-0.004279
0.073628
0.082196
-0.011110
-0.107991
0.140334
0.032704
-0.043338
-0.013060
0.107435
-0.059016
-0.009087
0.109422
-0.025412
0.020133
-0.082810
0.055330
0.106677
0.121638
0.064056
0.104581
0.081861
0.041692
0.122058
0.024337
0.017824
0.004250
-0.000856
0.065574
0.009917
0.165548
-0.061781
0.000179
0.027866
-0.041911
0.006684
-0.014627
0.094184
0.090194
-0.004939
0.023778
-0.043363
0.008121
-0.017212
-0.011322
0.015119
0.090383
0.058133
0.116204
0.168174
0.027895
-0.014004
0.128002
0.079341
-0.063143
-0.025459
-0.064506
-0.093408
-0.054985
-0.047055
-0.024488
0.016326
0.045441
0.005813
0.156300
0.069692
-0.051848
-0.066092
-0.071713
0.052760
0.058997
0.005599
0.075510
0.089597
0.002121
0.130551
0.000739
0.015090
0.130701
0.139789
-0.072683
0.072068
-0.048447
0.048903
0.156252
0.114741
0.014868
0.000533
0.103599
0.092387
0.100417
0.020474
0.094195
0.063178
0.031307
0.024791
0.099538
0.056443
-0.029645
0.048487
0.155152
0.054929
0.074560
0.062020
0.176489
0.078079
0.087964
0.125669
0.019891
0.002500
0.003940
0.118519
0.025901
-0.028873
0.061428
0.047942
0.103141
0.047052
-0.013631
-0.061806
0.000051
-0.013263
-0.064411
-0.022476
0.040296
0.062699
0.010685
0.105340
0.057599
0.019935
0.057212
0.092406
0.126412
0.134253
-0.014970
0.032678
0.168899
0.108968
-0.017729
-0.050801
0.012285
0.034196
0.086292
0.058736
-0.049841
-0.112482
-0.001988
0.084862
-0.004588
0.171651
0.096311
0.118639
0.051427
-0.029495
0.053531
0.022682
0.014433
0.040753
0.063056
0.021702
0.060240
0.114970
0.085452
0.235157
0.055457
0.003332
0.064918
-0.058021
0.003968
0.024100
0.033359
0.183649
0.155469
0.112463
-0.055517
-0.001700
0.201551
0.068026
0.020104
-0.037043
0.017281
0.147075
0.015782
0.007060
0.055528
0.047789
-0.008707
0.123788
0.080224
-0.042814
0.097027
0.124904
0.058300
-0.031363
-0.130113
0.138962
0.101244
-0.041962
-0.025932
0.080249
0.077433
0.055451
-0.083042
-0.061762
-0.033186
-0.061522
0.023570
0.064252
0.006825
0.063499
0.118316
0.174071
0.029790
0.027550
-0.021894
0.037922
0.126824
-0.029111
-0.080690
-0.024503
-0.088355
0.084992
-0.012582
0.055280
0.058552
0.068359
0.048242
-0.123102
0.078882
0.109448
-0.024691
0.038030
0.018948
0.023549
0.049645
0.006792
0.024683
0.052221
0.025302
0.070550
0.053973
0.036799
-0.006797
0.028468
-0.060794
-0.015665
-0.083582
0.011347
0.096010
0.056198
0.062301
0.145308
0.181630
0.110037
0.094123
0.163544
-0.015993
0.002404
0.116366
0.005344
0.037670
0.042518
-0.030758
-0.021158
-0.004816
-0.033905
0.006887
0.018309
0.049544
0.105421
-0.001029
-0.109184
0.064514
0.062297
0.006350
0.016646
0.014326
-0.083949
-0.012301
-0.080567
-0.058824
0.037841
0.128231
0.064068
-0.080235
-0.029015
0.049377
-0.021887
-0.023472
-0.047879
0.170775
0.151858
0.132215
0.006243
-0.180605
0.083256
-0.095524
0.009134
-0.051515
0.001312
0.131800
-0.038493
0.030988
-0.003803
0.094917
0.060270
0.024714
0.042346
0.104697
0.105176
0.015180
-0.060797
0.134908
0.078013
0.097931
0.078026
-0.002538
-0.034443
-0.040070
0.074883
0.104980
0.010334
0.041289
-0.044263
0.103298
0.008405
-0.008547
0.130154
0.039045
-0.023264
0.087309
0.008778
0.089265
0.073536
0.014237
-0.032588
0.051442
0.154912
0.054036
0.012197
0.065420
0.063724
0.013061
0.022742
0.006225
0.102346
0.143174
0.012373
0.086752
-0.024776
0.020783
0.079113
0.017370
0.031806
0.058122
0.076250
0.025973
0.088886
0.030650
0.000141
-0.074449
0.063148
-0.026409
-0.029769
-0.028302
-0.058232
0.061961
-0.071262
0.008672
0.039702
0.062849
-0.044727
-0.029508
-0.006796
0.057069
0.031872
-0.018309
-0.004395
0.095326
0.054065
0.079000
-0.013562
0.034911
-0.081450
-0.054908
-0.037820
-0.046524
-0.053072
0.066642
0.110172
0.050806
0.051651
0.090174
0.167737
0.016320
0.009897
0.011566
0.004139
0.024547
-0.081912
-0.003346
0.022711
0.115135
-0.048196
-0.107863
-0.009718
0.036566
-0.015995
0.023810
0.072548
0.187019
0.162617
0.007140
0.099798
-0.120213
0.003472
0.113911
-0.022194
-0.025815
-0.090704
-0.129085
-0.029868
-0.035454
-0.015068
0.046129
0.136006
0.087217
0.006566
0.086705
-0.030316
0.112865
0.091535
0.070776
-0.038470
-0.087638
0.001752
0.029297
-0.041343
-0.016763
0.153473
0.065558
0.052759
-0.059205
-0.134567
0.025878
0.039391
0.034162
0.038820
0.005624
-0.047123
0.064143
0.004165
0.012855
0.007952
-0.117356
-0.037173
-0.031267
-0.002264
-0.088143
-0.007004
0.082151
0.151978
-0.003613
0.062700
0.020607
-0.025289
0.023411
0.082520
-0.026778
-0.005636
-0.049759
0.034355
0.128664
0.074061
0.057386
0.072308
0.071997
-0.019933
0.003093
0.055602
0.033471
-0.021376
0.000804
0.050883
-0.025532
0.074859
0.001381
0.011352
0.038956
-0.000514
0.063562
0.054522
-0.024143
0.076196
0.049498
0.057857
0.046404
0.070041
0.085864
0.101783
0.023048
0.017254
0.067332
0.066210
-0.063036
-0.018835
0.056503
-0.027993
0.021076
-0.090642
-0.062143
-0.094438
-0.089964
-0.141096
0.066158
0.105986
0.049203
0.048061
0.044334
0.025243
0.012678
0.032845
0.044686
0.042675
0.002937
0.147920
0.069031
0.020898
0.051252
0.031937
0.165816
-0.017521
0.066754
0.002171
0.060404
0.047751
-0.004156
0.113424
0.044104
0.070118
0.016526
-0.065776
-0.010879
0.064272
-0.036823
-0.002533
0.198973
0.085516
0.107332
0.053421
0.138042
0.144213
0.122607
0.038281
0.025033
0.110921
0.049374
-0.057036
-0.076097
0.008551
0.120663
0.006839
-0.026016
0.042716
0.070763
0.054769
0.078787
0.132178
0.112036
0.100234
0.118345
0.088813
0.053711
-0.021910
0.075354
0.139732
0.117364
0.056986
-0.033232
-0.119097
0.029556
0.035392
-0.032886
-0.080146
0.000553
0.033624
0.162585
0.021475
0.047697
0.097830
-0.126682
-0.054863
0.010091
-0.026504
-0.071312
0.026863
0.067057
0.018747
0.131195
0.046336
0.010763
-0.107648
-0.064108
-0.060113
-0.024999
0.069208
-0.022201
0.114925
0.026663
0.089270
0.063537
0.048935
-0.015594
0.113189
0.057212
-0.004451
0.033396
0.024144
0.000213
-0.025351
-0.023146
-0.009677
-0.109142
-0.109500
-0.027478
0.085086
0.052172
-0.036702
0.077438
0.097223
-0.076050
-0.134773
-0.130111
-0.143971
0.013532
0.005898
-0.014003
-0.004784
-0.040485
-0.071047
-0.022571
0.014630
0.002622
0.073797
-0.036855
-0.001251
-0.028432
0.132047
0.111557
-0.033013
-0.016451
-0.032856
0.053587
0.117467
0.031772
0.053706
0.048872
0.001322
-0.013765
0.023753
0.081444
0.002691
0.133023
0.099551
0.066589
0.022440
0.023544
-0.017745
-0.036801
0.002244
0.039677
-0.086568
-0.139836
0.009424
-0.121041
-0.053389
0.054449
0.000635
-0.025130
-0.052180
-0.128099
-0.012649
0.148941
-0.044450
-0.110035
-0.061501
-0.066827
-0.014148
0.117654
0.015096
0.055883
0.125413
0.000547
-0.045703
-0.023133
0.027469
-0.094265
0.067354
0.023542
0.168496
-0.052057
-0.076287
0.045396
0.062919
0.085264
-0.090631
-0.151911
-0.113855
-0.064995
-0.075806
0.022256
0.076162
0.052076
-0.049335
0.037741
0.106018
0.063050
0.072465
0.062747
0.017698
-0.009337
-0.016243
0.025722
0.132966
0.077607
0.042334
0.149185
0.154280
0.135233
0.069215
-0.009739
-0.010704
-0.019786
0.009815
0.032776
0.039222
0.036614
-0.086866
-0.059827
-0.025909
0.060569
-0.039367
-0.037840
-0.043262
0.049278
-0.034679
0.004408
0.067495
0.076714
0.004253
-0.109885
-0.065282
0.034173
-0.042224
-0.000036
-0.055306
-0.065478
0.024281
0.052870
-0.074706
-0.025027
0.039497
-0.002543
-0.025010
0.116213
-0.033174
0.023263
0.104290
0.044002
-0.038448
0.079530
0.065860
0.035109
0.066393
0.038970
0.079594
0.080931
-0.016055
0.025745
-0.007222
0.079472
0.096242
-0.008884
-0.049774
-0.002982
0.121099
0.061575
0.059970
0.035223
-0.012361
-0.068199
0.004647
0.042265
-0.086492
0.050676
0.063832
0.050801
0.073149
0.104864
0.007170
0.003046
0.120562
0.011231
0.064443
0.091698
0.066896
0.080353
-0.001911
-0.020841
0.047442
0.044872
0.057625
0.015688
-0.129877
-0.083589
0.070082
0.020810
0.050267
0.066188
0.000710
0.037355
0.030437
-0.103222
-0.121321
0.058033
-0.008124
-0.050527
0.017587
0.020131
-0.012967
-0.068235
0.015215
-0.002228
0.062098
0.077669
0.007726
0.029916
0.064376
0.043026
-0.006199
0.057786
0.053055
-0.036165
0.010176
-0.070293
0.005341
0.057596
0.040730
0.005674
0.004957
-0.073928
0.002411
-0.063591
-0.038313
-0.026197
0.043128
-0.003647
0.143598
0.021949
-0.056854
-0.053543
-0.012659
0.120393
-0.028840
-0.020103
-0.018671
-0.058431
-0.055300
0.057544
0.099635
0.082482
0.044003
0.015507
0.046062
-0.039040
0.014858
0.038339
0.040289
0.081723
-0.059247
-0.004905
0.046683
-0.031236
-0.041100
0.055317
0.066698
-0.014077
-0.056297
-0.054739
0.000064
-0.066443
-0.002450
0.083820
0.094045
-0.016878
0.074599
0.112746
0.052328
0.010895
0.021846
-0.002197
-0.039260
-0.031009
0.053828
0.002216
0.025413
0.130938
0.011456
0.041923
0.003968
0.074292
0.040856
-0.028726
0.043008
0.030869
-0.006524
-0.023253
0.011149
0.038024
-0.049539
0.026967
0.138006
-0.004025
0.065225
0.068914
-0.086946
0.049020
0.064968
0.042752
0.033949
-0.013402
-0.002830
-0.071176
-0.007176
0.070680
-0.032099
0.099395
0.047024
0.037825
0.121751
0.036797
-0.031013
-0.063309
0.045096
0.037345
-0.089056
0.002361
0.049302
0.083664
-0.032706
-0.001787
0.057156
0.061898
0.068616
0.029507
0.055560
-0.050479
-0.039866
0.019571
0.104480
0.090877
0.022309
0.062970
-0.075232
0.131262
-0.000657
-0.050912
-0.004297
-0.086360
0.001338
-0.074018
-0.024944
0.060880
0.038103
0.027377
0.050620
-0.058411
0.054303
0.076972
0.124009
0.070402
-0.035238
0.006488
0.058092
0.006916
-0.006782
0.041469
0.043507
-0.013917
-0.022739
-0.047263
0.016408
-0.050465
0.093415
0.075645
0.045273
0.032460
0.109721
0.097345
0.085799
0.042867
0.069649
0.059019
-0.038623
0.160007
0.092105
-0.058065
0.061424
-0.035491
-0.010397
0.042432
-0.006541
-0.003847
-0.009567
-0.119574
-0.030024
0.013772
-0.009912
0.053141
0.014960
-0.007922
0.032632
0.005633
-0.003311
-0.013097
-0.034129
0.076124
0.037822
-0.068309
0.168618
0.034673
-0.007569
-0.049332
0.013100
0.007864
0.004461
0.080362
-0.005967
0.038418
-0.063603
0.029698
-0.035351
-0.001817
0.085274
0.111900
-0.061344
-0.009077
-0.081524
-0.064596
0.078138
0.053932
0.065320
-0.033609
0.061159
0.152373
0.077742
-0.021311
0.056206
-0.028500
0.040891
-0.043426
-0.148784
-0.025523
-0.027702
0.099306
0.100947
0.131061
0.111191
0.084593
0.001660
-0.021181
-0.034228
0.043854
0.004639
0.034285
0.135532
-0.026637
-0.090962
-0.017018
-0.098894
0.080135
-0.024546
-0.076586
0.063178
0.090220
0.014537
-0.104392
-0.068344
-0.033582
0.024475
0.132065
0.054369
0.034459
0.039849
0.049676
-0.035658
0.018648
0.128131
-0.007061
0.044375
0.078252
-0.043154
0.090829
-0.030255
-0.028931
0.002442
0.101952
0.071473
-0.012112
0.022610
0.039409
0.015933
-0.108407
-0.065047
-0.101437
0.067912
0.082083
0.052095
0.048240
-0.072924
-0.005947
-0.087949
0.024752
0.000831
0.111521
0.108699
-0.070918
-0.039828
0.029074
0.178904
0.073885
-0.010660
0.043100
-0.004326
-0.017244
-0.035991
-0.044877
-0.040665
0.032479
0.087122
-0.050306
0.045756
0.056985
-0.119562
-0.030135
0.062113
0.002737
-0.001839
0.017350
0.057491
-0.084848
-0.022683
-0.069582
0.052756
0.103041
-0.070638
-0.144568
-0.106856
-0.120385
-0.082839
0.001220
0.007103
0.054574
-0.021506
-0.012899
-0.006299
-0.000909
-0.023786
0.052862
0.134532
-0.081780
-0.141961
-0.052357
-0.021850
0.105911
0.058056
0.085528
0.001506
-0.018952
0.041115
0.042167
-0.036728
-0.015662
0.040146
0.061940
-0.026635
-0.041873
0.024662
-0.025780
-0.004735
0.011975
-0.010901
0.037698
0.162528
-0.019512
-0.037665
0.103897
0.068690
-0.010918
0.031083
0.053080
0.076449
0.064695
-0.038552
0.031200
-0.026861
-0.081524
-0.091114
-0.024727
-0.022377
-0.012532
0.020650
-0.005289
0.001488
-0.001914
0.073355
-0.038022
-0.070925
-0.044820
0.044229
0.075163
-0.015519
0.118162
0.134841
0.026097
0.055551
0.100143
0.018647
0.030614
0.096980
-0.083926
-0.034267
0.003020
-0.035913
-0.024088
0.021496
0.016871
0.012733
-0.034436
0.012583
0.051178
0.144380
-0.035747
-0.015379
0.061080
0.083484
0.058654
0.054793
-0.017405
0.090688
0.168108
0.019115
-0.000406
-0.077337
-0.024426
0.147970
0.145853
-0.009865
0.030887
0.068854
0.009169
0.086085
-0.039444
0.033024
-0.042427
-0.016307
0.034660
0.006782
0.006840
0.060106
-0.119602
-0.054418
-0.020785
-0.036587
-0.102264
-0.099161
0.048547
0.104032
0.010665
0.002832
0.102428
-0.000521
0.021629
-0.058358
0.082515
-0.019812
0.033400
0.144309
0.013126
-0.100537
0.017722
0.039748
0.013987
0.005205
-0.048681
0.113827
0.067287
0.009002
0.044826
0.077820
0.069930
0.073695
-0.039330
0.080467
0.019613
0.198153
0.079743
0.059625
0.058205
-0.043761
-0.017005
-0.040234
-0.052771
0.037340
0.117397
0.043897
0.059752
0.079206
0.101821
0.014801
0.021761
0.036910
0.006822
-0.018417
0.108364
0.048873
0.102178
0.057513
-0.116145
-0.026732
0.051506
-0.040141
0.011445
0.091655
-0.003610
0.037588
0.069514
0.056907
0.029058
0.049984
-0.004658
0.039941
0.081129
0.029030
0.159325
0.069163
0.067822
0.019765
-0.020556
-0.039322
-0.031066
-0.072543
-0.099836
0.110402
0.103882
0.083331
0.044780
0.040272
-0.016497
0.040416
0.054631
-0.008644
-0.052493
-0.162586
0.029591
-0.018838
0.030853
0.004113
0.058025
-0.104039
-0.002636
0.047436
-0.002981
0.076061
-0.080572
-0.009746
-0.070431
0.015356
-0.040546
0.065426
-0.045545
0.066309
0.011537
0.059735
-0.150380
0.062786
-0.001743
-0.072786
-0.081539
-0.041214
0.154513
0.068592
0.044951
0.070365
0.099240
0.074023
0.090067
0.118615
-0.024375
-0.114378
-0.183270
-0.049422
-0.027847
0.064942
0.041237
0.072869
0.089456
0.076227
0.098705
0.021878
-0.061238
0.171191
0.024408
0.093353
0.039514
0.018682
0.038858
0.044142
0.037109
0.076285
0.087740
0.084378
0.028853
-0.020963
-0.070867
0.003537
-0.073305
0.054523
0.033438
-0.049529
-0.014004
0.054976
0.033118
0.072899
0.125464
0.010672
-0.036408
0.002587
-0.048525
-0.087400
-0.013686
-0.007456
0.064740
0.060710
-0.029257
0.027892
0.077293
-0.098275
0.062682
0.031026
-0.038031
0.039090
0.025316
0.031086
0.132040
0.045170
-0.002718
0.021199
0.001440
-0.022892
-0.013145
-0.017246
0.033874
-0.005084
0.054628
0.026878
0.177299
-0.026755
-0.078095
0.089649
0.057886
0.223051
-0.001179
-0.143722
-0.020409
-0.035912
0.016066
0.087118
-0.070318
0.016205
0.074252
-0.051456
-0.044704
0.031491
0.027312
-0.085896
-0.003778
0.028430
-0.008198
-0.012702
0.009070
0.127652
0.014641
-0.004658
0.049861
0.087029
-0.017967
-0.061705
0.032062
-0.005454
0.127336
0.052324
0.086223
-0.010073
0.019176
-0.001638
0.045488
0.073850
0.076228
0.104422
0.008989
-0.043393
-0.019344
0.012899
-0.023735
0.047558
0.029011
-0.019643
-0.003324
-0.011417
0.075321
-0.007902
0.018279
-0.057077
-0.021540
0.095455
-0.056515
0.084263
0.067697
0.139124
0.017518
-0.088814
0.029209
-0.019726
-0.086297
0.061064
0.051039
0.028541
-0.002749
-0.021061
-0.022650
0.111281
0.117509
0.134318
0.152565
0.043475
-0.003907
0.010229
-0.128814
-0.029420
-0.079629
0.044873
0.109588
0.084416
0.020029
0.083087
0.111221
-0.131227
-0.073849
0.051522
0.020596
-0.037790
-0.007621
-0.035561
-0.136971
-0.116980
-0.039649
0.177552
0.114228
0.148381
0.038271
-0.027485
0.074236
0.045842
-0.038599
0.068415
-0.033819
-0.032629
-0.069211
-0.012551
0.007759
0.046392
-0.002592
0.009231
0.071757
-0.006493
0.088072
0.052984
0.097873
0.069374
0.080456
-0.033802
0.016077
-0.034087
-0.137287
-0.035866
-0.047167
-0.175238
-0.052321
0.071880
0.154418
-0.054843
0.058209
-0.003422
-0.136277
-0.100275
-0.032490
0.104789
0.030627
-0.010150
-0.075026
-0.005040
-0.034844
-0.026968
-0.025949
0.038445
-0.049566
-0.066646
-0.021566
-0.092092
0.069383
0.040792
0.019560
-0.075602
-0.023742
0.019459
-0.015797
0.045577
0.094215
0.016687
-0.044858
0.026118
-0.006236
0.061477
0.042435
0.111513
0.165765
-0.005268
0.024661
-0.083227
0.070622
0.179011
0.029617
0.018560
-0.004484
0.055759
0.082188
-0.076700
0.007869
0.003292
0.070137
0.015270
0.030915
0.089733
0.021813
-0.098593
0.060663
0.046747
-0.079973
-0.032716
0.016681
-0.021695
0.076752
-0.055007
0.006836
0.053401
-0.008087
-0.013665
-0.014512
-0.026659
0.055361
-0.042036
-0.019203
-0.077553
0.029708
-0.003342
-0.015254
0.030272
0.032271
0.120630
0.000807
0.000666
0.051873
0.011106
0.035404
0.046492
0.038929
0.102150
0.050304
0.023139
-0.006580
0.088214
0.107479
-0.002004
0.015928
0.103073
-0.080280
0.026607
0.107761
0.038784
-0.024364
0.033202
0.036941
-0.066386
-0.061897
0.107622
0.186407
0.079872
0.103611
0.083047
0.047476
0.160996
0.096012
-0.045520
-0.005469
0.109366
0.009340
0.042246
0.009641
-0.017087
0.120043
-0.027237
-0.044381
0.075998
0.002583
0.053717
-0.043975
-0.026492
0.059233
0.048369
0.003700
-0.015825
0.053459
0.074056
0.051022
0.080283
-0.139148
-0.032001
0.044354
0.084227
0.086016
-0.050192
-0.121073
0.016828
-0.014270
-0.011928
-0.041261
0.022299
-0.051209
-0.129401
-0.106213
-0.010946
0.130870
0.078706
0.078516
0.116776
0.050643
-0.112416
0.036193
0.062859
0.022960
0.052868
-0.034908
-0.040499
-0.103488
-0.094341
-0.078670
-0.051432
-0.001414
0.160939
-0.037222
-0.082791
-0.134416
-0.015596
0.036158
0.069009
0.041882
0.055380
0.018103
-0.026931
0.072509
0.039217
0.009954
-0.027877
-0.040948
0.019940
0.085701
-0.011292
0.064766
0.057568
-0.101586
-0.142103
-0.143118
0.079512
0.104719
0.038177
0.143015
0.115680
0.093868
0.168372
0.035866
-0.079083
-0.023667
0.047313
0.034033
-0.062905
-0.021349
0.059691
0.012128
0.017424
0.055533
0.102861
0.123333
-0.068456
0.053375
-0.016212
-0.122745
-0.076374
-0.084432
-0.041382
0.024304
0.043867
0.048358
0.045292
0.026131
0.104443
0.073159
-0.034416
0.051333
-0.007838
-0.058333
0.083355
0.032789
0.030522
0.011091
-0.099940
0.044346
0.106854
0.065879
-0.001419
0.015163
0.098571
0.122940
-0.024804
0.014252
-0.050828
0.041061
-0.025453
0.043822
0.026139
0.050416
0.007155
-0.065666
-0.035886
0.073889
0.005417
0.038521
0.022946
0.003148
0.071581
0.064086
0.007179
0.015518
-0.027594
-0.124049
0.008707
-0.018732
-0.010923
-0.034689
0.099639
0.008838
-0.033017
-0.021772
-0.017349
-0.024034
0.050063
0.000067
-0.003978
-0.050612
-0.071443
0.046901
0.152856
0.003888
0.109845
0.068524
0.018119
0.067832
0.069488
0.036489
0.132755
-0.012778
0.040961
0.034092
-0.034989
-0.062593
-0.000269
0.063955
0.046650
0.071541
0.038439
0.097983
-0.025014
0.036013
-0.062718
-0.043080
-0.032550
0.020081
-0.073331
-0.081894
-0.078203
-0.032992
-0.035405
0.057534
0.009269
0.064368
-0.021443
-0.065890
0.000049
0.066272
0.009280
0.020414
-0.047625
0.010551
0.124688
-0.128994
0.018552
0.066093
0.109075
0.006679
-0.014468
-0.042675
0.098170
-0.096303
0.060902
-0.031629
-0.109989
-0.059543
0.059226
0.011612
0.009827
0.103381
0.061437
0.035526
-0.099790
-0.032922
-0.014754
-0.002444
-0.031898
-0.040401
0.066104
0.006102
0.039927
0.029498
0.006913
0.099689
-0.101463
-0.107152
-0.063378
-0.095312
-0.050232
0.025882
-0.014466
-0.007161
-0.089627
0.021618
-0.021334
-0.031784
0.073378
0.071318
-0.091641
0.045366
-0.063678
0.083923
-0.027159
0.046106
0.000831
-0.063271
0.003900
0.062615
0.137512
0.031579
-0.033588
0.039693
0.130600
0.121748
0.087534
-0.093508
0.029049
0.058917
0.116053
0.041147
0.034198
-0.002521
-0.050167
0.023856
0.060661
0.096535
0.056232
-0.004388
-0.063240
-0.029915
0.067409
-0.010269
-0.073614
0.017512
0.016713
0.011187
0.065788
0.069483
0.044523
-0.013927
-0.036697
0.039203
0.013669
0.034839
0.088264
0.032496
-0.029533
-0.086828
-0.066003
-0.035128
-0.018944
0.034719
-0.012735
0.009435
0.055407
0.059329
0.127012
0.009524
0.061051
-0.010256
0.019011
0.024720
-0.017473
0.081313
0.063919
0.028268
0.112771
0.129357
-0.033171
0.143308
0.064015
-0.125986
-0.008552
-0.070905
0.093299
0.039988
0.020635
0.031072
-0.054489
-0.034699
-0.138285
-0.132359
-0.082410
-0.013477
-0.041267
0.090875
0.033522
0.057298
0.035221
-0.158643
-0.013943
-0.019457
-0.031685
-0.007039
-0.018631
0.097536
-0.061758
0.048379
-0.022896
0.017975
-0.046450
0.045230
0.101112
0.096833
0.039973
-0.075699
-0.135472
-0.150690
-0.009073
0.019664
-0.018677
-0.021292
0.088970
0.097794
0.096758
0.043130
-0.063982
-0.018508
0.045595
0.075709
-0.043507
0.048410
-0.084616
0.028759
0.035903
-0.028757
-0.039154
0.026582
0.018027
0.117008
0.027578
0.003800
-0.006830
0.096212
0.064075
-0.066661
-0.019806
-0.044478
0.003290
-0.051758
-0.028170
0.098552
0.053042
0.080679
0.090180
0.025379
0.026587
0.004878
-0.039721
-0.000196
-0.036348
-0.019034
0.043215
0.033715
0.035322
0.051932
-0.061007
-0.089550
0.022707
0.031194
-0.021551
0.004385
0.070606
0.036741
0.070204
0.062062
-0.073169
-0.073949
0.015566
0.053607
0.065902
0.074726
0.006379
0.002225
0.013672
0.020803
0.007245
-0.039092
0.017549
0.004738
0.069869
-0.010865
-0.070962
-0.032555
0.025799
0.043978
0.069584
-0.010218
0.054495
-0.009063
-0.015088
0.040217
-0.059062
-0.006346
0.040028
0.084607
-0.054024
-0.042729
0.010585
-0.147807
-0.075400
-0.108729
-0.011355
0.067388
-0.050857
0.071436
0.052951
0.044660
-0.018514
-0.013284
-0.101381
-0.074399
0.027910
0.051379
-0.025370
-0.028259
-0.011483
0.013962
-0.039025
-0.022478
0.133413
0.035031
0.115229
0.041512
0.054392
-0.005781
0.042439
-0.010358
-0.013608
-0.007215
0.106435
-0.084835
-0.082536
-0.002640
0.070672
-0.070952
-0.056876
-0.129039
0.001202
0.024162
-0.010930
0.051304
0.011112
-0.036125
-0.089229
0.093174
0.181496
-0.068439
-0.043584
-0.046518
0.012458
0.025481
0.104619
0.100150
0.067894
0.018870
0.018739
-0.069482
-0.054393
-0.016188
0.004142
-0.022054
0.023369
-0.066820
-0.002158
-0.088190
0.026742
0.042985
0.011363
0.066642
0.038741
0.057503
0.067329
-0.000513
-0.121542
0.017000
0.011216
-0.068087
0.115139
-0.055891
-0.017128
-0.024833
0.132677
0.047512
0.024782
0.018857
0.151910
0.067261
0.030177
0.018989
0.039847
-0.003559
0.057828
-0.007443
0.057608
0.014600
-0.001245
0.002442
0.047033
0.056809
-0.090041
0.003437
0.040341
-0.070285
0.054082
-0.082609
-0.043121
-0.051133
0.033612
0.044721
-0.013484
0.034409
0.029444
-0.054847
-0.085859
-0.013034
0.015257
0.017591
-0.151872
-0.064373
0.085788
-0.028650
-0.088194
0.043035
0.017819
-0.030373
0.000062
-0.082404
0.048388
-0.066817
-0.013245
0.013447
0.031838
0.056638
-0.002378
-0.061128
-0.011613
0.041281
-0.022749
0.091882
0.054008
0.037911
0.107436
0.080530
-0.029683
-0.018217
0.076079
0.088965
0.052078
0.023378
0.008430
-0.018781
0.008404
-0.154721
0.000495
-0.031152
0.044146
0.119872
-0.052900
-0.016108
-0.037086
0.039604
0.024321
-0.060979
-0.049483
0.098005
0.066763
0.011846
0.025017
-0.042318
-0.064110
-0.094793
0.093467
0.083509
0.028743
0.198755
0.091072
0.091297
0.062967
0.043803
0.030784
0.063272
-0.049711
0.074833
0.074316
0.069863
0.031582
-0.037688
0.017596
0.007518
-0.078611
0.003023
0.071822
0.128782
0.070853
-0.070956
0.093952
0.072184
-0.020759
-0.033939
0.005265
0.176025
0.071294
0.069095
0.163945
0.016055
-0.020009
0.086757
0.050527
-0.016643
0.116356
0.038279
0.033419
-0.010417
-0.158560
0.011429
0.062988
0.094997
-0.054117
0.013773
0.067803
-0.153286
0.016425
0.078093
0.020360
-0.052374
-0.134970
-0.096642
-0.026211
0.023552
0.002005
-0.023744
-0.115223
-0.035810
-0.048734
-0.079399
-0.157328
-0.138133
0.012730
0.014231
-0.021991
-0.001857
-0.034779
0.128233
0.069996
-0.076329
-0.037465
-0.044032
-0.043480
-0.000525
-0.112579
0.044583
0.102487
0.078351
-0.019677
-0.136327
0.003999
0.106309
0.022044
0.003748
-0.083577
-0.098167
0.013378
-0.024590
0.013116
0.024038
0.032571
0.012368
0.070090
0.059550
0.058442
-0.035533
0.067495
0.056281
0.143156
0.094197
0.125046
0.002151
0.000273
0.053929
0.102007
0.051369
0.055277
0.113893
0.085356
0.038125
0.002322
0.057866
0.003617
-0.037155
0.027111
-0.059157
0.024893
0.100736
0.048997
-0.066524
-0.054944
-0.053367
-0.038804
-0.052975
0.078954
0.132816
0.053899
-0.021783
0.023250
0.131849
0.091169
0.091414
0.114106
0.110647
0.058209
0.060090
0.018195
-0.022848
0.037601
0.072753
0.102646
-0.000665
0.041947
0.159351
-0.014494
0.141104
0.046015
-0.076485
-0.097387
-0.069743
-0.028346
-0.052201
-0.113870
-0.017416
0.028190
-0.068499
-0.104294
0.014763
-0.034428
-0.011311
-0.024256
0.005905
0.094988
0.039236
0.063946
0.089180
-0.087729
0.098438
-0.038036
-0.047851
-0.049899
-0.009347
-0.009120
0.024040
0.045114
0.032172
0.046230
-0.044196
0.024227
0.067657
0.032603
-0.042729
0.062112
-0.078871
-0.078393
-0.092928
-0.060967
-0.097832
0.027378
0.052758
-0.071912
-0.059286
-0.042937
-0.026811
0.076875
0.067829
0.155780
0.097712
0.079056
0.133342
0.059412
-0.071603
-0.092976
-0.056480
-0.052236
0.000314
0.018042
0.060394
-0.022236
0.040081
0.122029
-0.017649
-0.026906
0.003082
0.097556
0.060659
0.079901
0.032624
0.017896
-0.112853
0.010783
0.101948
0.002442
0.054876
0.075238
0.041883
-0.095878
-0.046845
-0.055088
0.006865
0.025066
0.043044
-0.002164
0.020886
-0.007200
0.000458
-0.024244
0.013322
-0.077827
-0.124382
-0.012850
0.066998
-0.032298
0.002484
0.113980
-0.066490
-0.125701
0.044575
0.006798
0.079628
0.011352
0.020754
0.005249
0.004677
0.034302
0.076960
0.113470
0.086396
-0.001051
0.025474
0.035344
-0.017001
0.048501
-0.045384
-0.089267
-0.058222
-0.062452
0.062330
0.087165
0.145798
0.061046
0.124566
0.057397
0.117906
0.088335
-0.022345
-0.085603
0.001642
-0.042673
-0.047850
0.105810
-0.051732
0.081702
-0.105838
-0.108657
-0.110587
-0.081781
-0.067053
-0.098853
-0.040558
-0.024491
0.024106
0.022670
-0.084628
-0.019914
-0.033786
-0.045502
0.033196
0.003517
-0.054572
0.051063
0.010803
-0.016592
0.000701
-0.123187
-0.008191
0.067229
0.021817
0.009855
0.047805
0.004314
-0.000393
0.001828
0.039549
0.087550
0.013377
0.008563
-0.010330
0.119526
0.039454
0.074016
0.001733
0.102077
0.041252
-0.033361
-0.006813
0.020886
-0.067705
-0.000901
-0.038366
0.025833
0.088337
-0.065916
-0.069454
0.026569
0.030434
-0.015170
0.112409
0.085224
-0.061253
0.023649
0.001406
-0.069227
-0.096862
-0.012625
0.178855
0.066142
0.060809
0.065968
0.034492
0.000086
0.068824
0.085501
-0.004965
0.059327
0.015520
0.049863
-0.020658
0.004422
0.048336
0.029692
-0.027431
-0.056258
-0.161988
-0.037792
0.077463
-0.077436
0.077270
0.090591
0.088140
0.002340
-0.052874
-0.009143
0.081066
0.083892
0.001428
-0.001217
0.066367
0.074522
0.001694
0.066080
0.124426
0.184191
0.080514
-0.031277
-0.013196
-0.137762
-0.133337
-0.106277
0.059315
-0.059560
-0.136380
0.054644
-0.041484
-0.016323
-0.069209
-0.031789
-0.000550
-0.115955
-0.084655
-0.067349
0.026219
0.123138
0.133492
0.067229
0.076749
0.076658
0.041314
0.044237
0.032621
-0.070766
0.002525
-0.043168
0.032057
-0.020411
-0.077477
-0.041897
-0.005560
0.032175
0.004020
-0.030037
0.102703
0.190736
0.009289
-0.024420
-0.012380
0.079394
-0.011405
-0.083626
0.008041
-0.010388
-0.033940
-0.004725
-0.025425
-0.101511
0.058503
0.154661
0.071138
-0.048255
0.015786
0.016711
0.064404
0.095318
0.031134
0.029727
0.043225
-0.041911
-0.028389
-0.020780
0.075584
0.125976
0.060492
0.078661
0.074970
0.076176
0.113873
0.065609
0.156166
0.075111
0.057512
0.040614
0.050045
-0.034105
-0.064427
0.044621
0.028538
-0.053257
-0.084708
-0.137705
-0.011915
0.101293
0.016219
-0.051616
0.063361
0.138949
0.082060
0.025191
0.021844
-0.069061
-0.093591
0.050754
-0.032989
0.003507
-0.036293
-0.066244
-0.048447
0.030750
0.064055
0.012247
-0.116070
0.034574
0.074976
0.027369
0.105828
0.047592
0.003105
0.068230
-0.016861
0.160245
0.052858
0.062995
0.037890
-0.001170
-0.051302
-0.077226
-0.048534
-0.069897
-0.036501
-0.029497
-0.148852
0.068946
-0.008461
-0.031157
0.038253
-0.046831
-0.042099
0.038139
0.004342
0.006082
-0.088873
-0.044137
0.045189
-0.012810
0.087646
-0.005598
0.022847
0.025614
0.010963
0.088889
0.013994
0.068291
0.009327
-0.072743
0.018841
0.005292
-0.041900
0.059710
0.032925
-0.000704
-0.031131
0.010734
0.065048
0.085262
0.032746
0.009785
-0.017942
-0.041893
0.023812
0.171544
-0.005630
-0.051548
0.088159
0.037357
0.061170
0.018368
0.004880
-0.094138
-0.095798
-0.025807
0.012020
0.072757
0.063024
0.094952
0.134341
0.047482
-0.053117
0.018826
-0.099917
-0.085434
0.035914
-0.001325
0.036215
0.014802
0.094975
0.066010
-0.002797
0.047146
-0.013622
0.064705
-0.015015
-0.003260
0.000401
0.070186
0.166874
0.018652
0.045452
0.028199
0.006187
-0.026345
0.051432
-0.136604
-0.076046
-0.024462
-0.063179
-0.083190
0.094009
0.086567
-0.070489
-0.041061
0.035715
0.014358
0.013856
-0.084251
0.052274
0.039859
0.004806
0.022313
0.038233
0.067198
0.000955
-0.088449
-0.015329
0.003849
-0.055373
-0.017346
-0.058187
-0.058174
-0.016431
-0.040970
0.045549
0.011074
0.004753
-0.004045
-0.016683
-0.054952
0.046203
0.054375
0.087487
0.091633
0.173277
0.151850
0.070455
0.046450
-0.026630
0.071407
0.118482
0.107878
0.097978
0.155332
0.075652
0.034335
0.082246
0.053787
-0.023919
0.047697
0.040018
-0.089737
-0.174169
-0.098359
-0.059701
0.036028
-0.029379
-0.034487
0.064117
-0.063520
0.021639
-0.061920
-0.109990
-0.117845
-0.069677
-0.007602
-0.080240
0.137182
0.137099
0.063446
0.078951
-0.062462
0.023352
-0.046390
0.036357
0.010872
-0.058257
0.080527
0.045805
-0.014271
-0.024986
0.016572
-0.005613
-0.049997
0.056733
0.033639
0.017763
-0.096522
0.077392
0.009313
-0.060406
-0.013748
0.027120
-0.093242
-0.048008
-0.021532
0.070232
-0.040978
0.042833
-0.091358
-0.079760
0.107303
0.052337
0.025179
0.100383
-0.010690
-0.057111
0.043423
-0.080633
-0.051744
-0.039240
-0.055130
-0.030860
0.000014
0.026207
-0.010660
-0.124143
0.022202
-0.093002
-0.140610
0.024934
-0.007358
0.031411
-0.080603
0.041814
-0.031926
-0.018577
0.042278
0.023922
0.127396
0.027447
-0.001609
-0.065269
0.038360
-0.032654
0.050862
0.008181
-0.015748
0.123750
0.094022
0.055415
0.086285
-0.020040
-0.040534
-0.023679
-0.022871
0.106607
0.079288
0.003108
0.004416
0.049734
0.026306
-0.039173
0.026093
-0.017943
0.009606
-0.005130
-0.005139
-0.000492
0.037926
-0.002992
0.018262
-0.037203
-0.006013
-0.067144
-0.137770
0.056852
0.014797
0.052720
0.079941
0.005716
-0.069481
0.018468
0.018286
0.090934
0.051236
0.132512
0.035896
0.045777
-0.007915
-0.109713
-0.095900
-0.128786
-0.147041
-0.006815
-0.049743
-0.039947
0.062520
-0.004310
-0.025019
0.069638
-0.054229
-0.063216
0.016894
-0.054702
0.040251
0.013314
-0.001319
0.052085
-0.080427
-0.078977
0.042834
0.034834
0.095704
0.021415
-0.050814
0.148794
0.044628
0.071552
0.030937
0.031146
0.022617
0.001175
0.043309
0.060755
0.033759
-0.009412
-0.155027
-0.076629
-0.034413
0.087257
-0.014613
-0.028289
0.102126
0.042153
0.020097
0.059006
0.079125
-0.021845
-0.153716
-0.105085
0.005640
-0.037613
-0.080015
0.034670
0.011609
-0.043332
0.103052
-0.004446
-0.073454
0.074138
0.139569
0.008849
-0.101460
0.009050
0.067347
0.002411
0.054874
0.134376
0.102612
0.068988
0.008806
0.076435
-0.079399
0.052631
0.121273
-0.031710
0.027253
-0.011614
-0.009481
0.093371
0.016799
0.058803
0.087537
0.167652
0.097000
-0.054391
0.089556
-0.052995
-0.040765
0.018057
0.058207
0.043078
0.000947
-0.045601
-0.054035
-0.005558
0.084693
0.058898
0.009205
0.069687
0.038367
-0.086050
0.001389
0.033373
-0.040394
0.027348
0.003026
-0.046230
0.030270
-0.053560
-0.142627
-0.101895
0.037005
0.116411
0.023959
0.093994
-0.030908
-0.032453
-0.086101
0.063426
0.020196
0.024267
0.051294
0.076693
-0.056814
-0.121041
0.012186
-0.073330
-0.107289
0.047336
0.058680
-0.031897
0.041955
0.070856
0.007911
0.075655
-0.058961
0.008945
0.051004
0.026743
-0.085987
-0.017981
0.019667
0.008239
-0.163946
0.089492
0.081987
0.037218
0.028231
0.051350
-0.035592
-0.054451
-0.083283
-0.080338
0.098073
0.046940
-0.033567
0.076365
-0.051225
-0.046628
0.065881
-0.076207
0.035842
0.070620
0.058944
-0.011189
-0.105362
-0.060889
-0.021668
0.020220
-0.028899
-0.001571
-0.047250
0.044768
-0.022834
-0.040288
0.056102
-0.095932
-0.021831
-0.064563
-0.050739
-0.110834
-0.019041
0.063729
0.086649
0.122895
0.073319
0.072650
0.058933
0.035361
-0.001004
-0.029683
-0.014269
-0.001094
-0.103962
-0.080628
-0.011027
0.040092
-0.123705
-0.019536
-0.032704
-0.061661
-0.081937
0.017368
0.015765
-0.041925
-0.022010
-0.048228
0.011150
0.113410
-0.014024
-0.050247
0.022128
0.053438
0.002118
0.085588
0.017506
0.037167
-0.063852
-0.028327
0.022365
-0.009218
-0.033356
0.013067
0.025228
-0.022798
0.001232
0.061619
0.010994
0.064048
0.071434
-0.075030
-0.054263
0.044076
-0.049849
0.081130
0.042111
0.065971
-0.006286
-0.015704
-0.001408
0.087686
-0.029583
-0.018703
-0.081583
-0.110517
-0.059602
0.071056
0.111001
-0.019255
-0.034437
0.034998
-0.098671
0.037044
0.099993
0.035102
0.079936
0.019352
-0.045093
-0.011450
-0.022486
0.079195
-0.042637
-0.120454
-0.066460
0.037992
0.088767
0.117756
0.141913
-0.004648
-0.026273
-0.050349
-0.071216
-0.052446
0.054419
-0.049530
-0.166929
-0.056071
0.053343
0.059138
0.079092
0.063527
0.076834
0.024663
0.044673
-0.002514
0.032821
-0.005560
-0.042817
-0.029365
0.037718
-0.020346
-0.010488
0.025114
0.013161
-0.112351
0.009703
-0.034088
-0.024115
-0.011772
0.022482
0.047736
-0.081892
-0.011228
-0.040670
-0.093034
-0.118388
-0.087905
-0.017708
-0.060221
-0.091507
-0.069367
-0.055082
0.012037
-0.059656
0.050273
0.055821
0.017543
0.031445
-0.104794
0.017277
-0.042668
-0.021008
-0.028839
-0.066189
-0.053355
-0.055755
0.025433
-0.037314
0.050969
0.114049
0.050910
0.030089
-0.050491
0.036266
0.037847
-0.137095
-0.066575
-0.000151
0.038595
-0.089135
-0.056368
-0.028346
-0.014423
0.023992
0.029751
-0.018923
-0.016113
-0.062317
-0.042036
0.009222
0.014457
0.047473
-0.099878
-0.074005
-0.078466
0.034960
-0.003103
-0.071552
0.048921
-0.004026
-0.084444
0.003915
0.008912
-0.096759
-0.123409
-0.077609
0.009479
-0.062611
0.013224
0.049885
0.026518
-0.039002
-0.000818
0.023882
0.049517
0.074505
0.073335
0.080317
-0.143816
0.157887
0.053192
-0.089676
-0.011967
-0.017901
0.072387
0.022779
-0.058322
0.063572
-0.019955
0.048850
0.027066
-0.075866
0.005212
0.007751
-0.047045
0.092317
-0.077346
-0.039646
0.111528
0.056765
-0.035235
-0.028252
-0.072817
-0.042224
-0.024987
-0.105821
-0.023857
-0.012436
0.005435
0.023259
-0.023777
-0.072451
0.027281
0.096400
0.046638
0.020711
-0.014836
0.048211
0.017654
-0.062518
0.092366
0.046599
-0.013389
-0.008103
0.022789
0.019535
0.060553
0.039835
-0.039384
0.081969
0.004810
-0.061164
-0.001394
-0.003869
0.063403
0.027138
0.143402
0.172817
0.043184
0.042701
0.033570
0.097642
0.014007
0.067164
0.002281
-0.054107
0.060163
0.039652
0.023570
0.044815
0.000114
-0.020761
-0.004971
-0.046863
-0.042597
0.144076
0.004677
0.048430
0.006391
-0.080832
-0.065629
-0.074427
0.006854
0.080878
0.087261
0.116489
0.150270
0.032673
0.034324
-0.073971
-0.057400
0.015365
0.054586
0.065587
0.009263
-0.037161
0.020528
0.023891
0.066790
-0.005878
-0.046944
0.103170
-0.038108
-0.066810
0.049297
0.004658
-0.004489
-0.062778
-0.098658
0.016923
-0.101566
-0.192807
-0.064387
-0.001139
-0.003907
0.025314
0.063980
-0.044697
0.097217
0.011674
0.015806
-0.084687
-0.040998
-0.003569
0.012810
-0.033327
0.051925
-0.047527
-0.019864
-0.040203
0.056874
-0.005945
0.005404
0.087661
-0.049686
0.119096
0.047446
-0.082096
0.017137
0.046267
-0.084401
0.011779
0.027556
-0.126722
0.037532
0.039192
0.060034
0.029934
0.084250
-0.063445
0.016808
0.100442
0.094408
-0.013858
0.003686
-0.019770
-0.060818
0.007529
0.111359
0.045088
-0.030181
-0.043754
0.052079
0.046243
0.069126
-0.036039
-0.097644
-0.019200
-0.064695
-0.008715
0.022514
0.005509
-0.049405
-0.011824
-0.050649
0.010315
0.075547
0.131780
0.070164
0.034003
-0.072105
0.056406
0.031392
-0.054380
0.019384
0.072276
-0.034085
0.059780
-0.032591
0.043212
0.060404
0.029403
-0.008971
0.002562
0.052777
0.042286
-0.073075
-0.062925
-0.025959
0.031817
0.032246
0.104693
-0.045454
0.051085
-0.012485
-0.051861
0.087206
0.015146
0.032704
0.012589
-0.053387
-0.002161
0.037588
-0.116638
0.001117
0.068603
0.037030
-0.074331
0.005943
0.077572
0.052046
0.068192
-0.087604
-0.038371
0.017806
-0.019711
-0.030147
-0.065778
-0.092124
0.021840
0.066724
0.038416
0.006796
-0.111084
-0.003802
-0.029873
-0.065038
0.036572
0.011035
0.080019
0.010354
0.045965
-0.007869
-0.015907
-0.143255
0.027012
-0.000906
0.005465
0.074784
-0.007671
-0.044685
0.072671
0.145909
0.077550
-0.057897
-0.139979
-0.028306
0.019367
0.004200
0.068372
-0.027192
-0.079846
0.047617
-0.052887
-0.015398
-0.012275
-0.042510
0.040478
0.067407
0.029122
0.022352
0.074623
0.052790
0.029011
0.104432
0.034896
-0.122924
0.064969
-0.040858
-0.100963
-0.028286
-0.091927
0.010277
0.029146
0.094913
0.182640
-0.012522
-0.037663
-0.035875
0.081572
0.032524
0.052646
0.087216
0.010910
-0.121102
-0.075308
0.122328
-0.013172
0.032698
-0.016329
-0.093907
-0.087656
0.097562
-0.004818
0.075912
-0.000818
0.075233
0.080095
0.032831
-0.040081
0.034739
0.065993
0.093614
-0.007166
-0.031193
-0.029615
0.077381
0.036203
-0.049500
-0.027698
0.077423
0.098509
0.053342
0.041395
0.065492
0.065921
-0.013831
-0.061977
-0.003132
-0.010248
0.006388
0.010480
-0.001478
0.066528
0.165136
-0.015944
0.070678
-0.048199
0.080947
0.084611
-0.008711
0.049625
-0.116356
0.020547
0.002460
-0.147313
-0.032771
0.047114
0.036912
0.055492
-0.041620
-0.064734
0.207838
0.133705
0.119554
-0.042268
-0.107280
0.042769
0.142670
0.171647
0.057767
0.048943
0.041225
-0.013132
0.093475
0.026072
0.019920
0.088914
0.135492
-0.006085
0.009070
0.074065
-0.089594
-0.057167
-0.012383
0.016282
0.034297
-0.100024
0.016802
-0.101529
-0.069926
-0.013313
-0.095298
-0.122401
-0.018647
-0.073266
-0.140138
-0.090211
0.035794
-0.001146
0.006142
-0.014473
-0.006852
0.003549
0.011294
0.018484
0.109601
0.052116
-0.021375
0.033147
-0.007484
0.004637
-0.049945
0.005789
-0.005766
-0.045418
-0.009399
0.019761
-0.055195
0.102233
0.037740
-0.053351
0.000228
0.004924
0.118357
0.131647
0.089261
0.119223
0.080306
-0.004704
0.039198
0.041837
0.032009
-0.062005
0.067300
0.074316
-0.076623
0.012558
0.081417
0.030602
0.111158
0.128586
0.115210
0.029627
0.000708
0.055816
0.052242
-0.023231
0.045064
-0.111511
0.009693
0.111954
-0.026714
-0.042591
-0.149938
-0.005341
-0.101776
-0.078093
0.067274
0.097192
0.024296
-0.083014
0.031853
-0.014709
0.039196
-0.041061
-0.012217
0.063210
0.081138
0.038327
0.071535
0.096744
0.129264
0.005019
0.043983
0.044352
-0.010881
-0.029401
-0.021645
0.047321
0.148645
0.055230
-0.031739
0.098408
0.165336
0.095335
0.133757
-0.006863
0.086537
0.073587
-0.045534
-0.024763
0.098501
-0.028620
0.121826
0.082141
-0.045922
0.055945
0.038725
-0.033937
-0.034065
0.034623
0.086568
-0.088596
0.034621
0.008494
-0.012377
0.061070
-0.015271
-0.052080
-0.009651
0.159421
0.052148
0.130559
0.189672
0.029469
0.030859
0.116366
0.107773
-0.093607
-0.022354
0.052043
0.066004
0.011979
-0.016840
0.113781
0.094676
-0.013767
0.073717
0.140197
0.051233
-0.025165
0.015890
-0.018600
0.013032
0.151104
0.061675
0.007568
0.046728
-0.028876
-0.077505
-0.063090
0.012146
0.062368
0.006509
0.059185
0.056949
0.021880
-0.100521
-0.060618
0.166619
-0.024585
-0.075194
-0.102308
-0.003351
0.070924
0.047264
0.061414
0.090058
0.057345
0.097878
0.076100
-0.025007
0.090062
-0.002789
0.002380
-0.006477
-0.097301
-0.036263
0.044561
-0.015093
-0.098372
-0.017862
0.119381
0.069544
0.035734
0.022543
0.051763
-0.008928
-0.045693
-0.060943
-0.056832
0.086600
0.062995
0.011149
-0.015482
0.005685
0.070360
0.035924
-0.018192
0.020181
-0.013336
-0.084510
-0.046833
-0.062487
-0.140453
-0.085779
-0.087265
-0.065707
0.007884
0.015228
0.032069
-0.078046
-0.013331
0.012377
0.030235
0.054328
0.010193
0.038676
0.096004
0.075557
-0.063689
0.021663
0.012085
-0.014419
0.032915
0.027346
-0.032685
0.031566
-0.067956
-0.060789
0.061062
0.036273
0.105418
0.040350
-0.030757
0.013484
0.045382
0.056636
-0.027618
0.053459
-0.066264
-0.015168
-0.025903
-0.050620
-0.044557
0.026146
0.060682
0.076385
0.034724
-0.042073
-0.083380
0.107095
0.086098
0.184829
0.029390
-0.091386
0.039232
-0.056096
-0.037907
-0.011637
-0.116590
-0.012274
0.018901
0.102892
-0.073653
0.016516
-0.086546
-0.031693
0.034957
0.003893
0.014742
-0.093844
0.025238
0.060418
-0.045747
-0.068934
0.023679
-0.041609
-0.024539
-0.033132
0.048277
0.027744
0.055595
0.004446
-0.078281
-0.045574
-0.008539
0.045348
0.125026
0.006244
0.030571
0.071361
0.051325
-0.019018
0.005673
0.015152
0.091610
0.089927
-0.024518
0.023015
-0.007937
-0.103632
-0.072267
-0.007860
-0.086842
0.066190
0.057034
0.093285
0.004410
0.053060
0.031979
0.135372
-0.013313
-0.017713
-0.010970
-0.078874
0.081710
0.065239
0.022482
0.014248
-0.070276
-0.130718
-0.026077
-0.044535
0.004727
-0.078267
0.015216
0.067389
0.095338
-0.016681
-0.014961
0.097359
0.032508
0.036582
-0.028640
0.041736
0.032448
-0.066831
-0.048567
-0.002777
0.047860
0.128537
0.108225
0.113362
-0.000870
-0.016567
0.015678
-0.042641
-0.135633
0.049101
0.043774
-0.037379
-0.007147
0.021581
0.088204
0.089227
0.013699
-0.000436
0.049829
0.119631
-0.047113
-0.021929
-0.008788
0.007349
-0.008111
0.048944
0.081714
0.000238
0.100059
0.035944
0.059636
-0.023880
0.125334
0.074568
0.053768
0.059294
-0.008011
-0.074715
-0.047917
0.151885
0.094804
0.157738
0.053094
-0.045189
-0.028121
-0.094152
-0.111159
-0.011660
-0.039442
0.045335
0.116886
0.084209
0.014355
-0.016540
0.051310
0.110774
0.058453
0.082570
0.068938
0.071106
0.077792
0.154955
0.120137
0.011510
-0.033038
-0.037175
0.005481
-0.110474
0.124634
0.083230
0.076779
0.076168
-0.008290
-0.040433
0.121531
0.095285
-0.114903
-0.098861
-0.037030
0.003236
-0.003026
-0.010174
-0.083711
-0.020361
-0.083189
-0.022874
0.045059
0.004816
-0.042871
0.031533
0.028697
-0.017444
-0.027528
-0.016054
0.019240
0.101946
0.090462
-0.055682
-0.013893
0.079316
-0.076766
-0.012643
0.061300
0.027081
0.046338
0.113142
0.036625
0.015929
-0.101434
-0.020676
0.013973
0.060121
0.031585
-0.051420
-0.068313
-0.060300
-0.033309
-0.001616
-0.035820
0.014822
-0.028869
0.046900
0.071192
-0.007453
-0.005526
0.133347
0.021617
-0.020958
0.066980
0.046736
0.085035
0.120288
0.050526
-0.023286
0.027725
-0.004088
0.035983
-0.093421
-0.062653
-0.002883
0.058132
-0.026580
0.009417
-0.002546
-0.018113
0.028226
-0.119125
0.075810
0.078907
0.007089
0.055949
0.067406
-0.042805
0.088540
-0.064326
-0.052839
0.071159
-0.078597
-0.110649
-0.074606
-0.047265
-0.027104
0.090089
0.053783
-0.057834
0.042842
0.027501
-0.063959
-0.087473
0.081147
-0.069167
-0.070146
-0.010539
-0.012512
0.113757
0.017178
0.075539
-0.025169
-0.026267
-0.126717
0.017471
0.104727
0.007231
0.114788
0.011028
-0.059730
-0.022572
0.026351
-0.060117
0.027716
0.005265
-0.012199
0.071451
-0.017032
0.049599
0.087112
-0.024406
0.005392
0.033102
0.026172
-0.004858
0.070729
-0.010169
0.039936
-0.000977
-0.009110
0.099445
0.136101
0.047359
0.033929
0.065773
0.059059
0.068834
0.003998
0.006458
0.033585
-0.057028
-0.014173
-0.004272
-0.009295
0.062977
0.050792
0.018654
-0.014716
-0.015183
-0.071528
-0.031201
0.032019
-0.046480
0.014649
0.011258
0.018428
-0.072092
-0.045127
0.131582
0.000506
-0.008850
0.017990
0.022175
0.093371
-0.023463
-0.095586
-0.000156
0.017630
0.010656
-0.098241
0.084174
0.001450
0.120240
0.094675
0.088699
0.092834
0.074316
0.038416
-0.027396
0.010159
0.047332
-0.091538
0.060473
-0.014129
-0.007102
0.096921
0.023673
0.085445
0.100344
0.058980
-0.061938
0.014983
-0.079313
-0.071426
0.060678
0.006811
-0.047412
-0.049145
-0.117751
-0.036178
0.076845
0.127966
0.079326
0.015214
0.031922
0.102011
0.021899
0.043557
0.036433
0.000420
-0.046868
-0.062427
0.059042
0.033979
0.070217
-0.015252
-0.066428
-0.058725
-0.038738
0.006479
-0.014135
0.059780
0.091410
0.048191
0.001556
-0.023458
-0.026211
-0.060995
0.012716
-0.033978
-0.066423
-0.042432
0.069111
-0.022369
0.124508
0.076886
0.030660
0.036350
-0.005719
-0.064443
-0.101105
-0.050084
0.050030
-0.031569
0.060544
0.115776
-0.022784
0.027567
0.008125
0.094308
-0.083682
-0.079352
-0.029983
-0.107431
-0.051364
-0.075252
0.014010
-0.078620
-0.020158
0.062365
0.025014
-0.042826
0.112918
-0.052104
-0.121261
-0.059239
0.056544
0.069222
-0.077819
0.041090
-0.002149
0.084217
0.006737
-0.135141
-0.064383
-0.061983
-0.083408
-0.045825
0.023000
0.114199
0.027394
0.058809
0.010843
-0.092628
0.040542
0.041696
-0.089588
-0.068167
-0.059894
-0.065011
0.063124
-0.035775
-0.081194
-0.027188
-0.078931
-0.049026
-0.141528
0.017344
0.150817
0.021332
0.029003
-0.033897
-0.063323
-0.065174
-0.019914
-0.009483
0.064544
0.142760
-0.039290
0.004678
0.021345
0.011209
-0.008596
-0.219479
-0.086508
0.073481
0.022429
0.080122
-0.004327
0.036451
0.034792
0.058910
0.031895
0.001965
0.016007
0.009959
0.011088
-0.091777
0.054018
0.004274
0.025824
-0.054329
-0.104273
0.029765
-0.032785
-0.062185
0.083479
0.089547
-0.008702
-0.041183
-0.075852
0.030697
0.021693
0.060820
-0.002481
0.083874
-0.007735
0.054159
0.023652
0.023261
0.007685
-0.018965
0.022473
0.063994
-0.033854
-0.084992
0.118251
-0.020828
0.043354
0.083780
0.043245
0.037295
-0.016790
0.048030
-0.001514
0.097247
-0.002776
0.031291
-0.102677
0.036037
0.094598
-0.004826
-0.010683
-0.025807
0.055027
0.023149
0.082796
-0.021233
-0.039189
-0.001535
-0.094775
-0.056696
-0.109141
-0.036526
-0.043072
-0.056859
0.006596
0.095519
0.015606
0.039989
0.077696
0.055909
0.021348
-0.008874
-0.010953
-0.005732
-0.053053
-0.002288
0.013292
0.027758
-0.035731
-0.136603
-0.027749
-0.026985
0.069352
-0.033535
-0.068657
0.049305
-0.037181
0.075881
0.158360
-0.013746
0.045238
0.031256
0.035438
-0.015855
-0.032915
0.057108
0.021595
0.048493
0.048381
-0.008529
0.143681
0.010841
-0.099412
0.033999
-0.032869
-0.015126
0.089819
0.001555
-0.001883
0.076160
0.012808
0.059413
0.081634
0.019618
-0.049688
0.010141
0.070356
0.216608
0.025938
0.027326
0.115466
0.013807
0.142516
0.088776
0.050956
0.001822
-0.014209
0.070896
-0.014315
-0.065296
0.084853
0.079989
-0.052818
0.123716
0.017556
0.020163
0.030534
0.062936
0.046938
0.040937
0.124094
-0.021863
0.041353
0.059644
0.185888
0.060381
-0.048787
0.075961
-0.075363
0.143871
-0.021190
0.116989
0.022242
-0.078645
0.012037
0.027003
-0.086180
0.016070
0.104322
-0.019953
0.044394
-0.019669
-0.053736
0.047953
-0.062876
0.003368
-0.111268
-0.053771
0.021858
0.015797
0.007209
-0.093132
0.037124
-0.069422
-0.068524
0.136279
0.040855
-0.086962
-0.010877
0.066375
0.095146
0.021699
-0.001386
0.016598
0.014391
-0.034062
-0.039642
-0.071026
-0.044804
0.005321
-0.046072
0.057893
-0.014412
-0.065894
0.045137
-0.068911
0.047860
0.044702
-0.058154
-0.029581
-0.053477
0.017426
-0.106083
-0.083479
0.027538
-0.088338
-0.002526
-0.111562
-0.066213
0.012721
0.037146
-0.040942
0.130531
0.053284
-0.057303
-0.073091
-0.001703
0.013005
0.069870
0.017434
-0.083287
0.012431
0.058910
0.093020
-0.002933
0.061147
0.006062
0.011541
0.010455
0.052310
0.023158
-0.067628
-0.052876
-0.075699
-0.049890
0.071201
-0.027091
0.044136
0.010288
0.007683
0.074669
0.031754
0.075640
-0.115185
0.033244
0.097094
-0.027677
-0.026319
-0.056942
0.006677
-0.048984
-0.076978
-0.073021
0.010720
0.039983
-0.034203
-0.110654
-0.077882
-0.045764
0.005473
0.036428
0.014631
0.109312
0.098061
0.068044
0.068577
0.003681
0.078136
0.122868
0.037615
0.009999
0.043290
0.072966
0.005600
0.032610
-0.062336
-0.050868
-0.033164
0.031912
0.041130
0.060037
-0.072411
0.009375
-0.040116
0.001427
0.015721
0.075559
0.083569
0.083903
-0.033017
0.024530
0.039351
0.077405
0.046881
-0.071665
-0.004608
0.095202
0.033837
-0.064332
-0.098702
-0.057606
-0.134524
-0.097716
0.027983
-0.071580
0.055000
-0.035393
-0.074735
0.034091
-0.018038
0.106635
0.108451
-0.022659
0.009325
0.039274
0.028005
-0.009847
-0.022009
0.111633
0.058303
-0.040647
0.011564
0.045842
0.105046
-0.067165
-0.062771
-0.022242
0.035941
0.041425
-0.023320
0.002420
0.038816
-0.013516
0.045533
0.068667
0.000440
-0.089001
0.031259
-0.044849
0.038764
-0.018539
-0.027259
0.027041
0.031646
-0.079776
-0.043244
-0.115872
0.053791
0.048271
0.084301
0.046699
-0.014298
0.023983
0.075968
-0.067130
-0.004311
0.022810
-0.008421
0.024988
0.037626
0.000834
-0.092160
-0.048024
-0.031994
-0.066622
-0.030349
-0.082339
-0.048659
0.088600
0.071895
0.037051
-0.090763
-0.037948
-0.106051
-0.085683
0.004048
-0.043888
-0.003649
-0.005083
-0.054248
0.009906
0.012940
0.082342
0.015825
-0.004798
0.013997
-0.046811
-0.060201
0.014970
0.090902
-0.003758
0.093336
0.014985
0.003412
-0.082847
-0.000559
0.027905
0.086905
0.100873
-0.040273
-0.017996
-0.031200
0.037611
0.061180
0.027125
0.000808
0.054658
0.068700
-0.056308
-0.045012
0.042171
-0.126205
-0.055524
-0.090662
-0.037172
-0.009057
-0.062818
-0.021133
-0.072906
-0.085253
-0.043678
-0.017497
-0.074726
0.018546
0.085589
-0.038271
0.073731
0.019529
-0.033192
0.017731
0.049628
-0.015131
-0.040703
-0.021878
-0.076201
-0.056085
-0.033903
-0.140709
-0.003972
-0.078533
0.003983
0.081507
-0.019764
-0.008498
0.012483
-0.005844
0.019826
-0.024441
-0.067886
-0.043423
0.017516
0.060088
-0.005423
0.003345
-0.001219
-0.037635
-0.073584
0.026186
-0.026818
0.040471
0.243057
-0.048010
-0.065971
-0.087384
0.016496
-0.067228
-0.038926
-0.019871
0.004977
-0.088041
-0.037003
-0.033035
-0.007180
0.070349
0.005763
-0.068625
-0.029941
-0.068803
-0.000741
0.014442
-0.061767
0.026374
0.102286
0.093527
0.139446
-0.012730
0.040376
-0.000072
-0.021976
0.005290
0.035231
-0.018295
-0.004687
0.019072
0.059364
0.007809
0.051534
-0.002097
0.032391
0.096044
-0.115285
-0.003897
0.003272
0.023343
-0.011432
-0.049255
-0.022948
0.005604
-0.061890
0.030563
0.015331
-0.009916
0.001504
0.077535
0.030653
-0.004670
-0.053375
-0.012194
0.075521
-0.067984
-0.064486
-0.036723
0.102854
-0.029809
0.025511
0.064128
0.020124
0.018924
-0.075649
0.043587
0.025549
0.019528
0.021104
0.079815
-0.067205
-0.088420
-0.022636
0.020780
0.040458
-0.069752
0.044256
0.107975
-0.092509
-0.181780
-0.224004
-0.132899
0.060035
0.051677
0.015364
0.006680
-0.108647
-0.014690
0.167147
-0.057096
-0.072178
0.074805
0.015072
0.029637
-0.047138
-0.080821
0.015852
-0.081798
-0.035084
-0.049120
0.061282
0.005131
-0.046634
-0.015862
0.010740
0.022183
-0.051540
0.056402
0.139971
0.118278
0.034303
0.021550
-0.099990
-0.021524
-0.018911
0.068507
-0.011212
0.022741
0.131363
0.056875
0.061786
0.025940
-0.070637
0.029718
-0.053831
0.033725
0.031859
-0.008470
-0.005000
-0.049846
-0.012737
0.019100
-0.030206
0.018653
0.071025
-0.044461
-0.040482
-0.065081
-0.126827
-0.090149
-0.013223
-0.079534
-0.011771
-0.014439
-0.107426
-0.078052
-0.021422
0.005586
0.102697
-0.083013
0.025432
0.201921
0.153162
0.038630
0.067052
-0.012499
-0.098854
-0.116339
-0.004007
0.109349
0.098165
-0.093207
0.070376
0.131102
-0.085356
0.017589
-0.002763
-0.009140
0.029933
-0.053984
-0.043769
0.001009
0.089914
0.117566
0.047533
0.078234
0.180193
-0.030786
-0.147339
0.047850
0.049983
-0.059938
-0.004758
-0.081380
0.077805
-0.050159
-0.034580
-0.014467
-0.006981
0.064163
0.018779
-0.008313
-0.071396
0.146789
-0.046259
-0.068394
-0.094296
-0.007501
0.035316
-0.100522
0.007529
0.085483
-0.087468
-0.017486
0.013055
0.075885
0.014049
-0.076183
-0.073262
0.016731
-0.025832
-0.000399
0.042534
0.003471
-0.064490
-0.040144
-0.035270
-0.019199
0.054400
0.007796
-0.004692
0.052979
-0.086337
-0.015902
0.004533
0.047874
-0.060990
0.076247
0.029768
-0.054097
0.066044
0.138843
-0.021275
0.100316
-0.086208
0.008880
-0.034155
-0.010025
0.018471
0.040486
0.033659
0.072927
0.051507
0.098276
-0.001769
-0.036717
-0.075558
-0.093418
0.046044
0.019813
0.089589
-0.003432
-0.035293
-0.077769
-0.051210
0.088109
0.062629
-0.012388
0.029654
0.002772
-0.051939
-0.061661
0.090061
0.074536
-0.010854
0.045792
0.009845
0.000064
0.079022
0.067756
0.017085
0.024388
0.045373
0.000478
0.030881
0.059352
-0.080451
-0.105562
0.026592
0.122683
0.002620
0.015922
0.073638
0.115024
0.133628
0.005910
-0.002552
0.073121
-0.021736
-0.034478
-0.065651
0.007113
0.045146
0.003781
0.022583
-0.071118
-0.000956
0.047482
0.082781
0.141644
0.088272
0.059680
0.046304
0.029614
0.065154
0.074840
0.017239
-0.036216
0.031456
-0.128680
-0.067201
0.036942
-0.040663
0.066425
0.002871
-0.096956
-0.054019
0.114313
0.003799
-0.088660
0.014622
-0.077827
0.071852
-0.007532
0.078506
0.082554
-0.065630
-0.064941
0.105116
-0.003886
0.049125
0.069176
0.032468
0.054570
0.033958
0.154790
0.018216
-0.011537
0.025217
-0.004041
0.158516
0.033133
-0.091877
0.060418
0.002142
0.100080
0.058067
-0.008710
-0.118990
-0.018238
0.094919
-0.068959
-0.003757
-0.035193
0.006385
0.012349
-0.124423
-0.020281
-0.129466
-0.011991
-0.128617
-0.049852
0.016633
-0.063469
0.007921
-0.057050
-0.117157
-0.105379
0.043349
-0.021493
-0.028183
0.076329
0.094829
0.074058
0.021007
0.064437
0.012043
-0.072200
-0.097208
-0.116550
-0.056563
-0.041190
0.030927
-0.009676
-0.038532
0.040305
0.075910
0.067358
0.008751
-0.065366
0.011850
0.065050
0.003516
0.001859
-0.036700
0.095334
0.091665
0.119814
0.042744
-0.048152
0.073401
-0.003687
-0.006572
0.075562
0.098795
-0.046575
-0.105931
0.101769
0.106802
0.002164
0.006072
0.087473
-0.022401
0.066141
-0.032588
-0.007528
0.128274
-0.186814
0.082790
0.138869
0.036724
-0.007203
0.099197
-0.002394
0.067796
-0.007503
0.114863
0.096178
0.057537
0.020183
-0.038123
-0.075046
-0.049886
-0.056906
-0.002519
0.069271
-0.078286
-0.045330
0.017576
-0.052558
-0.008371
0.111354
0.008018
0.060574
0.075579
-0.031704
0.020613
-0.012073
-0.027521
-0.052123
-0.081311
0.024956
0.072847
0.044323
0.061863
-0.035253
0.005119
-0.022215
-0.038597
-0.003524
-0.015092
-0.042265
-0.017454
0.028703
0.073094
0.045500
0.072039
-0.047915
0.017276
0.087048
0.134215
0.103944
0.067072
0.065545
0.094402
0.057325
-0.071641
-0.010150
0.063437
-0.082111
0.015308
-0.087721
-0.063951
0.134784
-0.043477
-0.078222
0.038314
-0.098587
-0.005056
0.095450
0.028233
0.001823
0.123422
0.046225
0.078890
0.106814
-0.013929
0.069584
0.040849
0.147196
0.158892
0.008985
-0.000287
-0.103808
-0.085749
0.030517
0.059925
-0.040329
0.036084
-0.025083
-0.035024
0.042215
-0.006893
0.006332
0.128708
0.076902
-0.032607
0.044214
-0.007409
-0.004589
0.069986
-0.009939
-0.076440
0.025675
-0.001470
0.084133
0.083289
0.029375
0.038209
0.098485
-0.027145
-0.072612
-0.029140
-0.114141
-0.032945
0.069489
-0.066040
-0.008334
0.044725
0.008820
-0.021988
-0.035942
-0.006556
-0.006165
0.045224
0.039567
0.035478
0.031123
-0.004510
-0.026424
0.041594
0.082528
-0.012818
0.128268
0.063593
-0.036189
0.072217
0.056641
0.050201
0.031831
0.083768
0.037368
0.095685
-0.083497
-0.046759
-0.058120
-0.039730
-0.010078
-0.031992
-0.006990
0.098614
-0.076332
-0.133445
0.095301
0.091170
-0.019256
0.049644
0.127917
0.042143
0.021754
-0.014538
0.025379
-0.027014
-0.048219
0.031625
-0.084238
-0.028667
0.100227
0.140009
-0.002097
-0.076334
-0.052468
0.037899
-0.026000
-0.046602
-0.107133
-0.077099
-0.083999
-0.084034
0.023995
0.054813
-0.062805
0.005896
0.047204
0.007738
0.014954
-0.015536
-0.025968
0.030195
0.028131
0.009018
-0.073278
0.098196
-0.049760
-0.057420
0.054844
0.091809
0.064085
0.135657
0.056589
-0.001859
0.004382
-0.011829
0.008379
0.004910
0.121132
0.136043
0.037952
-0.023347
0.072815
0.082838
-0.037957
0.011983
-0.024876
0.097759
0.040927
-0.008200
-0.051835
-0.057902
0.061309
0.043642
0.040651
0.065189
-0.017562
-0.044344
0.011486
-0.030457
-0.017702
0.031792
0.129547
0.171767
0.053874
-0.029494
0.061598
0.109092
0.128646
0.033518
0.122659
0.122698
0.037327
0.047445
0.079954
0.046912
0.018288
0.051729
0.081789
-0.037139
-0.104032
0.087154
0.041927
0.045915
0.132378
0.047798
-0.009896
0.110388
-0.040642
0.003439
-0.066524
-0.091346
0.098948
0.030763
-0.012160
0.019701
0.062663
0.042835
-0.053936
0.067863
-0.020429
-0.021360
0.033225
-0.002361
0.022479
-0.026179
-0.050732
-0.082672
-0.046477
-0.029480
0.026051
0.001177
0.108388
0.055522
0.172943
0.003133
-0.024332
0.010272
0.070899
-0.045044
0.039617
0.088037
0.017991
0.116840
-0.020948
-0.042281
-0.012649
-0.079976
-0.005525
0.049184
0.006808
0.062433
-0.041070
-0.064849
-0.033128
0.035902
-0.022277
-0.045548
0.045962
0.005784
-0.014425
-0.029926
-0.034266
0.008375
-0.030861
0.016605
0.186019
0.058937
-0.010426
0.097474
0.060670
0.104548
-0.030403
0.005684
0.014159
-0.120592
0.030052
-0.046685
-0.135351
-0.119111
-0.073390
-0.029571
-0.056600
-0.067036
0.074721
0.122652
-0.006482
-0.029969
0.029486
-0.011712
0.003235
-0.021977
-0.036990
-0.012291
0.018316
0.092775
0.039272
-0.020703
-0.065334
-0.038354
0.032280
-0.059433
0.058974
0.012125
0.059884
-0.023405
0.031212
-0.069103
-0.028043
-0.019172
-0.009553
-0.123334
-0.013670
-0.058485
-0.002974
0.116860
-0.071213
-0.055713
-0.059772
-0.001368
0.029583
0.064567
0.071507
0.050231
0.005557
0.097782
0.050887
-0.054769
-0.008243
0.059879
0.063104
0.022461
0.047965
0.117847
0.034725
-0.034868
-0.038935
-0.017261
0.092248
0.069573
0.030960
0.052412
-0.044452
0.011392
-0.143993
-0.043026
0.078627
0.009500
0.041023
0.055792
0.114851
0.078550
-0.026315
0.022633
0.037144
0.010308
0.103452
0.003972
0.076946
0.054939
-0.061792
0.005337
-0.142153
-0.077364
-0.012103
0.088237
-0.045906
-0.060656
0.062155
0.168738
0.058058
0.001008
0.023473
0.016694
-0.042254
0.048485
-0.016905
0.007674
0.088008
-0.051124
0.080248
0.171362
0.020643
0.060427
-0.013370
-0.092638
-0.077614
-0.073754
-0.105828
-0.020911
-0.072725
-0.005519
0.080020
-0.045273
0.002351
-0.126052
-0.081849
0.012764
0.033760
0.016406
-0.043520
0.044020
-0.024831
0.020425
0.104822
0.013973
-0.094403
0.001098
0.038585
0.127574
0.137752
0.084137
0.075779
0.036634
0.101490
0.013302
0.094526
0.061275
-0.122436
0.109878
-0.017887
-0.038780
-0.013828
0.014971
0.016424
0.019268
-0.016258
-0.009270
0.074790
0.034757
-0.013819
-0.002921
0.063216
-0.053190
0.037892
-0.028377
0.009447
0.088002
-0.016774
0.044642
-0.009914
0.026817
0.021938
0.025732
0.074225
-0.070824
-0.095460
0.047708
0.034257
0.025397
0.082699
0.016781
-0.040235
-0.024138
-0.004469
-0.024231
-0.023266
0.031856
-0.007717
-0.186277
-0.068252
-0.011943
-0.017596
-0.000701
0.047966
-0.005605
-0.103005
0.096537
-0.066717
0.022951
0.061410
0.068595
0.036840
0.017520
-0.128665
-0.007694
-0.050654
-0.149239
-0.089318
0.013567
0.055137
-0.023747
0.005944
0.069382
0.023615
-0.023888
-0.008666
0.088049
0.047160
0.178189
0.109040
0.044555
0.044692
0.079854
-0.003601
0.021985
0.038536
-0.053316
-0.122009
0.010881
-0.063361
-0.046318
0.014233
0.063151
0.075594
-0.004304
-0.043449
0.081814
-0.032300
-0.075989
0.044397
-0.033675
-0.010593
-0.016011
0.042534
0.032088
0.043183
0.006526
-0.001450
-0.013930
0.056515
-0.001034
0.003513
-0.025667
-0.028994
0.059892
0.060266
0.118789
-0.086176
0.032355
0.054689
0.033207
0.080516
0.056759
-0.015099
0.051349
0.065885
0.028773
-0.027883
0.073218
0.018828
0.006650
-0.004689
-0.028829
-0.037116
0.102565
0.104862
0.073162
-0.017219
0.008567
0.059927
-0.056684
0.085074
0.130337
0.002438
-0.006036
-0.022176
-0.044481
-0.002698
0.039799
-0.014707
-0.008785
-0.031979
0.095444
0.031898
-0.018948
-0.005696
0.011711
0.074251
0.059118
-0.057237
-0.046627
-0.093845
-0.027414
0.039751
0.039884
-0.019734
0.038857
-0.040687
-0.000777
0.000219
-0.111543
-0.024730
0.022884
0.023860
0.085813
0.020058
0.128084
0.001529
0.026758
-0.065365
-0.100912
0.031174
0.011619
-0.058889
-0.054411
0.103741
-0.044225
0.046050
-0.002096
0.092672
0.026513
-0.064936
-0.046132
-0.003632
0.013203
0.085602
-0.055940
-0.058861
0.008273
0.004424
-0.028903
-0.041160
-0.107288
-0.090765
0.033665
0.011507
0.043344
-0.032620
-0.061571
-0.068180
0.035710
0.052690
-0.091620
0.018474
0.064298
0.088453
0.049550
0.022874
0.077009
0.049540
0.074535
0.070766
0.048502
0.058729
0.034864
0.040330
-0.026368
0.026858
0.069896
-0.112049
-0.028466
0.041148
0.023354
0.021256
0.017304
-0.036049
0.053140
-0.082582
0.121215
-0.050575
-0.016785
0.094470
-0.002411
0.096671
0.052319
0.041526
0.081296
0.052371
0.072522
0.021403
0.002050
-0.021343
0.000062
0.046279
-0.051983
0.051363
0.012702
-0.024908
-0.001054
0.004611
-0.119224
-0.069428
0.015101
-0.002181
0.016244
-0.009498
-0.028630
-0.047280
0.030269
0.081553
-0.099139
0.148058
0.083657
0.015549
-0.044960
0.062567
-0.060173
0.017805
0.043919
0.029685
0.046274
0.054556
0.016284
0.052344
-0.013491
0.084569
-0.011159
0.012072
-0.073420
0.008516
-0.029565
-0.013963
-0.089040
0.057266
0.078309
0.009727
0.024577
0.073592
0.000654
0.002565
-0.039090
0.024254
0.007231
-0.146751
-0.107712
0.054995
-0.027978
0.053771
-0.027740
-0.116524
-0.095565
0.019204
0.054335
0.061513
0.024927
0.063282
0.104067
0.083268
0.180333
-0.042969
-0.109449
0.010270
-0.143596
0.026491
0.057165
-0.085585
0.024432
-0.005905
0.047166
0.227776
0.195760
-0.003892
0.004055
0.036515
0.042368
-0.013568
0.054595
0.075401
-0.012706
0.033918
0.032530
0.033721
-0.012630
-0.045891
-0.015257
-0.058246
0.126183
-0.010594
0.125475
0.168745
0.005344
0.031563
-0.005208
0.083628
0.026741
0.013764
-0.093193
0.073107
-0.024793
-0.045063
0.032870
-0.129028
-0.074686
-0.004591
0.013503
0.052486
-0.057289
-0.029111
0.028256
0.152027
0.010932
0.066541
0.011612
-0.048415
-0.044772
0.015025
-0.001610
0.028859
-0.043766
-0.045153
0.020809
-0.034441
-0.089687
-0.010649
0.029658
0.040617
-0.003708
0.000388
0.050790
0.012199
-0.050289
-0.025138
-0.068268
0.099928
0.117778
0.139697
0.175643
0.143013
0.052115
-0.050991
0.050670
-0.058544
-0.035905
0.025998
-0.032832
-0.056898
0.072246
0.023778
-0.047467
-0.058704
0.005718
-0.094169
0.008150
0.000466
-0.010707
-0.030822
-0.021114
-0.007883
-0.032215
0.065905
0.005587
-0.029048
0.020798
0.082048
0.132061
0.092338
-0.034693
-0.087323
-0.084418
-0.101842
0.040776
0.096930
0.058833
-0.051275
-0.105394
-0.107426
-0.207985
-0.056218
0.018004
-0.051982
0.111465
0.046505
0.160404
0.092752
-0.073696
-0.087005
0.013042
0.028543
-0.000128
-0.031670
-0.068992
-0.056117
-0.051696
-0.007845
0.017596
-0.017029
0.007626
0.019432
-0.022726
0.001628
0.124626
0.092797
0.025947
0.010523
0.021647
-0.090435
-0.089644
-0.056512
-0.009910
0.024017
0.004144
0.016181
0.024637
0.052126
0.005673
0.026782
-0.047748
0.064359
0.121763
-0.004826
0.040508
0.068110
-0.031165
0.000980
-0.100594
0.008641
-0.016383
-0.023611
-0.004690
0.023722
0.054646
0.014946
0.067952
0.073719
0.120181
-0.072554
-0.054242
0.126710
0.013187
-0.075185
-0.040648
-0.022462
-0.000270
0.063277
0.005758
-0.022623
0.011601
-0.073457
0.007654
0.159150
0.006783
0.012049
0.007538
0.065698
-0.034788
-0.001594
-0.000195
0.075806
0.111418
-0.009709
0.097602
0.034073
0.020840
0.001252
0.106098
0.047037
-0.090932
-0.101525
-0.086759
0.042653
0.066667
-0.076875
-0.066367
0.059254
-0.015919
-0.018401
0.028970
0.030990
0.049037
-0.040696
0.050148
0.001706
0.001434
-0.048087
-0.091225
-0.036378
0.061988
-0.111872
-0.018101
0.012340
0.033354
0.054390
0.021570
-0.026112
-0.093243
-0.013432
0.073064
0.127392
-0.005594
-0.022101
0.049046
-0.064409
0.042713
0.048585
-0.002328
-0.153671
-0.041025
-0.073831
0.138253
0.138678
0.001966
0.123563
0.103278
0.110052
0.036891
0.075260
0.077851
0.041988
0.066089
-0.056012
0.040494
0.010407
-0.046720
-0.018868
0.003438
0.014522
-0.056604
-0.030590
0.015624
0.102314
0.099947
-0.051835
-0.041601
0.026606
0.004215
0.077112
0.081722
-0.058184
-0.078692
0.008444
-0.008147
-0.013815
0.127536
0.045511
0.022788
0.122146
-0.007987
0.013355
-0.042919
0.000165
-0.068501
-0.114196
-0.011947
-0.091294
-0.041440
0.022040
-0.065881
0.150607
0.167589
0.077666
-0.008167
-0.014276
-0.091844
0.053915
-0.056061
-0.099908
-0.070994
0.090278
0.076894
0.047534
-0.003767
0.072397
-0.016317
0.004836
0.069491
-0.021207
-0.050163
-0.028229
-0.007026
0.074570
-0.107603
-0.109223
-0.074408
-0.008554
0.103846
0.046419
-0.012353
0.052882
-0.030690
-0.053709
-0.000107
0.048662
0.076468
0.089461
0.047691
0.051410
-0.026872
0.042950
0.021622
0.013794
-0.003194
-0.028250
0.059073
-0.022589
0.013511
0.058347
0.120789
0.024171
0.014403
0.087083
0.048927
0.055540
0.135752
0.096084
-0.060916
0.062744
0.096877
0.002413
-0.151372
0.055964
-0.010434
0.019225
0.002025
0.031315
0.037954
-0.008390
-0.159138
0.038626
-0.034615
-0.074047
0.098824
-0.128914
0.066053
0.044769
-0.040697
-0.130191
-0.078210
-0.134677
-0.022589
0.027692
0.021564
0.088633
-0.033482
0.075306
0.089339
0.004183
0.079707
0.022240
0.063591
0.179176
0.003492
0.038989
0.082535
0.108128
0.038368
0.048528
0.022139
0.110701
0.069185
0.040479
0.012525
-0.088025
-0.022454
0.128716
-0.002194
-0.078031
0.039526
-0.138211
-0.070109
0.085354
0.001489
0.012559
0.018069
-0.042206
0.027365
-0.090425
0.006580
-0.071682
0.063338
0.079463
0.061476
0.006456
0.021468
-0.070130
0.042426
0.060600
-0.002228
0.012149
0.005791
0.088283
0.073212
0.027434
-0.010534
-0.000038
-0.101809
0.024748
0.092405
0.111000
0.071074
-0.042755
0.006448
0.074645
-0.029951
0.011253
0.069297
-0.027028
-0.019750
-0.003196
-0.035445
0.016885
-0.006570
-0.253710
-0.081885
-0.105015
-0.018536
-0.056765
0.039878
0.033883
0.005004
-0.082326
-0.071380
0.100157
0.070749
-0.041829
-0.047991
-0.000052
0.000525
-0.088779
0.053443
-0.093704
0.024825
0.050073
-0.102938
-0.061330
-0.005932
0.021204
-0.101533
-0.021799
-0.008683
-0.018862
0.102906
0.188855
0.008321
-0.034015
0.113942
0.032740
0.101783
0.023531
-0.071249
0.079512
0.027512
-0.043451
-0.025691
0.014006
0.025065
0.144316
0.061989
0.001797
0.002331
0.133483
0.218264
0.012214
-0.034908
-0.111031
0.008405
-0.028405
0.097105
0.052643
0.142312
0.050009
0.007123
-0.014067
-0.084191
0.029005
-0.072327
-0.035047
-0.011049
-0.105491
0.030279
0.013940
0.070261
0.102217
-0.017730
0.062109
0.029872
-0.067059
0.115729
0.081785
-0.036596
0.083405
-0.003744
-0.080891
0.068998
0.017560
-0.023502
-0.029045
0.013552
-0.005609
0.064167
-0.007293
-0.094168
-0.134821
0.132347
0.085486
0.040160
-0.078241
-0.058687
-0.011775
0.025344
0.047031
0.039836
0.011887
0.030078
0.023287
0.024295
0.013062
0.069036
-0.067715
0.022371
-0.013812
-0.009711
-0.117902
0.042651
-0.039160
-0.086941
0.025438
0.062071
0.049805
0.004795
0.043718
-0.085912
-0.014371
-0.064968
0.109616
0.072547
-0.084328
-0.008802
0.023776
-0.104977
-0.067994
0.001294
-0.076415
-0.065477
-0.002719
-0.076274
-0.095949
-0.107148
-0.030987
-0.014468
0.032108
0.016516
0.060631
-0.014841
0.077360
0.071419
0.102834
0.073562
0.043229
0.031157
0.031589
-0.060244
-0.063796
-0.028590
-0.121696
-0.024026
-0.079146
0.020187
0.048444
-0.140939
0.023782
0.072084
-0.030351
0.091073
-0.002799
0.036431
0.001303
0.082464
0.045887
-0.109826
0.016407
-0.002319
0.082219
0.071116
0.045166
-0.013669
-0.047105
-0.030763
-0.010704
-0.041105
0.023761
0.117576
0.007111
0.009210
-0.037172
-0.119274
-0.034137
0.046941
0.042303
0.009394
0.033337
0.061271
-0.001277
0.076187
0.007438
-0.079989
-0.014511
-0.055858
-0.071891
0.035799
-0.083628
-0.097081
0.012548
0.005789
0.039214
0.050854
-0.006742
0.019596
-0.026752
0.090928
0.086049
0.036358
0.029785
-0.054992
-0.068471
-0.118422
-0.014102
0.038868
-0.034907
-0.005695
-0.001939
-0.118608
-0.092602
-0.067918
-0.068675
-0.080602
-0.028379
0.086690
0.110163
0.059891
0.079545
0.202962
-0.072034
-0.029934
0.114531
-0.000802
-0.055090
0.000994
0.088909
0.078147
-0.018953
-0.051388
-0.021330
0.030170
-0.094143
-0.068915
-0.144143
0.005041
0.190427
0.060767
-0.029200
-0.065863
0.042187
0.026417
-0.003621
0.056112
0.079972
0.107601
0.087123
0.014727
0.057247
-0.043896
-0.051186
0.043422
0.047466
0.030976
0.132052
-0.021099
0.034658
-0.013212
-0.032027
-0.051387
-0.044088
-0.018208
0.001709
0.124951
-0.039286
0.014060
0.062248
0.009983
0.011260
0.032971
-0.061607
-0.035324
-0.087335
-0.039842
-0.064843
0.020541
-0.076771
0.042371
0.045141
0.040222
0.045771
-0.004785
-0.097731
-0.017771
0.004847
-0.035323
0.079339
0.088213
0.021766
0.031590
0.091896
0.041209
0.093404
0.117285
0.102541
0.096762
0.163513
0.126355
0.117251
-0.000658
0.055132
0.008106
-0.069533
-0.013551
0.173505
0.073854
-0.013971
-0.013003
-0.134451
0.032737
0.148646
0.140323
0.036418
-0.029489
-0.022097
0.027201
0.102859
-0.069284
0.089581
0.057161
-0.040710
0.040353
-0.023340
0.061932
-0.006245
0.007018
0.068092
-0.029342
0.114763
0.003306
0.100757
-0.111775
0.035920
0.172773
0.052372
0.084302
0.006472
-0.075941
-0.032470
0.070275
0.033259
0.095454
-0.030973
-0.099920
-0.023744
0.012349
0.011137
-0.036673
-0.148052
-0.224283
-0.046939
-0.054311
-0.033621
-0.005086
-0.019750
0.027974
0.043144
-0.014878
0.025934
-0.067182
-0.055866
-0.069492
0.006416
-0.050941
0.028861
-0.054818
0.048448
0.020513
0.032931
0.084846
-0.095820
-0.063783
0.069687
-0.051122
-0.101732
-0.056037
0.003626
-0.007603
-0.108192
-0.128675
-0.037438
-0.152754
-0.036151
0.087923
-0.037479
0.044093
0.058006
0.021197
-0.027515
-0.033378
-0.020554
-0.010627
-0.150064
-0.160573
-0.092001
-0.046026
0.051135
-0.001076
0.028500
-0.048568
-0.024802
-0.073523
-0.098323
-0.040224
-0.061693
0.010551
-0.069904
-0.023452
-0.015165
-0.079690
-0.109622
-0.125055
-0.008092
-0.018408
0.002891
-0.125513
-0.071283
-0.094519
-0.063888
-0.058545
-0.034819
0.018595
-0.052701
-0.051310
-0.063190
-0.061785
0.054064
-0.041379
0.072951
0.038206
0.039211
0.084267
0.180527
0.097874
0.041679
0.041776
-0.033376
0.136314
0.115212
-0.080018
0.004280
0.057700
-0.024058
-0.094253
-0.000133
-0.068465
-0.100463
-0.031379
-0.001261
-0.005552
0.009332
0.015715
-0.092235
-0.090831
-0.072867
0.008832
0.024459
-0.008506
0.008311
0.062144
0.130550
0.102557
0.036405
-0.145618
-0.122989
0.061229
0.057349
-0.012105
0.010686
0.125361
-0.042102
-0.023396
0.100001
0.037758
0.032399
-0.022741
-0.088024
0.066324
0.014012
0.032791
-0.012631
0.004732
-0.015797
0.025224
0.085747
-0.005087
-0.031920
-0.025066
-0.042797
0.060730
-0.033693
0.031422
0.058747
0.129932
0.107269
-0.088647
-0.052056
-0.053617
-0.002298
-0.050264
-0.101151
-0.147363
-0.025015
0.011585
-0.126317
-0.141501
-0.038271
-0.013983
-0.080235
0.002451
0.123202
-0.024282
-0.057233
-0.022842
-0.011220
-0.006021
-0.034560
0.016645
0.160348
0.050820
0.004282
0.027379
0.032133
-0.026319
0.049882
0.083700
0.092746
0.078093
-0.100608
-0.025958
0.122325
-0.025039
0.017513
-0.119747
0.063244
0.015885
-0.031307
0.031194
-0.054697
-0.023484
-0.029673
-0.000654
-0.029053
-0.051535
0.027246
0.136980
0.037626
0.045331
-0.051678
0.092276
0.067182
0.065837
0.064314
0.008629
0.034032
0.083203
0.139438
0.011339
0.021413
0.019993
-0.024664
-0.029743
0.079988
-0.040315
-0.003606
-0.006910
-0.061320
-0.015262
0.014503
0.074272
0.018412
-0.020618
-0.016029
0.112875
-0.095551
-0.023431
0.014033
0.049450
0.049632
0.019125
0.046921
0.063446
0.075708
-0.015134
-0.013489
-0.139714
-0.129288
0.052685
0.041127
0.062476
0.012899
-0.031022
0.128041
0.118156
0.052596
-0.030974
-0.020245
0.020458
0.129380
0.076006
-0.020005
-0.049354
-0.102505
0.007590
0.064212
-0.007133
-0.066793
0.003071
0.067209
-0.074480
-0.037623
0.005310
0.005594
-0.034228
-0.025545
0.042347
0.029266
-0.004264
-0.080503
-0.026498
-0.132806
-0.024408
-0.129851
-0.187957
0.027311
0.112455
0.034973
0.008636
-0.021360
-0.055004
-0.002242
0.078943
0.020299
-0.004616
0.055623
-0.000200
-0.101260
0.061740
0.010432
-0.063267
-0.023571
-0.054736
0.064784
0.048997
0.050645
0.064408
0.028981
-0.006256
-0.009685
-0.011819
0.036554
0.030703
0.053959
0.058284
-0.004881
0.057934
0.004074
0.022610
0.064098
-0.009000
-0.067399
0.070881
-0.006358
0.122284
0.046505
0.068873
-0.046994
-0.060854
0.073335
0.038490
-0.014209
0.057869
0.037037
0.138236
-0.017042
-0.135641
0.094940
-0.036068
0.038231
0.011832
0.000645
0.026530
-0.019568
-0.060207
-0.120244
-0.090468
-0.109906
-0.072293
-0.081315
-0.082003
0.022580
0.005517
-0.040938
-0.006944
-0.091321
-0.016361
-0.000844
-0.019436
-0.102911
-0.051700
0.006160
-0.025984
-0.115211
-0.117621
-0.117506
0.009407
-0.018989
-0.016125
0.087978
-0.107360
0.050183
0.098232
-0.026850
0.080777
-0.031588
-0.007756
0.018226
0.036132
0.028272
-0.101234
-0.048630
-0.050254
-0.080115
-0.096646
-0.169441
0.054298
0.058120
0.013716
-0.061493
0.025075
0.030580
0.054658
0.087609
0.063128
0.076617
0.016279
0.005321
0.073474
0.073687
-0.083552
-0.069743
-0.080614
-0.052620
-0.046054
0.002197
0.001681
-0.030568
0.131588
-0.049862
-0.002294
0.040097
0.014234
0.019012
0.026812
0.093508
-0.032230
-0.008077
0.044695
-0.048839
-0.152037
-0.057987
0.050933
-0.022384
0.087693
0.021993
0.000936
0.030681
-0.165194
0.055104
0.016475
-0.060572
-0.088321
-0.001471
-0.045551
0.018803
0.040353
0.012309
0.087598
0.011242
0.028197
-0.038346
0.050751
0.019509
-0.056605
-0.053500
0.008657
-0.023773
0.101700
-0.033993
-0.040729
-0.017199
0.041923
-0.048193
-0.062400
-0.057579
-0.004945
0.120407
0.079349
0.104265
0.032940
0.059935
-0.080011
0.001164
0.038091
-0.075838
-0.079704
0.019678
-0.036850
0.124568
0.147932
0.074718
-0.129918
-0.059243
0.051742
-0.077633
-0.058385
0.002407
0.039869
0.059097
0.104000
-0.017648
0.117703
0.042690
0.050855
0.056474
0.027209
0.018310
-0.013087
0.075333
0.022285
-0.085075
0.066156
-0.015561
0.029648
0.059575
-0.039062
-0.033265
0.133625
0.179956
0.054313
0.087926
-0.005330
-0.053783
0.068503
0.005051
-0.019209
0.050512
0.069974
-0.005619
-0.000516
0.008196
0.051471
0.021651
-0.101245
-0.114437
-0.050774
-0.016841
-0.013945
0.012063
0.098535
0.018951
-0.032433
0.068758
0.083512
-0.032428
0.015292
0.156225
0.056015
0.045623
-0.058465
-0.114597
-0.073107
0.004216
0.013606
0.113702
-0.002549
-0.036631
0.064767
-0.001573
0.050308
0.031529
0.078635
-0.027102
0.035583
-0.029022
-0.090944
-0.034109
-0.043983
-0.029070
0.078912
0.010440
0.007085
-0.031970
0.149547
0.154130
0.028308
0.003046
-0.007926
0.025298
0.050185
0.001888
0.012252
-0.010995
0.075498
0.061911
-0.002461
-0.007090
-0.098398
-0.017342
-0.140941
0.025309
-0.090353
0.008917
-0.008375
-0.032769
0.105687
0.074766
0.010814
0.046105
0.042615
-0.116371
-0.133802
-0.016953
0.002854
-0.030980
-0.077002
-0.077784
-0.003074
0.015829
-0.115319
-0.037769
0.069848
-0.010004
-0.041471
0.059956
-0.011703
-0.040526
0.003692
0.023579
0.124939
0.100688
0.096578
0.032819
0.073426
-0.076702
-0.061360
-0.015657
-0.060667
0.070852
0.123244
0.023818
0.035405
0.159375
0.032527
0.138896
0.029186
-0.051399
0.064120
-0.047823
-0.102312
0.085411
0.058821
-0.005925
0.028110
0.083155
0.003914
-0.061519
0.066063
-0.019146
0.046894
-0.105476
-0.068395
-0.069737
-0.049129
-0.054282
-0.103450
-0.003948
0.028365
-0.011906
0.001526
0.093056
-0.030972
0.002909
-0.097638
-0.029358
-0.128948
-0.083534
-0.052532
0.007393
0.036258
0.027474
0.038243
0.018404
0.039866
0.094508
-0.045553
0.004285
-0.035788
-0.062438
-0.083861
-0.148273
-0.046165
0.014041
-0.026918
0.103317
0.122152
0.005755
0.087898
0.022363
-0.015199
-0.032116
-0.051526
0.047035
-0.081867
-0.009463
0.109721
-0.147902
0.035712
0.137619
0.036489
-0.033744
-0.077525
-0.010823
0.023029
0.017421
0.065795
-0.053426
0.057383
-0.009331
0.048891
-0.062251
0.042403
0.058790
-0.047841
-0.006191
0.109250
-0.063361
-0.035360
0.044242
0.027501
0.046132
0.025862
0.061115
0.077813
-0.072337
0.079290
-0.030973
-0.088723
0.014610
0.077622
0.071648
0.132610
0.075919
0.118708
0.088877
-0.048924
0.104786
0.046308
-0.012743
-0.062740
-0.131448
-0.061312
-0.103962
-0.021202
0.007771
-0.039266
-0.104165
0.050549
0.014923
0.018553
0.143200
0.040086
0.000307
-0.045033
0.044612
-0.005100
0.035447
-0.015682
0.070572
-0.000649
0.080448
0.061893
-0.068606
0.083297
0.013841
-0.016237
0.063494
-0.056150
-0.042812
0.108574
-0.009274
-0.019549
0.099754
0.079982
0.037606
-0.014624
0.010104
0.096147
0.109871
0.034784
0.022368
0.123577
-0.002961
0.121034
0.005402
0.020435
-0.060672
-0.089870
-0.006505
-0.012167
0.038580
0.033944
-0.058948
-0.050927
-0.011941
0.001187
-0.084142
-0.066439
-0.020811
-0.066756
-0.040692
0.019318
-0.006791
-0.073778
0.001208
0.018111
-0.061409
-0.037524
-0.061046
-0.005521
0.058854
0.003396
0.080495
0.004789
-0.083961
0.028432
0.094302
0.002357
-0.168653
-0.004371
0.049732
0.062785
-0.115462
-0.011519
0.022888
0.005546
0.024481
0.128401
0.026532
0.081384
0.024302
-0.078549
-0.063799
-0.106725
-0.060229
0.023520
0.038983
0.020596
0.064463
0.074725
0.080160
0.088632
-0.016766
-0.035960
0.019669
-0.030085
0.037270
0.077761
0.022848
0.034068
-0.090901
-0.052668
0.013043
-0.096122
-0.014464
0.004993
0.015369
0.031560
0.026827
-0.002125
0.013682
-0.060674
-0.123332
-0.056398
-0.014367
0.025748
0.003009
-0.002660
0.020944
-0.081793
-0.045338
0.008071
0.010103
-0.023882
-0.033901
0.007248
-0.033108
0.027521
0.125568
0.066666
0.069417
-0.136444
0.009132
-0.094524
-0.091586
0.048570
-0.009531
0.049397
0.065942
-0.023081
0.027077
-0.050376
-0.106598
-0.027125
-0.059185
0.048554
-0.050332
-0.014996
0.104008
-0.019446
0.054316
0.141368
0.097371
0.116895
0.053625
-0.047190
-0.037845
-0.113823
-0.032629
-0.000668
-0.056562
0.123150
-0.003830
0.047454
-0.095065
-0.119580
0.078313
0.029500
-0.014024
-0.061906
-0.100045
-0.057081
0.002019
0.024201
-0.076776
-0.009654
0.064705
0.022693
-0.055154
-0.010621
0.021078
0.028864
-0.004906
-0.089457
0.052446
-0.093365
0.085070
0.048122
0.047311
-0.061400
0.012961
-0.021044
-0.152315
-0.057305
-0.106193
-0.020130
0.092521
0.024118
-0.026073
0.012209
0.054267
0.027236
-0.040138
0.118390
0.015997
-0.048694
-0.051648
-0.047290
0.015228
-0.026170
0.019912
0.059283
0.166179
0.083362
-0.009960
0.032658
-0.049032
-0.060690
-0.142199
-0.075561
-0.010484
-0.076375
-0.133921
-0.083434
0.107777
-0.107963
0.050718
0.022611
0.113311
0.161620
-0.025985
-0.023153
0.064874
0.039078
0.089976
0.020732
0.075104
0.025036
0.028768
0.024534
-0.070654
0.002170
0.012719
-0.059302
0.057547
-0.012596
-0.095498
0.022706
-0.059809
-0.041544
0.031322
0.063221
0.026028
0.088564
-0.033890
-0.037447
-0.060527
0.064480
0.036780
0.116062
0.051333
-0.027214
0.013984
0.007292
0.043434
0.034257
0.173766
0.125202
0.083214
0.045285
-0.002808
0.004171
-0.141254
-0.054764
0.058422
-0.056512
-0.047275
0.045234
-0.036890
-0.053090
0.069573
-0.069872
-0.005616
0.038146
0.036019
-0.043102
-0.041050
0.026045
0.083777
-0.077923
-0.034348
-0.108935
-0.088053
-0.038958
-0.033896
0.056783
0.083446
0.024614
0.025546
0.070950
0.004995
0.053216
0.144108
0.041756
0.000164
-0.003271
-0.122521
-0.022573
-0.037027
0.034124
0.029325
0.067314
-0.059299
-0.064850
0.009235
0.043198
0.138301
0.059271
0.078611
0.055531
0.007142
0.038509
0.021771
-0.072041
0.024759
0.022828
0.068353
-0.050033
-0.086346
0.013116
-0.103120
-0.021925
-0.005711
0.028497
0.017204
-0.029779
-0.088447
-0.009616
-0.032259
0.066920
-0.020568
0.110505
0.060024
-0.027652
0.013718
0.033389
-0.022745
-0.064318
-0.000561
-0.024981
-0.079884
0.017638
-0.054787
-0.052235
0.001773
-0.077594
-0.023312
-0.010890
-0.017851
-0.054097
-0.023293
0.029941
0.058217
-0.067098
0.004255
0.086815
0.079593
0.027627
-0.040003
0.026201
0.121362
0.089835
-0.047951
-0.004979
0.003673
0.035466
0.033812
0.154391
0.008568
0.070427
0.114605
0.009794
0.061480
-0.004978
0.011578
-0.012711
-0.011863
0.139280
0.133708
0.062069
0.040969
0.029954
0.104143
-0.055406
-0.151785
-0.032802
-0.067549
-0.044348
-0.054343
-0.053619
-0.103560
0.016228
0.031875
0.083900
0.033024
-0.240882
-0.036137
-0.017779
-0.089155
0.057747
-0.007410
-0.114407
-0.123273
-0.029879
0.011419
0.118857
0.039899
0.076090
0.108229
-0.019712
-0.064575
0.016180
-0.042739
-0.055460
0.011661
-0.067941
0.053143
0.033889
-0.059195
-0.077739
0.010973
0.003837
-0.057080
0.022247
-0.000378
-0.077899
-0.153748
-0.062810
0.085313
-0.045114
-0.006939
-0.016208
-0.000601
-0.077935
0.089081
0.014153
-0.072098
-0.040827
0.072842
0.085519
-0.000056
0.041594
0.007673
0.035832
0.055431
-0.015628
-0.021989
0.040894
-0.001316
0.143498
-0.027634
-0.050948
-0.023672
-0.072240
0.007956
-0.110895
-0.039686
-0.044071
-0.019904
0.071948
-0.018905
0.053694
-0.030715
-0.033249
0.111017
0.045396
-0.039282
0.006028
0.063910
0.031061
-0.025208
-0.046940
0.026914
-0.062499
-0.034880
0.036587
-0.028057
0.025304
0.048065
0.110364
0.045046
0.008526
-0.032050
0.088766
0.010313
-0.009052
0.039059
-0.059392
-0.032656
0.145459
0.049507
0.043469
0.052431
0.062003
0.060306
-0.051835
0.004772
-0.047746
-0.084058
-0.000096
0.008553
0.049169
0.035310
0.020985
-0.068140
0.068593
-0.018547
-0.003806
-0.030352
0.059017
0.024292
-0.010879
0.009041
0.028557
-0.016834
0.075315
0.018091
0.044235
0.046630
0.071813
-0.040127
-0.053644
-0.023964
0.100441
-0.051023
0.033517
-0.095009
-0.144485
-0.084412
0.026369
0.070659
0.052853
0.036030
0.082189
-0.011769
0.011386
-0.024076
-0.106321
0.046009
0.050695
-0.137044
0.044358
-0.036643
-0.051619
-0.069497
-0.056641
0.008695
-0.042671
0.042194
0.096064
0.093461
0.039699
-0.021619
-0.013063
0.030657
0.024346
0.056987
0.041326
-0.005034
0.138206
0.118882
0.012476
0.043805
-0.029724
-0.041894
-0.047262
-0.189029
-0.064716
-0.098291
0.035539
-0.083211
-0.081218
-0.071101
-0.045920
0.154977
0.040742
-0.063330
-0.032628
-0.020008
0.008962
0.039905
0.048182
0.041474
-0.006307
0.059788
0.070833
0.043126
-0.002001
-0.140997
-0.044420
0.029547
0.067085
-0.009418
-0.003073
0.123543
0.091619
0.002263
-0.139665
-0.175096
0.055911
0.049578
0.088872
0.089633
-0.030814
-0.000216
-0.005889
-0.076503
-0.167365
-0.076723
-0.084565
0.008651
0.042792
0.008114
0.030233
-0.004828
0.055005
-0.078916
-0.052871
0.022977
0.042579
0.063066
0.041638
0.000008
-0.033253
-0.012523
0.048634
0.041738
0.088877
0.018970
0.044343
0.076456
0.075239
-0.031293
-0.069974
-0.121831
0.066568
0.152457
0.035496
0.012236
0.011248
0.023543
0.034646
0.043496
0.140242
0.025317
0.049213
-0.006417
0.011636
0.041377
-0.062629
-0.071706
-0.097421
-0.050995
0.042301
0.043487
-0.016302
0.049780
-0.043340
-0.026210
0.005424
-0.026692
0.017829
-0.013135
0.073303
0.037648
0.120807
0.046466
0.135962
0.229785
0.096922
0.099193
0.098659
-0.035353
0.066111
-0.010350
-0.039156
0.080716
-0.028753
0.059512
0.101837
0.171411
0.087384
0.089056
0.111814
0.012695
-0.162555
-0.060674
-0.071813
-0.021871
0.073144
0.015288
-0.154438
-0.105979
0.002370
-0.009415
0.055656
0.101146
0.010578
0.038629
-0.035911
-0.015120
-0.107110
0.054507
0.071829
0.019545
0.089232
0.077409
0.009418
0.052134
0.045417
0.013044
-0.011452
-0.054551
-0.078227
0.010910
0.003376
0.046825
0.067207
0.015073
0.066830
-0.093699
-0.043790
0.027332
-0.060550
-0.036523
0.065263
0.019254
0.015739
0.010310
-0.004852
-0.012497
0.015451
0.027879
-0.005200
-0.043448
0.035920
-0.086539
-0.084326
0.003182
0.058265
0.124524
-0.006749
-0.130884
-0.048808
0.047824
-0.041620
0.002976
0.035106
0.009836
0.102138
0.027903
0.060427
0.063765
0.013791
0.123317
0.083218
0.031393
-0.015087
-0.073671
-0.049965
0.051311
0.032442
0.037547
0.071603
0.021786
0.062897
-0.011952
-0.006563
-0.010957
0.002229
-0.012061
-0.022733
-0.058003
0.018554
0.049151
-0.007177
-0.076011
-0.105404
-0.047109
0.004452
0.005378
-0.052146
0.022198
0.009170
-0.050080
-0.038644
0.091429
0.059766
0.016316
-0.065108
0.081731
0.020727
-0.007065
0.113234
0.066285
0.026778
-0.091967
-0.028491
0.008629
-0.062786
0.085614
0.044606
0.083986
0.079878
0.102271
-0.047885
-0.001816
0.095282
-0.003544
-0.094933
0.083420
0.105206
0.050831
-0.004805
-0.011578
-0.024476
0.046270
0.062740
0.018517
0.056514
-0.083306
0.031259
0.008314
0.021133
0.007741
0.056461
0.004831
-0.030053
0.032263
0.015646
-0.059110
-0.052381
-0.046092
0.070767
0.083845
0.041018
-0.021472
-0.039624
-0.064429
0.004593
-0.034631
0.042133
0.008796
-0.022048
0.035515
0.078917
-0.032966
0.000857
0.034783
-0.029674
0.010724
0.037060
0.023818
-0.031124
0.050644
0.027325
-0.023902
0.036599
-0.053846
0.077971
-0.086731
0.025408
-0.009754
-0.035576
0.062920
-0.042458
-0.012062
-0.081811
-0.093846
-0.034274
0.015849
0.063274
0.079950
0.053332
0.051181
-0.001330
0.023566
0.048112
0.158171
0.006022
-0.056871
-0.032841
0.029116
-0.067867
-0.048129
-0.050445
0.012760
-0.039818
0.055830
-0.026208
0.000963
0.030064
-0.066063
-0.068865
-0.014468
-0.016567
-0.027631
0.037715
0.042812
0.075360
-0.000008
-0.046396
0.008985
-0.090600
-0.082547
0.004091
0.009029
0.085026
0.025540
0.058291
-0.006173
-0.037410
0.038481
-0.085948
0.002648
-0.010584
0.094336
0.079820
-0.005129
-0.014561
-0.036586
-0.125835
-0.013216
-0.095841
-0.104750
0.003792
0.011376
-0.064109
-0.052531
-0.132598
0.007038
0.010896
-0.056314
-0.023639
-0.085968
-0.065551
0.059373
-0.096783
-0.047592
-0.023495
0.015506
-0.036509
-0.047722
-0.093261
0.004349
0.029804
-0.035444
0.075325
0.159688
0.104411
0.008477
-0.055673
-0.036048
-0.043041
-0.117503
-0.150784
0.023305
0.056084
0.028424
0.028736
0.009500
0.069610
0.061586
0.019623
0.103491
-0.049260
-0.019051
-0.009025
0.005086
-0.041409
0.060416
0.070399
0.017111
-0.004352
0.016208
0.010365
0.041193
-0.000549
0.058577
0.109111
0.019690
0.085438
0.021962
0.026208
0.012035
0.189168
-0.038658
-0.100027
0.087626
0.048516
0.018325
0.048162
-0.017912
0.107798
0.066008
0.029162
0.005971
-0.000395
0.001375
-0.016456
0.036232
0.036587
-0.095181
0.030166
-0.000938
-0.048418
0.025612
0.112194
0.049478
0.119081
0.101552
0.072264
0.039910
0.087316
0.096319
0.006865
-0.006963
0.039727
0.127619
0.057565
-0.023156
-0.029509
0.017132
0.017430
0.100050
-0.016580
-0.017875
0.053398
0.041503
0.045412
-0.040180
-0.044946
0.046716
0.059073
0.012643
0.000306
-0.016725
0.093675
0.023726
-0.149980
-0.035807
-0.041221
0.023119
-0.078059
0.006322
0.122633
0.107087
0.044251
0.055324
0.000946
0.040768
0.067504
-0.020817
-0.097412
0.010381
0.105181
0.163733
0.063939
0.126563
0.075399
0.027984
0.083256
0.121378
0.058611
-0.038919
0.101370
0.042812
0.030566
0.085766
-0.030861
0.077193
0.017103
-0.013773
0.139064
-0.175147
-0.026103
0.014961
-0.148625
-0.160101
0.051788
0.086108
0.004885
-0.055546
0.056544
0.050061
0.065488
-0.007236
-0.039693
0.009289
0.123651
0.019560
-0.098306
0.015949
-0.039989
0.015660
0.069600
-0.031837
-0.019542
0.082664
0.042081
0.086396
0.020962
-0.047855
-0.000762
0.057024
0.059380
0.140169
0.000027
-0.031956
-0.050558
-0.145290
0.033236
-0.033028
0.011055
-0.036274
-0.028178
-0.041328
-0.103773
0.076148
-0.028421
-0.008632
0.055178
0.021427
0.103502
0.091406
0.159983
0.061789
0.018698
0.141133
0.025714
-0.010395
-0.080888
0.049681
0.123303
-0.077021
-0.016124
0.162964
-0.014722
-0.066817
-0.116235
-0.065652
-0.051868
0.085168
0.094247
-0.026953
0.073126
-0.022606
-0.020583
0.005195
-0.005302
-0.058321
-0.060549
-0.068532
-0.056638
0.052543
-0.027835
-0.020491
0.013604
-0.094724
0.000865
0.128643
0.113826
0.051199
0.068853
-0.009939
-0.000892
-0.072056
-0.015974
-0.056111
-0.057483
-0.013299
-0.035022
0.073041
-0.004469
0.072933
0.051589
0.090279
0.109875
0.125072
0.068826
0.036249
-0.045560
-0.048033
-0.037782
-0.007395
-0.002390
0.065177
0.010466
0.034845
0.027231
0.038411
0.059126
0.032627
-0.022858
0.041423
0.041029
-0.058979
0.063606
0.040204
0.010891
0.000033
-0.003517
0.044170
0.005244
-0.058488
-0.043788
-0.089742
-0.073370
0.032695
-0.023297
-0.050518
0.035377
-0.018758
0.062621
0.049086
0.076406
-0.063991
-0.043773
0.017349
0.017602
-0.052045
0.047200
-0.062302
-0.088010
0.015478
0.052238
0.023683
0.037697
0.064810
-0.085422
-0.030465
-0.073522
-0.029457
-0.015622
-0.044228
-0.048550
-0.030389
-0.084408
-0.104624
-0.083456
0.078882
0.024613
-0.067360
-0.030383
-0.064076
-0.029446
-0.005508
-0.005889
-0.011583
-0.052902
-0.039910
-0.039431
0.009719
-0.077179
-0.046240
0.105956
0.025298
-0.065827
-0.049565
0.032969
-0.052918
-0.043303
-0.044585
-0.051566
-0.042294
-0.018029
0.033845
-0.040501
0.025305
-0.076835
-0.079207
-0.032791
-0.049336
-0.065536
-0.122765
-0.093349
0.007159
0.041864
-0.009750
0.023528
0.049229
-0.007167
-0.115072
0.058450
0.014085
0.111093
0.004246
0.131768
0.175791
0.020759
0.119345
-0.001308
-0.022029
-0.043861
-0.010750
0.027515
-0.063013
-0.086457
0.035168
-0.013614
-0.043178
-0.069664
-0.075185
-0.030347
0.044329
-0.004157
0.010459
0.040864
0.050257
-0.018722
-0.102400
0.114669
-0.047841
-0.039102
0.061911
0.001280
-0.040806
0.019758
0.102560
0.089053
0.010621
-0.004671
-0.022318
-0.059719
0.055614
-0.027812
0.014627
0.073194
0.049543
-0.015497
-0.004165
-0.001313
0.076465
0.018158
-0.089160
-0.040286
-0.014565
-0.033905
-0.007751
-0.010244
-0.033163
-0.078313
0.071032
0.013820
0.084601
0.002949
0.011744
-0.030782
-0.000740
-0.050160
0.092537
0.058214
-0.032134
0.179512
0.021100
-0.009240
0.042701
0.022558
-0.135022
-0.011230
-0.054140
0.017858
0.066942
-0.029247
-0.094817
-0.017622
-0.004229
-0.063325
0.033916
-0.015898
-0.014461
0.000695
0.015866
0.035196
0.021786
-0.055418
-0.090796
-0.190643
-0.068494
0.095631
0.117123
0.153859
0.055559
0.005122
0.055234
0.019613
-0.036432
0.033674
0.073415
0.123090
0.022911
-0.033259
0.029451
0.011972
0.041611
0.130196
0.123042
0.083693
0.114983
-0.130799
0.035007
0.011236
0.108274
0.094773
0.034018
-0.020344
0.062718
0.037412
-0.033180
0.008341
-0.090754
0.041305
0.064224
0.041771
0.028608
0.042159
0.026767
0.172761
0.066985
0.002737
0.024585
0.013548
-0.064832
-0.044084
-0.072970
0.044124
0.039259
-0.025767
-0.046977
-0.096141
-0.009134
0.049843
0.034051
-0.011964
0.052433
0.031484
-0.025503
0.001215
0.082006
0.015649
0.095773
0.016367
0.015785
0.076403
0.047389
-0.098266
-0.008127
0.038638
-0.015846
0.041771
-0.057613
-0.065213
0.181523
0.060592
0.067377
-0.032653
0.001474
0.021307
0.032863
-0.007734
0.009249
0.020894
0.097350
0.092678
0.092251
0.042469
-0.074367
-0.022742
-0.118185
-0.113243
-0.130380
-0.053962
-0.007476
0.037175
0.025879
-0.008223
0.111959
-0.078157
-0.033451
-0.020486
0.020187
0.147275
0.030666
-0.034320
-0.006215
-0.051199
0.064071
-0.062823
-0.074424
-0.055714
-0.047019
0.026178
0.009993
0.138951
0.171908
0.019662
0.075075
0.110181
0.070752
-0.018721
0.012069
0.036808
0.046652
0.048512
0.008442
0.077877
0.039461
0.007808
-0.037952
-0.086302
-0.038214
-0.033697
-0.062773
-0.028316
0.003583
0.092087
0.117781
0.161833
0.025921
-0.010218
-0.152555
-0.105564
0.034784
0.044933
0.013957
-0.038361
0.047010
0.052017
-0.140086
-0.151936
-0.077301
0.006021
-0.061922
-0.080302
-0.072606
0.016754
-0.014900
0.105466
0.077848
-0.031121
-0.035131
-0.020677
-0.020706
-0.084502
0.047630
0.054312
-0.000879
-0.058521
0.078012
-0.046978
-0.007702
0.001717
-0.097494
0.036863
0.023338
0.041473
-0.014544
0.065617
-0.055358
0.033131
0.080104
-0.003724
0.009686
0.063558
0.117989
0.036428
0.045460
-0.007487
-0.110668
-0.019535
0.052502
0.017872
-0.080389
0.006992
0.029467
-0.076095
0.042587
-0.070784
-0.068899
0.128220
0.056701
0.115310
-0.028071
-0.047322
-0.038420
0.018019
-0.097070
-0.037177
0.088444
0.041386
0.059088
0.036440
-0.121314
-0.090401
-0.047328
-0.029443
-0.048050
-0.084297
0.065608
-0.011084
-0.002534
-0.006999
0.012926
-0.076614
-0.060977
0.018161
0.064696
0.035477
-0.022422
0.125872
0.121451
0.018073
0.008048
0.077757
0.091502
0.096955
0.114414
-0.055608
-0.061852
0.008250
0.035928
-0.017608
0.025592
-0.001741
0.053082
0.136967
0.034650
-0.010079
0.107852
-0.025989
0.023309
0.126310
0.100497
-0.028494
0.013656
-0.035822
0.051206
-0.035673
-0.037001
0.114052
-0.000172
0.004031
0.024514
-0.039702
0.067378
0.035488
-0.052333
0.114312
0.056863
-0.031295
-0.005498
-0.104315
-0.011310
0.012324
-0.062777
-0.064258
-0.027960
0.060149
0.111186
0.112343
0.002154
0.011653
-0.020922
-0.014137
-0.119003
0.021255
0.044001
-0.112895
0.013271
0.025052
0.045828
-0.032813
0.062783
-0.089094
0.028505
-0.004332
-0.097062
-0.115715
0.021870
-0.025232
-0.068616
-0.045321
-0.024141
-0.001974
-0.029278
0.012538
0.111576
-0.053102
-0.044247
0.057247
-0.044860
-0.053234
0.054257
-0.103295
0.009621
-0.070060
-0.134125
-0.028141
-0.004180
0.059446
0.028783
0.146364
0.020990
0.148200
0.233821
0.254608
0.076518
0.006363
-0.005015
0.022916
0.052239
-0.025067
0.052955
0.120968
-0.030245
-0.001193
-0.033684
-0.016507
0.028792
0.018350
-0.047351
0.041109
-0.015255
-0.021462
0.021055
-0.010281
0.124721
0.152457
0.082180
-0.095682
0.081119
0.055348
-0.036011
-0.046862
0.063538
0.091523
-0.028779
-0.025709
0.048913
0.075872
0.011230
-0.011154
0.028069
0.032506
-0.114820
0.014503
-0.018337
-0.116950
-0.131809
0.055730
0.091491
-0.012000
0.024680
0.118338
0.051414
0.034688
0.136762
0.116837
-0.017964
0.001571
-0.054476
-0.057234
-0.010786
-0.126752
-0.084453
-0.065949
-0.008290
-0.051218
0.037518
-0.028026
0.049404
0.023410
0.066715
0.040745
0.071772
-0.076951
-0.025050
0.078063
-0.080591
-0.055925
0.094586
-0.052307
0.034040
0.055531
0.071593
0.138086
0.129157
0.078981
-0.019193
0.039022
-0.076678
-0.112751
-0.067088
-0.042625
0.065363
0.066234
0.055448
0.043181
-0.016221
0.054190
0.043464
-0.037334
0.133394
0.023495
0.037115
0.056404
0.064475
0.019718
-0.026552
-0.000512
-0.003120
0.018175
-0.059683
0.014425
-0.103108
-0.037966
-0.104481
-0.025484
-0.067786
-0.023108
-0.063213
-0.003423
0.013677
0.069708
-0.010822
-0.001113
-0.048626
0.028200
0.002180
0.021728
0.055824
-0.029437
0.027544
0.081595
0.055900
0.026929
0.027761
0.023137
0.087989
-0.053626
0.036338
0.037975
0.027252
0.029252
0.134384
0.015879
-0.029721
-0.058621
-0.052270
-0.019542
0.028117
0.056043
0.109225
0.048829
0.006643
-0.087745
-0.118962
-0.018638
0.001226
-0.045202
-0.090902
0.048230
0.001996
-0.068795
-0.017230
-0.020340
-0.055623
-0.004524
0.058933
-0.019746
0.037495
0.048732
0.028815
-0.075502
-0.044598
0.009977
0.015601
-0.134615
-0.008862
-0.060572
0.024017
0.017488
0.048538
0.029293
-0.097683
-0.045892
-0.022164
-0.019267
0.033711
0.054198
0.005406
0.062842
0.042356
-0.019001
0.046909
-0.032990
0.031779
-0.006557
0.015992
0.003416
-0.085686
-0.018185
0.044600
0.053331
-0.007789
0.015585
-0.043513
-0.046938
-0.004820
0.101458
-0.064969
-0.037335
0.027904
0.062246
-0.012079
-0.070653
0.002345
0.019349
0.038821
-0.002536
0.001982
0.021561
-0.036279
0.031705
0.052912
-0.004237
0.099674
-0.066927
0.000505
0.121212
0.052461
-0.059946
-0.020320
0.053156
-0.047999
0.038722
-0.037924
0.014721
0.097945
-0.065025
0.041139
0.073813
0.061100
-0.005294
-0.052466
0.071622
-0.014791
-0.007326
0.111833
-0.037883
-0.107001
-0.003122
0.050791
-0.034286
0.028057
0.035523
0.078999
0.005415
0.061109
0.023765
-0.100753
-0.018629
0.041288
-0.039945
-0.082701
0.028022
-0.055066
0.026241
-0.096389
0.003080
0.058393
-0.004239
0.118031
-0.046914
-0.086948
0.024848
0.061923
0.055171
0.021757
0.081013
0.054047
-0.034075
-0.001546
0.041315
0.016561
0.036134
-0.073055
-0.001656
-0.079944
-0.010587
0.008434
0.007413
0.102116
0.015930
-0.017685
0.006037
0.004598
