0	41.924253
50	1.763148
100	0.413934
150	0.377856
200	0.272187
250	0.410550
300	0.267671
350	0.184141
400	0.162155
450	0.123018
500	0.263772
550	0.243608
600	0.095749
650	0.211649
700	0.066474
750	0.055219
800	0.066880
850	0.209559
900	0.054062
950	0.063989
1000	-0.033380
1050	0.109396
1100	0.077561
1150	-0.024611
1200	0.122569
1250	0.052394
1300	-0.054118
1350	0.088150
1400	0.224468
1450	0.022747
1500	0.007531
1550	0.123517
1600	0.064387
1650	-0.027666
1700	-0.061517
1750	-0.130856
1800	-0.079209
1850	0.075317
1900	0.080380
1950	0.120645
2000	0.230361
2050	0.052562
2100	-0.030876
2150	0.157917
2200	0.402748
2250	0.186298
2300	-0.023960
2350	0.272637
2400	0.142444
2450	0.189533
2500	-0.086552
2550	-0.008027
2600	0.250430
2650	-0.052142
2700	-0.105550
2750	-0.007338
2800	0.065047
2850	0.100176
2900	0.216574
2950	0.140883
3000	0.058364
3050	-0.137895
3100	0.097123
3150	-0.010921
3200	-0.074509
3250	-0.069070
3300	0.092648
3350	0.076028
3400	0.109609
3450	-0.039941
3500	0.050773
3550	0.097554
3600	0.216469
3650	0.014015
3700	0.086043
3750	-0.062115
3800	-0.215539
3850	0.010284
3900	0.113315
3950	0.111394
4000	0.065460
4050	-0.034241
4100	-0.044460
4150	0.207107
4200	0.033764
4250	0.063276
4300	0.073336
4350	-0.173814
4400	-0.271560
4450	0.132249
4500	0.059610
4550	-0.014311
4600	0.315880
4650	-0.003721
4700	0.243573
4750	0.196270
4800	0.054497
4850	-0.126609
4900	-0.057084
4950	-0.232441
5000	-0.053005
5050	0.069707
5100	0.158982
5150	0.149342
5200	0.000297
5250	0.229837
5300	0.040862
5350	-0.016813
5400	-0.103720
5450	-0.146010
5500	-0.029780
5550	-0.127918
5600	-0.001192
5650	0.026177
5700	0.201780
5750	0.071955
5800	0.034514
5850	0.124460
5900	-0.184531
5950	-0.098744
6000	0.064163
6050	0.035650
6100	0.056004
6150	0.049016
6200	0.118411
6250	0.003403
6300	-0.164971
6350	-0.094967
6400	0.124246
6450	-0.008054
6500	0.025023
6550	-0.115646
6600	0.031662
6650	0.078406
6700	0.097444
6750	-0.035524
6800	-0.070057
6850	0.130893
6900	0.215444
6950	0.149353
7000	-0.081178
7050	-0.264151
7100	0.096412
7150	0.046269
7200	-0.215019
7250	0.030570
7300	-0.185307
7350	-0.070868
7400	-0.167377
7450	0.027020
7500	-0.242635
7550	0.214862
7600	0.023609
7650	0.089291
7700	-0.221870
7750	-0.059826
7800	0.137385
7850	0.014762
7900	0.053738
7950	-0.047841
8000	0.042562
8050	0.275535
8100	0.152705
8150	0.081775
8200	0.128014
8250	-0.100105
8300	0.028572
8350	-0.043149
8400	0.099166
8450	-0.012713
8500	-0.131990
8550	-0.067370
8600	0.064417
8650	0.219936
8700	-0.054054
8750	-0.034802
8800	0.126300
8850	-0.072180
8900	0.025541
8950	-0.046228
9000	-0.041975
9050	-0.003079
9100	-0.163363
9150	0.044951
9200	0.057491
9250	0.009726
9300	-0.025780
9350	0.004757
9400	-0.015761
9450	0.017298
9500	-0.052525
9550	-0.027473
9600	-0.087923
9650	-0.083401
9700	-0.165685
9750	-0.092890
9800	-0.036823
9850	0.214156
9900	-0.197386
9950	0.144820
10000	0.191905
10050	0.206575
10100	0.094166
10150	-0.147271
10200	-0.028715
10250	0.076564
10300	0.021628
10350	-0.165646
10400	0.163711
10450	0.091725
10500	0.029387
10550	0.038943
10600	-0.261843
10650	-0.134993
10700	0.114867
10750	-0.047961
10800	-0.154057
10850	-0.301196
10900	-0.102297
10950	-0.073974
11000	-0.013032
11050	-0.034647
11100	-0.046574
11150	0.220813
11200	-0.007851
11250	-0.017809
11300	-0.159322
11350	-0.101100
11400	0.042207
11450	-0.030567
11500	0.129772
11550	0.030760
11600	0.072188
11650	0.021065
11700	0.075543
11750	0.022050
11800	-0.090960
11850	0.071146
11900	0.114198
11950	-0.025928
12000	-0.130705
12050	-0.155921
12100	-0.112372
12150	0.054271
12200	-0.029353
12250	0.043294
12300	-0.101676
12350	-0.172164
12400	0.049215
12450	0.042792
12500	-0.021964
12550	0.212123
12600	0.225671
12650	-0.066048
12700	-0.031810
12750	0.103984
12800	-0.062688
12850	0.026507
12900	-0.049004
12950	-0.125869
13000	0.061348
13050	0.098767
13100	0.051359
13150	-0.129276
13200	0.012312
13250	-0.094869
13300	0.196701
13350	-0.001531
13400	-0.016295
13450	-0.116509
13500	-0.134723
13550	0.334507
13600	-0.029165
13650	-0.126655
13700	-0.167489
13750	0.019827
13800	0.110875
13850	-0.257857
13900	0.034544
13950	0.094035
14000	-0.006106
14050	0.087168
14100	0.181779
14150	-0.140687
14200	-0.155068
14250	-0.044554
14300	-0.041048
14350	0.027076
14400	-0.085801
14450	-0.006123
14500	-0.057852
14550	0.086753
14600	0.016731
14650	-0.025295
14700	-0.029854
14750	0.291674
14800	0.071899
14850	-0.191072
14900	0.084045
14950	0.033826
15000	0.164100
15050	-0.028177
15100	0.070747
15150	-0.109555
15200	0.054791
15250	0.032062
15300	0.183293
15350	-0.083363
15400	0.036421
15450	0.037003
15500	-0.106154
15550	0.054918
15600	0.096519
15650	0.086334
15700	-0.050419
15750	-0.001916
15800	0.084360
15850	0.270417
15900	0.025619
15950	0.056709
16000	0.117231
16050	-0.067298
16100	0.242132
16150	-0.095343
16200	-0.094599
16250	0.006645
16300	0.048218
16350	-0.076773
16400	-0.127099
16450	-0.064125
16500	-0.022363
16550	-0.116951
16600	0.032526
16650	0.000399
16700	-0.032563
16750	0.042898
16800	0.156558
16850	0.013423
16900	0.216379
16950	0.124421
17000	-0.049456
17050	0.296708
17100	0.013295
17150	0.069895
17200	0.143627
17250	0.122709
17300	0.214539
17350	-0.115427
17400	-0.231895
17450	-0.104288
17500	0.012368
17550	0.027513
17600	0.068793
17650	0.037503
17700	0.028400
17750	-0.206193
17800	0.051378
17850	0.060467
17900	0.134772
17950	0.122640
18000	-0.020132
18050	0.202387
18100	-0.148265
18150	0.079529
18200	-0.114453
18250	0.031417
18300	-0.250331
18350	0.008399
18400	-0.088373
18450	-0.142299
18500	-0.130374
18550	0.078993
18600	0.104537
18650	-0.194368
18700	0.146256
18750	-0.179790
18800	0.068248
18850	0.026881
18900	-0.016994
18950	0.146332
19000	0.171746
19050	0.109244
19100	-0.207799
19150	-0.195343
19200	-0.045811
19250	-0.174459
19300	0.105443
19350	-0.106589
19400	0.231054
19450	-0.069900
19500	0.018068
19550	-0.113704
19600	-0.040539
19650	0.043264
19700	-0.037437
19750	-0.206185
19800	-0.033164
19850	0.015129
19900	-0.129812
19950	0.175592
20000	-0.007103
20050	0.074902
20100	-0.034568
20150	0.038152
20200	-0.160547
20250	0.061384
20300	0.135863
20350	-0.046180
20400	-0.207183
20450	0.002448
20500	-0.002518
20550	0.063009
20600	-0.035053
20650	-0.015025
20700	-0.053950
20750	-0.049355
20800	0.144127
20850	-0.309421
20900	0.059459
20950	-0.211255
21000	-0.132566
21050	0.119403
21100	0.081501
21150	0.028023
21200	0.045054
21250	-0.241415
21300	0.024537
21350	-0.102541
21400	0.079120
21450	0.116591
21500	0.089871
21550	0.246146
21600	0.032714
21650	0.277163
21700	-0.059527
21750	0.006229
21800	-0.092065
21850	0.153815
21900	-0.052023
21950	0.095264
22000	0.085379
22050	-0.155463
22100	0.140240
22150	0.103402
22200	0.383440
22250	0.001853
22300	-0.029716
22350	0.003204
22400	-0.031851
22450	-0.091688
22500	0.253845
22550	0.037451
22600	0.079694
22650	0.034133
22700	-0.049577
22750	-0.107528
22800	-0.145349
22850	-0.076688
22900	0.179730
22950	0.202021
23000	0.097507
23050	0.059636
23100	-0.125461
23150	-0.073713
23200	-0.105368
23250	0.119223
23300	0.055985
23350	-0.218349
23400	-0.018632
23450	0.035898
23500	0.012341
23550	0.205383
23600	0.015306
23650	0.258730
23700	-0.004910
23750	-0.060310
23800	0.084764
23850	-0.077878
23900	0.168335
23950	0.124819
24000	0.169395
24050	0.086149
24100	-0.094737
24150	0.121673
24200	0.086481
24250	0.192419
24300	-0.175015
24350	-0.159994
24400	0.114312
24450	0.017865
24500	-0.124270
24550	0.036792
24600	-0.063303
24650	0.024429
24700	0.031616
24750	0.310809
24800	0.110013
24850	0.061101
24900	-0.114281
24950	-0.134630
25000	0.065149
25050	0.166604
25100	-0.069190
25150	0.009532
25200	-0.120406
25250	-0.134847
25300	0.187339
25350	0.052245
25400	0.162810
25450	-0.034273
25500	-0.070968
25550	-0.267111
25600	0.024234
25650	-0.039272
25700	-0.197293
25750	0.026051
25800	0.064246
25850	0.014299
25900	-0.168638
25950	-0.103524
26000	-0.189043
26050	-0.025535
26100	-0.016046
26150	0.011150
26200	-0.020458
26250	-0.020815
26300	-0.099510
26350	-0.097136
26400	-0.047052
26450	0.031262
26500	-0.155904
26550	-0.055858
26600	0.114252
26650	0.049265
26700	-0.013824
26750	0.167906
26800	-0.058350
26850	-0.034260
26900	-0.111303
26950	0.025135
27000	-0.008094
27050	-0.016060
27100	0.123193
27150	-0.282363
27200	-0.274337
27250	-0.024189
27300	-0.080109
27350	0.002100
27400	0.128844
27450	-0.010492
27500	0.018952
27550	-0.008163
27600	-0.073521
27650	-0.074401
27700	-0.072684
27750	-0.074789
27800	-0.125892
27850	0.044702
27900	-0.228389
27950	-0.044718
28000	0.241643
28050	-0.056092
28100	-0.072419
28150	0.038402
28200	-0.082805
28250	-0.122644
28300	0.149697
28350	0.033893
28400	-0.147767
28450	0.121183
28500	0.097675
28550	0.142779
28600	0.195487
28650	-0.030003
28700	-0.008163
28750	0.001079
28800	-0.172649
28850	-0.079921
28900	0.031626
28950	0.039712
29000	0.008338
29050	0.022116
29100	-0.341779
29150	-0.189582
29200	-0.198149
29250	0.073767
29300	0.228322
29350	0.116844
29400	0.008857
29450	0.045182
29500	-0.252058
29550	-0.098712
29600	0.051653
29650	0.171264
29700	-0.118470
29750	-0.023238
29800	-0.116218
29850	0.095100
29900	0.206726
29950	-0.116950
30000	-0.220345
30050	0.053008
30100	0.153442
30150	0.042137
30200	0.008233
30250	-0.091547
30300	0.139547
30350	0.147093
30400	0.085132
30450	0.012697
30500	0.023769
30550	0.215481
30600	-0.166538
30650	0.185111
30700	0.154214
30750	0.129386
30800	-0.050932
30850	-0.014746
30900	-0.090166
30950	0.122452
31000	-0.102240
31050	-0.175233
31100	-0.037616
31150	-0.034846
31200	-0.158857
31250	-0.072070
31300	-0.164716
31350	0.200728
31400	-0.145737
31450	-0.020021
31500	0.070754
31550	0.101990
31600	-0.291784
31650	-0.153847
31700	0.148800
31750	-0.096225
31800	0.010547
31850	0.188850
31900	-0.176485
31950	-0.082525
32000	0.051468
32050	0.016686
32100	0.006894
32150	0.040025
32200	0.064606
32250	0.088681
32300	0.006723
32350	0.059424
32400	-0.167395
32450	-0.076807
32500	-0.085085
32550	0.014500
32600	-0.077121
32650	0.009927
32700	0.109654
32750	-0.031481
32800	-0.002237
32850	-0.139788
32900	-0.031517
32950	-0.000363
33000	0.044009
33050	-0.098258
33100	-0.010902
33150	0.126009
33200	-0.033921
33250	-0.216713
33300	-0.028384
33350	-0.095905
33400	-0.213087
33450	0.008173
33500	0.060092
33550	-0.038588
33600	-0.203123
33650	0.004809
33700	-0.170574
33750	-0.216821
33800	-0.206738
33850	-0.293604
33900	0.106015
33950	-0.107662
34000	0.034801
34050	-0.068445
34100	0.083393
34150	-0.229964
34200	-0.020036
34250	0.041342
34300	-0.027718
34350	-0.084010
34400	-0.131982
34450	-0.002868
34500	-0.019900
34550	0.110964
34600	0.105035
34650	-0.059025
34700	-0.063709
34750	0.093275
34800	-0.099116
34850	-0.043729
34900	0.085957
34950	0.050682
35000	-0.107714
35050	0.050403
35100	0.011110
35150	-0.039331
35200	-0.051269
35250	-0.302899
35300	-0.014290
35350	0.058111
35400	0.117406
35450	0.150825
35500	-0.030475
35550	0.001197
35600	-0.065104
35650	-0.137790
35700	-0.063926
35750	0.177737
35800	-0.003665
35850	-0.251057
35900	-0.004298
35950	-0.156258
36000	-0.048750
36050	0.026838
36100	0.166273
36150	0.210449
36200	-0.078927
36250	0.086814
36300	-0.034896
36350	-0.011044
36400	0.149196
36450	0.021158
36500	-0.089254
36550	0.049760
36600	0.043840
36650	0.129788
36700	0.087974
36750	-0.052225
36800	-0.031211
36850	-0.017553
36900	-0.046141
36950	0.020426
37000	-0.026639
37050	-0.228929
37100	0.000530
37150	0.066059
37200	0.321437
37250	0.044701
37300	-0.036448
37350	0.251098
37400	-0.043713
37450	-0.201165
37500	0.028959
37550	-0.267634
37600	0.032612
37650	-0.345026
37700	-0.116279
37750	-0.281498
37800	-0.023200
37850	0.091657
37900	-0.080224
37950	0.002888
38000	-0.064970
38050	-0.007648
38100	-0.177319
38150	-0.001718
38200	0.078986
38250	-0.086165
38300	0.037172
38350	0.124803
38400	0.125687
38450	-0.040967
38500	0.050927
38550	0.037381
38600	-0.171839
38650	0.012949
38700	0.021212
38750	-0.117634
38800	0.051169
38850	-0.025381
38900	0.075649
38950	-0.050174
39000	0.088208
39050	0.037586
39100	0.117487
39150	0.147780
39200	0.071226
39250	0.021318
39300	-0.022353
39350	0.183806
39400	-0.119300
39450	0.013626
39500	-0.010145
39550	0.038573
39600	-0.189375
39650	-0.086070
39700	0.146503
39750	-0.063154
39800	-0.026665
39850	0.143448
39900	0.116118
39950	0.061163
40000	-0.123140
40050	0.186468
40100	-0.095145
40150	0.051595
40200	-0.023063
40250	0.033794
40300	-0.164665
40350	-0.024868
40400	-0.072300
40450	0.122724
40500	-0.147576
40550	0.034084
40600	-0.042599
40650	-0.207097
40700	-0.061166
40750	0.073277
40800	-0.031798
40850	-0.123506
40900	-0.101698
40950	0.093779
41000	-0.013286
41050	0.019172
41100	0.108760
41150	0.176770
41200	0.077348
41250	-0.023756
41300	0.110853
41350	0.032349
41400	-0.023011
41450	0.109867
41500	0.066231
41550	0.021166
41600	-0.010949
41650	-0.070913
41700	0.027205
41750	-0.020757
41800	-0.029138
41850	0.082834
41900	-0.080010
41950	0.014176
42000	-0.129463
42050	-0.059968
42100	-0.038924
42150	0.014229
42200	-0.163493
42250	0.067649
42300	0.016792
42350	0.146299
42400	-0.061640
42450	0.162044
42500	-0.056547
42550	0.045970
42600	0.135245
42650	-0.096326
42700	0.075871
42750	0.118714
42800	-0.252253
42850	-0.242334
42900	-0.016164
42950	0.045645
43000	-0.243729
43050	-0.038282
43100	-0.164621
43150	-0.276427
43200	0.021434
43250	-0.082703
43300	-0.054859
43350	0.033176
43400	-0.166193
43450	-0.108079
43500	0.099241
43550	-0.268108
43600	0.295985
43650	0.079419
43700	0.073955
43750	0.032978
43800	-0.196406
43850	-0.233533
43900	0.037602
43950	0.158195
44000	-0.055611
44050	-0.041989
44100	-0.111509
44150	0.015005
44200	-0.075874
44250	-0.027643
44300	0.026041
44350	0.026635
44400	0.041352
44450	0.219493
44500	-0.087189
44550	-0.275500
44600	0.133490
44650	0.071400
44700	0.046851
44750	0.008141
44800	0.012598
44850	0.088097
44900	0.044216
44950	0.085213
45000	0.088566
45050	-0.365957
45100	-0.103291
45150	0.176037
45200	-0.215823
45250	-0.073239
45300	0.048654
45350	-0.121328
45400	-0.077621
45450	-0.150293
45500	-0.157159
45550	0.105972
45600	-0.217161
45650	-0.045907
45700	0.020185
45750	0.072220
45800	-0.143456
45850	-0.179735
45900	-0.173048
45950	0.075382
46000	0.013543
46050	0.124473
46100	-0.029553
46150	0.064057
46200	0.078068
46250	-0.003969
46300	0.181712
46350	0.100164
46400	0.042025
46450	-0.057875
46500	0.020673
46550	-0.054003
46600	-0.029178
46650	0.079506
46700	0.152244
46750	-0.044785
46800	-0.067732
46850	0.079747
46900	-0.009212
46950	0.054322
47000	0.178848
47050	0.114765
47100	0.183990
47150	0.059487
47200	-0.087552
47250	-0.108710
47300	-0.065660
47350	-0.044925
47400	0.026685
47450	0.115271
47500	0.126138
47550	0.134112
47600	-0.177648
47650	-0.005976
47700	0.102303
47750	0.003008
47800	-0.029038
47850	-0.134185
47900	-0.128872
47950	0.166721
48000	-0.021766
48050	-0.263384
48100	0.078777
48150	0.007128
48200	0.098005
48250	0.144942
48300	0.068369
48350	0.134997
48400	-0.016770
48450	-0.147656
48500	0.043764
48550	0.080793
48600	0.157549
48650	0.353498
48700	-0.114487
48750	0.166240
48800	-0.061084
48850	-0.125720
48900	0.091350
48950	-0.136814
49000	0.062221
49050	0.018218
49100	-0.066354
49150	0.034886
49200	-0.018553
49250	-0.175840
49300	-0.128122
49350	-0.102254
49400	0.078768
49450	0.008764
49500	0.035573
49550	0.067167
49600	0.088196
49650	0.146668
49700	-0.086492
49750	-0.239105
49800	-0.257283
49850	-0.006555
49900	-0.040477
49950	0.061774
50000	-0.064211
50050	0.116513
50100	-0.083538
50150	0.012531
50200	0.070534
50250	0.003997
50300	-0.097887
50350	-0.005247
50400	-0.023141
50450	-0.119648
50500	-0.167493
50550	0.053363
50600	-0.128557
50650	0.060964
50700	0.160155
50750	0.159321
50800	0.186391
50850	0.121992
50900	-0.001878
50950	0.311449
51000	0.171302
51050	-0.042880
51100	0.081109
51150	0.050695
51200	0.005465
51250	-0.235529
51300	0.094832
51350	-0.136927
51400	0.091536
51450	0.026077
51500	0.164299
51550	-0.113898
51600	-0.047170
51650	0.168951
51700	0.220560
51750	-0.016231
51800	-0.132611
51850	-0.197352
51900	-0.002215
51950	0.020660
52000	-0.091483
52050	0.050125
52100	0.165356
52150	0.108258
52200	0.158396
52250	0.277596
52300	-0.089186
52350	0.010750
52400	0.224367
52450	-0.134977
52500	-0.209459
52550	-0.119973
52600	-0.108172
52650	0.004116
52700	-0.140262
52750	-0.162924
52800	-0.044962
52850	-0.084986
52900	-0.047023
52950	-0.016043
53000	-0.133673
53050	0.002734
53100	0.128712
53150	0.248307
53200	0.037718
53250	0.165116
53300	0.121229
53350	-0.184210
53400	0.011611
53450	0.012987
53500	-0.059901
53550	0.069975
53600	0.013333
53650	0.082747
53700	0.105664
53750	0.046546
53800	0.130518
53850	-0.101004
53900	-0.004752
53950	0.003511
54000	0.154422
54050	0.249085
54100	0.136520
54150	0.026357
54200	0.039018
54250	0.056264
54300	-0.052653
54350	-0.037565
54400	0.121235
54450	-0.114718
54500	-0.172973
54550	0.139526
54600	0.094713
54650	0.068747
54700	-0.059916
54750	0.301882
54800	0.152825
54850	0.019064
54900	-0.064617
54950	0.098841
55000	-0.073079
55050	-0.242960
55100	0.128433
55150	0.062038
55200	-0.042760
55250	0.000836
55300	0.049537
55350	0.035933
55400	0.031554
55450	-0.104790
55500	-0.268879
55550	-0.123545
55600	-0.115761
55650	0.044572
55700	-0.059239
55750	-0.086785
55800	-0.002062
55850	-0.108096
55900	-0.086842
55950	0.081109
56000	0.220827
56050	0.010822
56100	0.079517
56150	0.081232
56200	-0.090568
56250	-0.075255
56300	-0.060941
56350	0.025937
56400	-0.056734
56450	-0.127030
56500	-0.003742
56550	-0.036257
56600	0.056253
56650	-0.121511
56700	0.153299
56750	-0.036080
56800	0.036401
56850	-0.002229
56900	-0.253223
56950	-0.472789
57000	0.002558
57050	0.043250
57100	-0.013406
57150	-0.013775
57200	-0.075429
57250	-0.213772
57300	-0.080867
57350	-0.147810
57400	0.036119
57450	-0.088447
57500	-0.004230
57550	0.171917
57600	0.259131
57650	-0.003718
57700	0.005297
57750	0.071033
57800	-0.016522
57850	-0.108223
57900	0.194980
57950	0.145071
58000	0.303959
58050	-0.098140
58100	0.038276
58150	-0.166901
58200	0.082538
58250	0.053055
58300	-0.101810
58350	-0.212158
58400	-0.063018
58450	-0.040874
58500	-0.143599
58550	0.091685
58600	0.034730
58650	-0.007806
58700	-0.086354
58750	0.050373
58800	-0.008379
58850	-0.171727
58900	-0.066462
58950	0.115838
59000	-0.094846
59050	0.102293
59100	-0.042999
59150	-0.037072
59200	-0.094785
59250	-0.007148
59300	-0.083494
59350	-0.023170
59400	0.111241
59450	0.178346
59500	-0.133742
59550	0.115977
59600	0.290343
59650	0.124322
59700	0.053462
59750	-0.085348
59800	-0.012496
59850	-0.016249
59900	-0.004382
59950	0.066409
60000	-0.120084
60050	0.099012
60100	-0.085457
60150	0.129282
60200	-0.109315
60250	0.059000
60300	-0.054793
60350	0.034007
60400	0.111436
60450	-0.004874
60500	-0.162774
60550	0.017568
60600	0.120843
60650	0.064046
60700	-0.079850
60750	0.118362
60800	-0.165733
60850	-0.049157
60900	-0.073308
60950	-0.117679
61000	-0.064286
61050	-0.053002
61100	-0.242127
61150	0.179056
61200	-0.025922
61250	-0.189504
61300	-0.106683
61350	-0.008703
61400	-0.046624
61450	0.038419
61500	0.295915
61550	-0.020215
61600	0.023374
61650	0.041111
61700	-0.133013
61750	0.072694
61800	-0.240579
61850	-0.105953
61900	-0.161289
61950	-0.095537
62000	-0.004009
62050	0.003871
62100	0.189322
62150	0.095438
62200	-0.035714
62250	0.123975
62300	0.027189
62350	-0.134615
62400	0.005570
62450	0.035890
62500	-0.050254
62550	0.023743
62600	-0.169254
62650	0.238863
62700	0.208281
62750	0.106311
62800	-0.010571
62850	-0.285670
62900	0.252476
62950	0.076642
63000	0.057918
63050	-0.120608
63100	-0.057527
63150	-0.233560
63200	0.018346
63250	0.183291
63300	-0.170340
63350	-0.089077
63400	-0.173315
63450	-0.019844
63500	0.019189
63550	0.039955
63600	0.178715
63650	0.037093
63700	0.013537
63750	0.055473
63800	0.145431
63850	-0.041016
63900	-0.007290
63950	-0.083222
64000	0.056250
64050	0.089080
64100	0.091136
64150	0.036908
64200	-0.012881
64250	-0.069569
64300	0.002632
64350	-0.090625
64400	0.057563
64450	-0.118833
64500	0.042910
64550	-0.170070
64600	-0.080540
64650	-0.047491
64700	0.251386
64750	0.095224
64800	0.021303
64850	-0.001294
64900	0.015174
64950	0.091301
65000	0.024293
65050	-0.133674
65100	0.060484
65150	0.176782
65200	-0.043817
65250	-0.009657
65300	0.260217
65350	0.016443
65400	-0.051934
65450	0.098085
65500	0.024658
65550	0.171165
65600	0.072437
65650	-0.175392
65700	0.139338
65750	-0.025610
65800	0.022979
65850	0.307123
65900	-0.197290
65950	-0.177624
66000	-0.083972
66050	-0.076448
66100	0.061470
66150	0.033710
66200	-0.073621
66250	-0.109270
66300	0.047174
66350	-0.117399
66400	0.006860
66450	-0.057921
66500	-0.131161
66550	-0.027973
66600	-0.032416
66650	0.073927
66700	0.016128
66750	0.027340
66800	-0.035596
66850	0.108406
66900	0.112493
66950	-0.032183
67000	-0.145990
67050	0.041657
67100	-0.121220
67150	0.055376
67200	-0.179156
67250	0.089056
67300	-0.249661
67350	0.014412
67400	0.015642
67450	-0.033392
67500	0.127777
67550	0.061162
67600	0.082318
67650	0.187837
67700	0.108363
67750	-0.253625
67800	-0.198512
67850	0.010225
67900	0.174259
67950	-0.075739
68000	-0.194531
68050	-0.037796
68100	-0.061364
68150	-0.042099
68200	0.036483
68250	0.134955
68300	-0.010105
68350	-0.066791
68400	0.132190
68450	0.275867
68500	0.186184
68550	0.010709
68600	-0.097639
68650	0.032965
68700	0.061623
68750	-0.040435
68800	-0.012675
68850	-0.109700
68900	0.030074
68950	0.132254
69000	0.058385
69050	-0.079035
69100	-0.175779
69150	-0.029249
69200	0.007436
69250	0.134783
69300	0.147535
69350	0.006604
69400	0.055540
69450	0.006117
69500	-0.206148
69550	0.209612
69600	0.076357
69650	0.090291
69700	0.120105
69750	-0.049968
69800	-0.045970
69850	-0.112276
69900	0.287977
69950	0.073927
70000	0.354779
70050	0.110792
70100	0.086550
70150	-0.073403
70200	0.079453
70250	0.107105
70300	-0.354272
70350	0.188604
70400	-0.195082
70450	-0.018499
70500	-0.190459
70550	0.111224
70600	-0.127367
70650	0.044795
70700	-0.048760
70750	-0.082428
70800	0.089525
70850	0.143933
70900	0.101603
70950	-0.120769
71000	-0.119355
71050	-0.172285
71100	0.208811
71150	0.045624
71200	0.049625
71250	-0.016620
71300	-0.075134
71350	-0.113859
71400	-0.158344
71450	0.000975
71500	0.053336
71550	-0.046024
71600	-0.090581
71650	-0.091559
71700	-0.123785
71750	-0.074967
71800	-0.132163
71850	-0.077241
71900	0.133311
71950	-0.027237
72000	0.079162
72050	0.115328
72100	0.036616
72150	-0.029407
72200	-0.024371
72250	0.125158
72300	0.115019
72350	0.024391
72400	0.005906
72450	0.008725
72500	0.098991
72550	0.018444
72600	-0.049748
72650	0.013663
72700	-0.314019
72750	-0.188371
72800	0.172654
72850	0.025143
72900	-0.015599
72950	0.066732
73000	-0.062039
73050	0.072579
73100	0.021947
73150	0.143878
73200	-0.080866
73250	0.039490
73300	0.040555
73350	-0.044963
73400	0.045669
73450	0.010869
73500	-0.014931
73550	-0.145747
73600	0.056000
73650	-0.148358
73700	-0.070068
73750	0.114970
73800	0.269204
73850	-0.164360
73900	0.017535
73950	-0.031504
74000	-0.178338
74050	0.092450
74100	-0.034286
74150	0.037685
74200	0.148878
74250	-0.170619
74300	-0.004650
74350	-0.196984
74400	-0.115627
74450	-0.009197
74500	-0.167219
74550	-0.171821
74600	-0.040164
74650	0.044183
74700	0.169417
74750	-0.084543
74800	0.058640
74850	0.140914
74900	-0.004158
74950	-0.003492
75000	-0.073910
75050	-0.115356
75100	0.130122
75150	-0.145951
75200	0.013809
75250	0.190585
75300	0.023148
75350	0.118616
75400	0.041429
75450	0.061302
75500	-0.015420
75550	-0.061177
75600	0.061968
75650	-0.032960
75700	0.070983
75750	-0.033141
75800	-0.039966
75850	0.154413
75900	-0.120442
75950	0.174483
76000	-0.060799
76050	0.004945
76100	-0.021282
76150	0.108275
76200	0.259273
76250	0.001003
76300	-0.026532
76350	-0.092001
76400	0.129428
76450	0.213683
76500	-0.010582
76550	-0.262798
76600	-0.095406
76650	-0.028194
76700	-0.037872
76750	0.266889
76800	-0.010654
76850	0.195806
76900	-0.011874
76950	0.036622
77000	0.037653
77050	0.004536
77100	0.120487
77150	-0.240807
77200	-0.119550
77250	-0.113137
77300	0.040131
77350	-0.011794
77400	-0.010989
77450	0.118022
77500	0.006692
77550	0.013090
77600	0.013535
77650	0.017699
77700	0.128558
77750	-0.005353
77800	-0.051036
77850	-0.043459
77900	0.175887
77950	-0.109175
78000	0.020433
78050	-0.084184
78100	-0.231773
78150	-0.206071
78200	0.155141
78250	0.103275
78300	0.025629
78350	-0.010606
78400	0.086166
78450	-0.040222
78500	-0.009027
78550	0.093631
78600	-0.125228
78650	0.082753
78700	0.171183
78750	-0.188119
78800	-0.036682
78850	0.141413
78900	0.091374
78950	-0.009998
79000	0.011218
79050	0.241792
79100	-0.039540
79150	-0.009995
79200	-0.019807
79250	0.043095
79300	0.141878
79350	-0.000386
79400	-0.101658
79450	0.002124
79500	-0.061881
79550	0.136176
79600	0.046327
79650	-0.020883
79700	0.357292
79750	0.119259
79800	0.010240
79850	0.023008
79900	-0.044571
79950	-0.000073
80000	-0.049086
80050	-0.005560
80100	-0.070803
80150	0.042229
80200	0.163878
80250	0.111474
80300	-0.026327
80350	-0.145046
80400	-0.034080
80450	-0.033356
80500	0.077608
80550	0.071158
80600	-0.026498
80650	-0.064938
80700	0.149480
80750	-0.164299
80800	-0.129370
80850	0.016294
80900	0.071649
80950	-0.025636
81000	-0.014912
81050	-0.019558
81100	-0.010415
81150	-0.017799
81200	-0.132547
81250	-0.010811
81300	0.065178
81350	-0.099547
81400	-0.051362
81450	0.102910
81500	-0.095305
81550	0.300865
81600	0.265541
81650	0.182296
81700	-0.080827
81750	-0.246297
81800	-0.030633
81850	0.005163
81900	-0.163186
81950	-0.059724
82000	0.005351
82050	-0.160119
82100	0.001582
82150	0.154505
82200	0.116238
82250	0.128399
82300	-0.095511
82350	-0.050413
82400	-0.302796
82450	0.018190
82500	-0.121216
82550	0.089939
82600	-0.032532
82650	0.046798
82700	0.105205
82750	0.190455
82800	0.059698
82850	0.046592
82900	-0.024471
82950	0.192003
83000	0.039612
83050	-0.147254
83100	0.092026
83150	-0.094875
83200	-0.204513
83250	0.172386
83300	0.227118
83350	-0.081940
83400	-0.004252
83450	0.015207
83500	-0.147176
83550	-0.049772
83600	-0.031412
83650	-0.267394
83700	-0.129239
83750	0.013767
83800	-0.083595
83850	-0.100646
83900	0.028161
83950	0.140787
84000	0.002771
84050	-0.065090
84100	0.111949
84150	0.113585
84200	0.174569
84250	0.119014
84300	0.109958
84350	0.268508
84400	-0.131186
84450	-0.180347
84500	-0.187937
84550	0.215611
84600	-0.043819
84650	0.095045
84700	-0.075584
84750	0.034424
84800	-0.023729
84850	-0.025476
84900	0.056262
84950	-0.001976
85000	-0.030891
85050	0.198041
85100	0.103219
85150	-0.174385
85200	0.090733
85250	-0.221114
85300	0.047923
85350	-0.069752
85400	-0.026066
85450	0.003296
85500	-0.070551
85550	-0.027255
85600	0.331877
85650	-0.072935
85700	0.020111
85750	0.258606
85800	-0.078596
85850	-0.066835
85900	-0.010188
85950	0.179371
86000	0.064477
86050	0.053470
86100	0.075367
86150	-0.137958
86200	0.324300
86250	0.192666
86300	0.173285
86350	0.120552
86400	0.369346
86450	0.074989
86500	0.178625
86550	0.087774
86600	0.019816
86650	0.075823
86700	-0.145665
86750	-0.029609
86800	-0.074851
86850	0.008029
86900	-0.073630
86950	-0.101595
87000	0.058806
87050	0.028028
87100	-0.142189
87150	0.017822
87200	-0.025231
87250	-0.055133
87300	-0.158795
87350	-0.101050
87400	-0.143703
87450	-0.073181
87500	0.021518
87550	0.288479
87600	-0.256158
87650	-0.013577
87700	0.021246
87750	0.001911
87800	0.010026
87850	0.200395
87900	-0.054490
87950	0.067064
88000	0.084014
88050	0.226016
88100	-0.051756
88150	0.038166
88200	0.052612
88250	0.092375
88300	-0.146106
88350	-0.028377
88400	-0.001220
88450	-0.119498
88500	0.093314
88550	0.099470
88600	-0.117955
88650	-0.210149
88700	0.086723
88750	-0.119334
88800	0.157029
88850	-0.098300
88900	-0.054666
88950	0.202296
89000	0.254188
89050	-0.084171
89100	-0.075948
89150	0.119451
89200	-0.097620
89250	0.035964
89300	-0.041860
89350	-0.066960
89400	0.142693
89450	0.275702
89500	0.156033
89550	-0.138493
89600	-0.015804
89650	0.127256
89700	-0.180799
89750	0.203716
89800	0.030948
89850	-0.079648
89900	-0.093368
89950	0.007334
90000	0.037788
90050	0.067786
90100	0.067045
90150	0.010578
90200	0.198573
90250	0.135707
90300	-0.154571
90350	-0.080519
90400	-0.152557
90450	-0.109564
90500	0.239371
90550	0.006679
90600	-0.015818
90650	-0.175250
90700	-0.123980
90750	-0.029738
90800	-0.033495
90850	0.155878
90900	0.050274
90950	-0.003193
91000	-0.108658
91050	-0.065278
91100	-0.005077
91150	0.114766
91200	-0.061151
91250	0.070373
91300	-0.060917
91350	-0.197109
91400	0.151316
91450	-0.042813
91500	0.057538
91550	-0.177001
91600	-0.109480
91650	0.078442
91700	-0.234602
91750	0.087992
91800	-0.060133
91850	-0.239588
91900	0.173952
91950	0.009117
92000	0.092668
92050	0.070122
92100	-0.144140
92150	0.042657
92200	-0.045273
92250	0.276110
92300	0.013702
92350	-0.030730
92400	-0.196652
92450	-0.015173
92500	-0.097089
92550	0.041599
92600	-0.026928
92650	-0.023089
92700	0.163935
92750	-0.145516
92800	-0.021365
92850	-0.158026
92900	-0.183134
92950	-0.110329
93000	0.009986
93050	0.075305
93100	0.094092
93150	0.160830
93200	-0.068933
93250	0.006242
93300	0.196203
93350	0.038337
93400	0.021517
93450	-0.027400
93500	0.204639
93550	-0.165103
93600	-0.027457
93650	-0.016828
93700	0.121335
93750	0.039488
93800	0.154278
93850	0.096474
93900	0.018950
93950	-0.053412
94000	-0.121639
94050	-0.196718
94100	-0.079369
94150	-0.229308
94200	0.096654
94250	0.153784
94300	0.171997
94350	-0.193256
94400	0.011814
94450	0.126693
94500	-0.262471
94550	-0.097678
94600	-0.076825
94650	0.158150
94700	0.063689
94750	-0.085219
94800	0.103539
94850	-0.024836
94900	-0.217595
94950	-0.271209
95000	0.099226
95050	-0.071246
95100	-0.044032
95150	0.052893
95200	0.274239
95250	0.094223
95300	-0.100005
95350	-0.067413
95400	0.075800
95450	-0.113679
95500	0.075098
95550	0.131405
95600	0.023925
95650	0.107485
95700	-0.153659
95750	-0.065920
95800	-0.217258
95850	0.019306
95900	-0.149511
95950	-0.015247
96000	0.182112
96050	0.087698
96100	-0.031131
96150	-0.077676
96200	0.196860
96250	0.045617
96300	0.173780
96350	-0.089103
96400	-0.047028
96450	-0.020195
96500	-0.108294
96550	-0.015845
96600	-0.005930
96650	-0.188952
96700	0.009718
96750	0.059616
96800	-0.092472
96850	0.059448
96900	0.161126
96950	-0.053485
97000	0.025486
97050	0.033070
97100	-0.181784
97150	0.033028
97200	0.094593
97250	0.062359
97300	-0.089865
97350	-0.049994
97400	-0.144662
97450	0.280752
97500	-0.175090
97550	-0.017497
97600	0.105663
97650	-0.076744
97700	-0.094578
97750	0.162001
97800	-0.082394
97850	0.030895
97900	-0.080977
97950	0.079396
98000	0.001292
98050	-0.114506
98100	-0.031979
98150	0.486138
98200	0.046650
98250	-0.029663
98300	0.109597
98350	0.084592
98400	-0.111398
98450	-0.047014
98500	-0.105522
98550	0.124864
98600	-0.133364
98650	0.000151
98700	-0.018287
98750	0.145591
98800	-0.039274
98850	-0.002350
98900	0.051807
98950	0.184921
99000	-0.090736
99050	-0.044334
99100	-0.166860
99150	-0.158243
99200	0.205260
99250	0.037445
99300	-0.001632
99350	-0.001409
99400	0.110597
99450	-0.154257
99500	0.004614
99550	0.037031
99600	-0.015821
99650	-0.147535
99700	0.103386
99750	-0.007568
99800	0.139269
99850	0.334935
99900	0.128160
99950	0.029837
100000	-0.166278
100050	-0.046479
100100	-0.029102
100150	0.059710
100200	-0.064371
100250	-0.300906
100300	-0.121187
100350	0.096066
100400	-0.157540
100450	-0.024830
100500	-0.035927
100550	0.015896
100600	-0.158873
100650	0.037966
100700	-0.044429
100750	0.012652
100800	0.124144
100850	0.068384
100900	0.107636
100950	0.197313
101000	0.160894
101050	-0.162223
101100	0.218667
101150	-0.022598
101200	-0.115304
101250	0.061639
101300	0.220353
101350	0.051116
101400	-0.348363
101450	0.024784
101500	0.010473
101550	-0.110087
101600	0.021612
101650	-0.063165
101700	0.152089
101750	-0.013441
101800	0.129360
101850	0.012036
101900	-0.007550
101950	-0.130253
102000	0.131575
102050	0.015974
102100	0.156650
102150	0.144142
102200	-0.043632
102250	-0.018959
102300	-0.260277
102350	-0.048338
102400	-0.066966
102450	-0.083681
102500	-0.222262
102550	-0.184406
102600	-0.034865
102650	-0.020920
102700	-0.138439
102750	0.007444
102800	0.008610
102850	0.015666
102900	0.171294
102950	0.046846
103000	-0.007835
103050	0.302054
103100	0.247787
103150	-0.057746
103200	-0.074458
103250	-0.101806
103300	-0.046367
103350	-0.016440
103400	-0.127158
103450	0.233163
103500	0.029835
103550	0.179049
103600	-0.017241
103650	0.027176
103700	0.146387
103750	-0.004677
103800	-0.038312
103850	0.087762
103900	0.025579
103950	-0.053769
104000	-0.123241
104050	-0.047395
104100	-0.127926
104150	0.072506
104200	0.018118
104250	0.135391
104300	-0.253177
104350	-0.109758
104400	0.036223
104450	0.170474
104500	-0.131994
104550	-0.060775
104600	-0.140502
104650	-0.117414
104700	-0.122942
104750	0.181298
104800	-0.049705
104850	-0.113724
104900	-0.099397
104950	0.169859
105000	-0.052054
105050	0.113690
105100	0.191318
105150	-0.235032
105200	0.029457
105250	0.194102
105300	-0.149820
105350	0.126352
105400	-0.086004
105450	0.017918
105500	-0.212678
105550	-0.111249
105600	-0.011855
105650	0.159715
105700	-0.130832
105750	0.068206
105800	0.129219
105850	0.057889
105900	0.069010
105950	-0.099445
106000	0.032572
106050	0.218891
106100	-0.163539
106150	-0.055737
106200	0.160111
106250	0.054604
106300	0.085257
106350	0.003152
106400	0.096587
106450	-0.019556
106500	-0.031032
106550	0.000584
106600	0.158948
106650	-0.055550
106700	-0.070415
106750	0.125307
106800	0.003406
106850	0.133489
106900	-0.088745
106950	0.008071
107000	-0.044818
107050	-0.097464
107100	-0.013735
107150	0.072084
107200	-0.125686
107250	-0.085557
107300	-0.170864
107350	-0.042166
107400	-0.074098
107450	0.050526
107500	-0.031678
107550	-0.159525
107600	-0.003272
107650	0.087905
107700	-0.137709
107750	0.014486
107800	0.000047
107850	0.143046
107900	-0.036660
107950	0.024461
108000	0.107274
108050	-0.092304
108100	0.054522
108150	0.279413
108200	0.206297
108250	0.101806
108300	-0.098845
108350	-0.121662
108400	-0.010203
108450	-0.039771
108500	-0.288093
108550	-0.123896
108600	-0.101120
108650	0.057786
108700	0.022872
108750	-0.059617
108800	-0.011518
108850	-0.018026
108900	0.152095
108950	0.159463
109000	-0.061875
109050	-0.015180
109100	-0.056757
109150	0.071214
109200	0.056856
109250	0.302541
109300	-0.134614
109350	-0.123575
109400	0.061146
109450	-0.028773
109500	0.035460
109550	-0.003550
109600	-0.064770
109650	-0.106797
109700	-0.082364
109750	-0.001397
109800	-0.009997
109850	-0.167572
109900	-0.121485
109950	-0.030850
110000	0.166227
110050	-0.159793
110100	-0.080402
110150	0.002495
110200	0.139893
110250	-0.158583
110300	-0.040010
110350	-0.040703
110400	-0.083498
110450	-0.197806
110500	-0.072696
110550	0.156498
110600	0.060976
110650	-0.029429
110700	-0.046108
110750	-0.050552
110800	-0.249684
110850	-0.062859
110900	-0.226914
110950	0.251814
111000	0.337832
111050	0.137983
111100	0.146719
111150	-0.039082
111200	-0.081389
111250	-0.158846
111300	-0.104004
111350	0.122300
111400	0.128156
111450	0.198094
111500	0.192575
111550	0.049709
111600	0.093455
111650	-0.129250
111700	-0.023688
111750	-0.007472
111800	-0.089662
111850	-0.067268
111900	-0.233385
111950	-0.040119
112000	0.021391
112050	0.013646
112100	0.001010
112150	-0.183441
112200	0.026346
112250	0.041688
112300	0.112597
112350	0.004543
112400	-0.018625
112450	-0.093890
112500	0.057889
112550	0.042800
112600	0.049642
112650	-0.144401
112700	-0.181021
112750	-0.280905
112800	0.013465
112850	-0.192531
112900	-0.112360
112950	0.059525
113000	0.005903
113050	-0.071127
113100	0.019444
113150	0.008072
113200	-0.048603
113250	-0.215730
113300	0.196809
113350	-0.235136
113400	0.107236
113450	0.010530
113500	0.039516
113550	-0.134769
113600	-0.023018
113650	0.195299
113700	-0.023160
113750	0.126471
113800	-0.136181
113850	0.133629
113900	-0.018944
113950	0.142248
114000	0.198023
114050	0.193405
114100	-0.400277
114150	0.075899
114200	0.098349
114250	0.051872
114300	-0.051967
114350	0.054680
114400	-0.159659
114450	0.143065
114500	0.260370
114550	0.144846
114600	-0.067237
114650	0.024357
114700	-0.031020
114750	-0.131368
114800	-0.032576
114850	-0.087200
114900	0.092923
114950	0.067070
115000	-0.055169
115050	0.096214
115100	0.253368
115150	0.040218
115200	0.158794
115250	-0.071010
115300	0.001886
115350	-0.040979
115400	0.094568
115450	0.054845
115500	0.097804
115550	-0.064175
115600	0.143561
115650	-0.044361
115700	-0.331386
115750	0.069700
115800	0.077163
115850	-0.088448
115900	0.167992
115950	0.203557
116000	0.188976
116050	0.101794
116100	0.092927
116150	0.092444
116200	0.006908
116250	-0.001022
116300	-0.253819
116350	-0.293860
116400	0.111182
116450	0.030082
116500	-0.006374
116550	0.058667
116600	-0.142622
116650	0.158376
116700	0.006282
116750	0.070440
116800	0.155653
116850	0.061299
116900	0.002559
116950	-0.086344
117000	-0.093781
117050	-0.030116
117100	0.105251
117150	0.168443
117200	0.207585
117250	0.003802
117300	0.022163
117350	0.130455
117400	0.028100
117450	0.025749
117500	-0.107440
117550	-0.099187
117600	-0.091444
117650	0.027032
117700	-0.092658
117750	-0.113940
117800	-0.135606
117850	-0.051137
117900	-0.091786
117950	0.058643
118000	0.118490
118050	-0.225372
118100	0.048978
118150	-0.033157
118200	0.003687
118250	0.048309
118300	-0.086091
118350	-0.136207
118400	0.045163
118450	0.091326
118500	0.090531
118550	0.029452
118600	-0.099531
118650	-0.244786
118700	-0.160470
118750	0.095403
118800	0.143570
118850	0.004257
118900	0.108685
118950	0.003900
119000	0.088824
119050	0.049396
119100	0.193097
119150	0.034455
119200	0.183187
119250	0.103557
119300	-0.125757
119350	0.098213
119400	-0.141328
119450	-0.095363
119500	-0.012787
119550	0.019825
119600	0.288142
119650	-0.051450
119700	-0.005506
119750	-0.014544
119800	0.052568
119850	0.143543
119900	-0.057142
119950	0.074609
120000	-0.032186
120050	0.170342
120100	0.017681
120150	-0.046255
120200	-0.096536
120250	-0.100197
120300	-0.209231
120350	-0.010383
120400	0.173944
120450	-0.038611
120500	0.017059
120550	-0.004253
120600	0.132657
120650	0.340778
120700	-0.020417
120750	0.135425
120800	0.144074
120850	0.253496
120900	0.211154
120950	0.062062
121000	-0.100785
121050	-0.133037
121100	-0.071767
121150	0.216271
121200	-0.020708
121250	-0.146613
121300	0.171432
121350	-0.035782
121400	0.073949
121450	0.271390
121500	-0.116774
121550	-0.186365
121600	-0.177873
121650	-0.212055
121700	0.155446
121750	-0.100020
121800	0.007231
121850	-0.013948
121900	-0.007156
121950	-0.015505
122000	0.121999
122050	-0.030023
122100	0.011296
122150	0.047171
122200	0.300823
122250	0.126840
122300	-0.039887
122350	0.166508
122400	0.135051
122450	0.098202
122500	-0.041187
122550	-0.218282
122600	-0.020456
122650	0.030129
122700	0.035498
122750	0.229933
122800	0.014942
122850	0.021090
122900	-0.258203
122950	-0.079586
123000	0.109076
123050	-0.049678
123100	0.163600
123150	0.303528
123200	0.089617
123250	0.028267
123300	0.029729
123350	0.147672
123400	-0.331271
123450	-0.072466
123500	0.114394
123550	0.167117
123600	0.206889
123650	0.177885
123700	-0.150841
123750	-0.243468
123800	0.057991
123850	0.180880
123900	-0.105457
123950	0.052080
124000	0.084437
124050	0.148745
124100	-0.099083
124150	0.063856
124200	0.004379
124250	0.050645
124300	-0.232910
124350	-0.026926
124400	-0.055687
124450	-0.048181
124500	0.078806
124550	0.150343
124600	0.381246
124650	-0.058342
124700	-0.115879
124750	-0.034704
124800	-0.059371
124850	0.003482
124900	0.358038
124950	0.045764
125000	-0.012951
125050	0.080742
125100	-0.055279
125150	0.003442
125200	0.074267
125250	0.197108
125300	0.230660
125350	0.067344
125400	-0.139450
125450	0.055974
125500	-0.052938
125550	-0.006265
125600	0.099250
125650	0.091181
125700	0.043069
125750	-0.019024
125800	-0.049643
125850	-0.044315
125900	0.078438
125950	-0.049832
126000	-0.037858
126050	0.211427
126100	-0.074928
126150	0.008703
126200	0.216398
126250	-0.248631
126300	-0.022484
126350	-0.008099
126400	-0.074461
126450	-0.117961
126500	-0.055818
126550	-0.010261
126600	0.040372
126650	0.104423
126700	-0.113022
126750	0.042097
126800	0.015801
126850	-0.005566
126900	-0.225677
126950	-0.195788
127000	0.202266
127050	0.007106
127100	0.130145
127150	-0.079953
127200	-0.151470
127250	-0.004926
127300	0.005302
127350	-0.078925
127400	-0.011222
127450	-0.311404
127500	-0.170124
127550	0.320062
127600	0.066826
127650	-0.038008
127700	-0.263009
127750	-0.036919
127800	0.036859
127850	0.154360
127900	0.010702
127950	0.137859
128000	0.031386
128050	0.032835
128100	-0.192617
128150	-0.059219
128200	0.035565
128250	-0.122279
128300	-0.090962
128350	-0.111232
128400	-0.154294
128450	-0.134202
128500	0.091598
128550	0.112257
128600	0.221678
128650	0.037790
128700	-0.060699
128750	-0.121749
128800	-0.145761
128850	0.021082
128900	0.130755
128950	0.082998
129000	-0.033695
129050	0.001054
129100	0.023066
129150	0.097672
129200	-0.112766
129250	-0.060271
129300	-0.055310
129350	0.026429
129400	-0.106826
129450	0.029738
129500	0.065624
129550	0.136825
129600	-0.176174
129650	0.078627
129700	-0.157969
129750	-0.087800
129800	-0.264241
129850	-0.055892
129900	-0.002860
129950	-0.108979
130000	0.017660
130050	-0.055956
130100	-0.271526
130150	-0.153695
130200	0.217856
130250	0.008414
130300	0.122482
130350	-0.144584
130400	-0.095789
130450	-0.003020
130500	0.064613
130550	-0.164952
130600	0.043347
130650	-0.220447
130700	-0.266362
130750	0.123207
130800	0.017642
130850	-0.230643
130900	0.128557
130950	0.087475
131000	-0.123540
131050	-0.089723
131100	0.144109
131150	-0.075816
131200	-0.081919
131250	-0.280497
131300	0.093606
131350	-0.045365
131400	-0.004562
131450	-0.099947
131500	-0.097699
131550	0.052014
131600	0.113137
131650	0.349296
131700	-0.025977
131750	-0.002229
131800	-0.040688
131850	0.002725
131900	-0.244540
131950	-0.060856
132000	-0.039733
132050	-0.165791
132100	-0.090002
132150	-0.057447
132200	0.012002
132250	0.144158
132300	-0.010558
132350	-0.022713
132400	0.061514
132450	-0.138552
132500	0.191328
132550	-0.060256
132600	0.016611
132650	0.047083
132700	-0.063886
132750	-0.073590
132800	-0.127078
132850	-0.058274
132900	-0.109309
132950	-0.130291
133000	-0.061066
133050	0.139799
133100	0.129493
133150	-0.001392
133200	0.049426
133250	0.272904
133300	-0.013222
133350	-0.039644
133400	0.041171
133450	0.027905
133500	-0.068710
133550	0.187601
133600	0.076632
133650	0.323069
133700	0.099625
133750	-0.167061
133800	0.066682
133850	0.108562
133900	0.091523
133950	-0.103255
134000	-0.289720
134050	0.060081
134100	-0.069382
134150	-0.055113
134200	0.093522
134250	0.025277
134300	0.103354
134350	0.008541
134400	-0.054250
134450	0.211238
134500	0.192132
134550	-0.188388
134600	0.111731
134650	0.101332
134700	-0.127214
134750	0.003407
134800	-0.213721
134850	-0.109438
134900	-0.124120
134950	0.024236
135000	0.074904
135050	-0.119431
135100	-0.179474
135150	0.025271
135200	0.088462
135250	0.202539
135300	-0.039393
135350	0.009647
135400	0.058204
135450	-0.138874
135500	0.237990
135550	0.057819
135600	0.075532
135650	0.328739
135700	0.039984
135750	-0.089325
135800	-0.168135
135850	-0.021656
135900	0.054710
135950	-0.056875
136000	-0.190279
136050	0.107157
136100	-0.269736
136150	-0.155210
136200	0.114657
136250	0.022512
136300	-0.177518
136350	-0.146029
136400	0.079931
136450	-0.188680
136500	-0.292741
136550	-0.177895
136600	0.112156
136650	0.062638
136700	0.234926
136750	-0.097617
136800	-0.091320
136850	-0.242119
136900	-0.200847
136950	0.037401
137000	0.233161
137050	-0.040569
137100	0.077135
137150	-0.124588
137200	0.005423
137250	-0.040250
137300	0.036050
137350	-0.133705
137400	0.053509
137450	-0.113484
137500	0.072023
137550	0.099824
137600	0.034999
137650	-0.041497
137700	-0.095502
137750	0.037124
137800	0.023113
137850	0.065458
137900	-0.004800
137950	0.012528
138000	0.064043
138050	-0.077959
138100	0.186217
138150	0.137362
138200	0.198807
138250	0.158581
138300	-0.099569
138350	-0.112741
138400	0.013851
138450	0.320015
138500	0.149524
138550	0.020180
138600	-0.308349
138650	0.056481
138700	0.291440
138750	0.078389
138800	-0.010870
138850	-0.007021
138900	-0.144016
138950	-0.322006
139000	-0.011200
139050	0.041682
139100	-0.261771
139150	0.094452
139200	-0.052108
139250	-0.155797
139300	-0.212155
139350	0.088012
139400	-0.121461
139450	-0.098213
139500	-0.025001
139550	-0.255249
139600	0.097534
139650	0.194313
139700	0.165225
139750	-0.034716
139800	-0.109946
139850	0.125154
139900	0.174664
139950	0.003702
140000	0.184032
140050	-0.112056
140100	0.114981
140150	0.103217
140200	-0.178355
140250	0.140466
140300	0.094183
140350	-0.074001
140400	-0.158484
140450	-0.108542
140500	0.012177
140550	-0.076963
140600	0.043221
140650	0.010835
140700	0.023851
140750	-0.100557
140800	0.202653
140850	0.196516
140900	-0.088892
140950	0.139730
141000	-0.069795
141050	-0.064924
141100	0.028243
141150	0.047588
141200	0.051094
141250	-0.018671
141300	-0.094039
141350	-0.019525
141400	-0.162715
141450	0.161585
141500	-0.165569
141550	0.008146
141600	-0.374521
141650	-0.081028
141700	-0.075329
141750	0.128743
141800	0.011796
141850	0.087664
141900	-0.010007
141950	0.050896
142000	-0.238218
142050	-0.050611
142100	-0.012029
142150	0.150913
142200	-0.117174
142250	0.205826
142300	-0.050421
142350	-0.208305
142400	-0.233574
142450	-0.045153
142500	-0.116532
142550	-0.075438
142600	-0.213877
142650	-0.128866
142700	0.017144
142750	0.211114
142800	-0.130986
142850	0.019810
142900	0.184800
142950	0.089970
143000	0.035335
143050	-0.026018
143100	-0.126817
143150	0.055551
143200	0.113206
143250	0.099281
143300	-0.105956
143350	0.108249
143400	0.005243
143450	-0.157737
143500	0.029488
143550	-0.066583
143600	0.100728
143650	-0.042354
143700	0.057867
143750	0.085362
143800	0.138419
143850	-0.059413
143900	0.077801
143950	-0.171288
144000	-0.203000
144050	-0.240057
144100	-0.220661
144150	0.098829
144200	-0.048438
144250	-0.095474
144300	-0.021625
144350	-0.078104
144400	-0.151705
144450	0.154924
144500	-0.235779
144550	0.022601
144600	-0.016773
144650	0.085326
144700	0.102336
144750	0.033855
144800	0.060295
144850	0.115979
144900	0.087736
144950	0.052007
145000	0.119878
145050	0.232150
145100	0.181203
145150	-0.056276
145200	0.097422
145250	-0.012837
145300	-0.185290
145350	0.148408
145400	0.282654
145450	0.154056
145500	0.094525
145550	0.204375
145600	-0.107114
145650	-0.149946
145700	0.127068
145750	0.055526
145800	0.181510
145850	0.120010
145900	-0.177565
145950	-0.106767
146000	0.078694
146050	-0.113452
146100	-0.040101
146150	0.025451
146200	-0.078347
146250	-0.095905
146300	0.126731
146350	-0.173950
146400	-0.253874
146450	-0.267952
146500	0.026074
146550	-0.026953
146600	-0.016396
146650	-0.049467
146700	-0.082388
146750	0.027537
146800	-0.051090
146850	-0.242019
146900	0.234836
146950	-0.096614
147000	0.237887
147050	0.004175
147100	-0.212286
147150	0.019906
147200	-0.066867
147250	-0.147259
147300	-0.129420
147350	0.170280
147400	-0.004898
147450	-0.007836
147500	0.212042
147550	-0.072878
147600	-0.131898
147650	0.001005
147700	-0.057811
147750	-0.031145
147800	-0.031313
147850	0.177737
147900	0.056778
147950	-0.026746
148000	0.007276
148050	0.086899
148100	-0.192083
148150	0.007156
148200	-0.124306
148250	0.074185
148300	0.238605
148350	-0.015915
148400	0.151911
148450	-0.216870
148500	-0.053512
148550	-0.150283
148600	0.055401
148650	-0.101168
148700	0.097649
148750	-0.109604
148800	-0.056340
148850	0.187686
148900	-0.032302
148950	0.026170
149000	0.028872
149050	-0.049342
149100	0.177735
149150	0.107007
149200	-0.144755
149250	-0.031405
149300	-0.198208
149350	0.052609
149400	0.233958
149450	-0.103437
149500	0.073997
149550	0.002756
149600	-0.142123
149650	-0.089591
149700	0.313672
149750	-0.161764
149800	-0.024039
149850	-0.056077
149900	0.115485
149950	0.125363
150000	-0.022650
150050	-0.039411
150100	-0.223985
150150	-0.192257
150200	-0.130561
150250	-0.099187
150300	-0.102011
150350	-0.002280
150400	-0.066391
150450	-0.076332
150500	-0.169226
150550	0.017494
150600	0.131606
150650	0.264862
150700	-0.125814
150750	0.068442
150800	-0.039251
150850	-0.074519
150900	0.162205
150950	-0.018347
151000	0.156273
151050	-0.077232
151100	0.086784
151150	-0.154279
151200	-0.175612
151250	-0.172980
151300	0.069146
151350	-0.010187
151400	-0.177691
151450	-0.288733
151500	-0.130230
151550	-0.111270
151600	0.168214
151650	0.051074
151700	-0.109765
151750	-0.055563
151800	0.193799
151850	0.027554
151900	-0.050773
151950	0.021850
152000	-0.035151
152050	0.209899
152100	0.044600
152150	-0.172823
152200	-0.311194
152250	0.186696
152300	-0.130610
152350	-0.092733
152400	-0.216972
152450	-0.139208
152500	-0.049999
152550	0.125689
152600	-0.085591
152650	0.116359
152700	0.259479
152750	-0.225467
152800	-0.199921
152850	0.119666
152900	0.109987
152950	0.006473
153000	0.163998
153050	0.004045
153100	-0.040404
153150	0.075061
153200	-0.253262
153250	-0.219944
153300	-0.110966
153350	0.085451
153400	-0.024510
153450	0.067568
153500	0.194625
153550	0.138877
153600	0.114038
153650	-0.024865
153700	0.009291
153750	0.080503
153800	-0.080788
153850	-0.009248
153900	0.376757
153950	-0.044815
154000	-0.095672
154050	0.058571
154100	-0.028757
154150	-0.033328
154200	-0.034672
154250	-0.034386
154300	0.023815
154350	-0.216152
154400	-0.078712
154450	0.014935
154500	-0.098030
154550	0.135024
154600	-0.072737
154650	0.133908
154700	-0.202096
154750	-0.235636
154800	-0.045357
154850	-0.074754
154900	0.211032
154950	0.237496
155000	0.038573
155050	-0.055583
155100	0.152505
155150	0.199188
155200	-0.043021
155250	0.110766
155300	0.010884
155350	-0.077076
155400	-0.023558
155450	-0.107554
155500	0.068366
155550	0.251949
155600	0.281467
155650	-0.255302
155700	0.061315
155750	0.056539
155800	-0.040777
155850	0.038486
155900	0.102006
155950	0.163228
156000	-0.046808
156050	0.041800
156100	-0.026756
156150	-0.150242
156200	-0.031707
156250	0.159839
156300	-0.092019
156350	0.133492
156400	0.089084
156450	-0.350400
156500	-0.144928
156550	-0.099522
156600	0.034580
156650	-0.123908
156700	0.184400
156750	0.214178
156800	-0.181047
156850	-0.037433
156900	-0.408581
156950	0.062781
157000	-0.027463
157050	-0.154001
157100	-0.191373
157150	0.164534
157200	-0.133187
157250	-0.150380
157300	-0.093056
157350	0.038694
157400	-0.240443
157450	0.047096
157500	0.172867
157550	-0.173026
157600	0.050454
157650	-0.038118
157700	-0.043992
157750	0.069794
157800	0.012647
157850	-0.208457
157900	0.122272
157950	-0.026327
158000	-0.369589
158050	-0.096317
158100	0.074058
158150	-0.207488
158200	0.028835
158250	-0.314986
158300	0.004269
158350	-0.221832
158400	0.044467
158450	0.085815
158500	-0.012101
158550	0.224744
158600	0.122294
158650	-0.004568
158700	-0.073631
158750	0.000221
158800	0.155019
158850	-0.111547
158900	-0.266514
158950	-0.191030
159000	0.127215
159050	-0.220195
159100	-0.057422
159150	-0.104333
159200	0.051695
159250	-0.097747
159300	-0.221671
159350	-0.298968
159400	-0.262809
159450	0.032059
159500	-0.073115
159550	0.050870
159600	0.146206
159650	0.045404
159700	-0.112696
159750	0.073061
159800	-0.057317
159850	0.003029
159900	-0.143425
159950	-0.218650
160000	-0.310548
160050	-0.105112
160100	-0.106203
160150	0.154744
160200	-0.062311
160250	0.103126
160300	-0.106787
160350	0.127967
160400	0.133063
160450	-0.305739
160500	-0.159774
160550	0.255960
160600	0.103249
160650	-0.167389
160700	0.147163
160750	0.282701
160800	-0.297695
160850	-0.153244
160900	-0.118215
160950	-0.092662
161000	-0.091679
161050	0.069896
161100	-0.001643
161150	-0.391411
161200	-0.047703
161250	0.013217
161300	-0.012071
161350	0.094704
161400	-0.189495
161450	0.072867
161500	-0.033126
161550	0.052435
161600	-0.006241
161650	0.167910
161700	-0.019536
161750	-0.063148
161800	-0.039510
161850	-0.215232
161900	0.081984
161950	0.169835
162000	0.110564
162050	-0.204583
162100	-0.069924
162150	0.239422
162200	-0.063779
162250	-0.078757
162300	0.030033
162350	-0.045554
162400	0.042542
162450	-0.144373
162500	0.033790
162550	0.173182
162600	-0.222912
162650	-0.017397
162700	-0.089370
162750	-0.241849
162800	-0.148226
162850	-0.068887
162900	0.016963
162950	-0.152302
163000	-0.071344
163050	-0.093382
163100	-0.047470
163150	-0.057187
163200	-0.088430
163250	0.142140
163300	-0.055070
163350	0.132098
163400	0.004243
163450	-0.055975
163500	0.105949
163550	-0.145779
163600	-0.037750
163650	0.193987
163700	0.190857
163750	-0.087591
163800	0.011217
163850	0.027185
163900	-0.105570
163950	-0.007539
164000	-0.056530
164050	-0.124454
164100	-0.092169
164150	-0.234311
164200	0.139719
164250	0.101268
164300	0.007794
164350	0.057403
164400	0.100373
164450	-0.015000
164500	0.110107
164550	0.025499
164600	-0.196413
164650	0.081714
164700	0.114253
164750	0.254967
164800	0.023968
164850	-0.074602
164900	-0.049460
164950	-0.128843
165000	-0.151698
165050	0.093257
165100	-0.193237
165150	0.238301
165200	0.120408
165250	-0.214383
165300	-0.054869
165350	-0.093652
165400	0.191776
165450	0.209511
165500	-0.139107
165550	-0.134487
165600	0.078708
165650	0.066180
165700	0.340805
165750	-0.198936
165800	-0.071753
165850	0.339054
165900	0.007886
165950	0.137122
166000	0.065774
166050	-0.028751
166100	0.075095
166150	0.007636
166200	0.066100
166250	0.092978
166300	0.112225
166350	-0.071530
166400	0.041082
166450	-0.239509
166500	0.041632
166550	0.121193
166600	-0.128876
166650	-0.071519
166700	0.058703
166750	0.079075
166800	-0.155118
166850	-0.021280
166900	-0.322141
166950	-0.058650
167000	-0.132288
167050	0.056278
167100	0.045413
167150	-0.102185
167200	-0.067243
167250	-0.080795
167300	0.097584
167350	-0.163317
167400	0.045579
167450	0.090084
167500	0.132717
167550	-0.146648
167600	0.046251
167650	0.025092
167700	0.124362
167750	-0.072242
167800	0.140712
167850	-0.091466
167900	0.049595
167950	0.097197
168000	0.000959
168050	-0.215658
168100	0.120213
168150	0.319653
168200	0.175796
168250	-0.131604
168300	-0.080339
168350	-0.168385
168400	-0.052478
168450	0.187763
168500	0.043953
168550	0.182732
168600	0.143622
168650	-0.124573
168700	-0.030654
168750	0.165074
168800	0.207356
168850	0.229133
168900	-0.044185
168950	-0.107571
169000	0.256951
169050	-0.010661
169100	-0.242206
169150	-0.067322
169200	-0.068022
169250	0.051678
169300	-0.270816
169350	-0.078469
169400	-0.384106
169450	-0.142538
169500	0.024599
169550	-0.081321
169600	0.067698
169650	-0.014662
169700	0.143246
169750	-0.098727
169800	-0.142744
169850	-0.062693
169900	-0.114166
169950	-0.045031
170000	0.069318
170050	0.026465
170100	-0.083642
170150	-0.046385
170200	0.018653
170250	0.134915
170300	-0.052312
170350	-0.048889
170400	0.078625
170450	0.021698
170500	-0.112185
170550	0.074222
170600	-0.026686
170650	-0.094342
170700	-0.069686
170750	-0.100000
170800	-0.003527
170850	0.034011
170900	0.160026
170950	-0.121295
171000	-0.050628
171050	-0.028694
171100	-0.208101
171150	-0.285989
171200	-0.058102
171250	0.038456
171300	-0.141565
171350	0.156665
171400	-0.068220
171450	-0.146016
171500	0.094548
171550	-0.079473
171600	0.140073
171650	-0.001114
171700	0.041101
171750	-0.051048
171800	0.060609
171850	-0.127045
171900	0.041198
171950	-0.202587
172000	-0.223698
172050	0.052299
172100	0.061570
172150	0.040876
172200	-0.092494
172250	-0.155467
172300	0.062419
172350	0.185664
172400	-0.081566
172450	-0.266447
172500	0.045777
172550	-0.112680
172600	-0.197554
172650	-0.331512
172700	-0.003589
172750	0.205857
172800	0.037851
172850	-0.138405
172900	-0.054429
172950	0.056672
173000	0.021130
173050	-0.202007
173100	-0.098471
173150	0.141922
173200	0.064579
173250	0.105660
173300	-0.112756
173350	0.074422
173400	-0.035877
173450	-0.088301
173500	0.054010
173550	0.089002
173600	-0.027367
173650	0.110035
173700	-0.124800
173750	-0.221578
173800	0.103230
173850	-0.252048
173900	-0.120340
173950	-0.034796
174000	-0.047114
174050	-0.132958
174100	0.025453
174150	0.069125
174200	-0.095582
174250	-0.108912
174300	0.172634
174350	-0.033589
174400	-0.121350
174450	-0.161638
174500	0.116715
174550	-0.008634
174600	0.037345
174650	-0.142979
174700	-0.003996
174750	0.055384
174800	-0.078553
174850	0.156585
174900	-0.086710
174950	-0.063434
175000	-0.086626
175050	-0.072136
175100	-0.002297
175150	-0.174352
175200	-0.150437
175250	-0.182320
175300	-0.148882
175350	-0.166178
175400	-0.070710
175450	0.006520
175500	0.003366
175550	0.025649
175600	0.084304
175650	0.187888
175700	-0.031110
175750	-0.095386
175800	0.232620
175850	-0.038789
175900	0.121525
175950	-0.165584
176000	0.182147
176050	0.052405
176100	-0.030273
176150	-0.035317
176200	-0.000642
176250	-0.012268
176300	-0.229824
176350	0.038313
176400	0.008055
176450	0.084296
176500	0.055377
176550	-0.195950
176600	0.001445
176650	0.004587
176700	0.098460
176750	-0.002553
176800	0.191139
176850	0.058025
176900	-0.242183
176950	-0.195848
177000	0.154367
177050	0.109644
177100	-0.039424
177150	-0.007414
177200	-0.070056
177250	0.072146
177300	0.099235
177350	0.140242
177400	-0.014905
177450	0.015971
177500	-0.131218
177550	0.213695
177600	-0.010296
177650	-0.076275
177700	-0.091506
177750	0.106012
177800	-0.097447
177850	-0.226638
177900	-0.073313
177950	-0.021990
178000	0.046048
178050	-0.028073
178100	0.029118
178150	0.013656
178200	-0.107599
178250	0.020577
178300	0.050115
178350	-0.028042
178400	0.104357
178450	0.075635
178500	-0.073273
178550	0.019640
178600	-0.001393
178650	-0.138873
178700	0.077586
178750	0.043265
178800	-0.054633
178850	-0.203222
178900	-0.026572
178950	0.178718
179000	0.157473
179050	-0.011441
179100	-0.130362
179150	-0.009097
179200	0.074255
179250	-0.011262
179300	-0.127317
179350	-0.125033
179400	0.031843
179450	-0.129945
179500	-0.132299
179550	0.312453
179600	0.118500
179650	0.119818
179700	0.043899
179750	-0.187465
179800	-0.222270
179850	-0.129175
179900	0.001485
179950	0.035695
180000	0.016616
180050	-0.161340
180100	0.151205
180150	-0.121621
180200	0.031748
180250	-0.137382
180300	0.068717
180350	0.311863
180400	0.049140
180450	-0.156519
180500	0.095988
180550	0.085661
180600	-0.046974
180650	-0.186326
180700	-0.014048
180750	0.094839
180800	0.092119
180850	0.180399
180900	0.054192
180950	0.081120
181000	0.025976
181050	0.080247
181100	0.233830
181150	-0.144793
181200	-0.209584
181250	-0.117747
181300	0.045215
181350	0.172322
181400	0.004563
181450	0.128970
181500	0.144103
181550	0.033555
181600	0.180192
181650	-0.047870
181700	0.012862
181750	0.098754
181800	0.096621
181850	0.059371
181900	-0.000300
181950	-0.036816
182000	0.044417
182050	0.033950
182100	-0.028369
182150	-0.021137
182200	-0.115236
182250	-0.084669
182300	-0.513116
182350	0.059301
182400	-0.084778
182450	-0.023738
182500	-0.077066
182550	0.064459
182600	-0.148522
182650	-0.233789
182700	0.020482
182750	-0.018826
182800	0.120395
182850	-0.165833
182900	-0.022776
182950	0.089711
183000	0.002000
183050	0.074860
183100	0.090422
183150	-0.012595
183200	-0.013506
183250	-0.016525
183300	0.103482
183350	-0.022032
183400	-0.072463
183450	0.033119
183500	0.009758
183550	-0.134977
183600	-0.131766
183650	-0.210566
183700	-0.079104
183750	-0.159377
183800	0.187416
183850	-0.259743
183900	0.025502
183950	0.113994
184000	-0.011160
184050	-0.152472
184100	-0.189772
184150	-0.071730
184200	0.019807
184250	-0.022249
184300	-0.044953
184350	-0.111640
184400	0.138323
184450	-0.058131
184500	-0.004879
184550	0.085800
184600	-0.003008
184650	0.019532
184700	0.042259
184750	-0.077602
184800	0.012545
184850	-0.054067
184900	-0.114299
184950	-0.015128
185000	0.113317
185050	-0.237987
185100	-0.065316
185150	-0.157275
185200	0.058871
185250	0.148597
185300	0.196795
185350	0.129137
185400	-0.006158
185450	0.002439
185500	-0.304495
185550	-0.224926
185600	0.048395
185650	0.048529
185700	-0.123222
185750	-0.044918
185800	-0.106812
185850	-0.009331
185900	-0.021420
185950	-0.072794
186000	0.186388
186050	0.058603
186100	0.069512
186150	-0.027210
186200	-0.044092
186250	-0.228171
186300	-0.020046
186350	0.137362
186400	-0.014547
186450	0.019782
186500	-0.160768
186550	0.054021
186600	-0.034978
186650	0.025036
186700	0.217919
186750	0.148344
186800	0.015559
186850	0.053025
186900	0.054155
186950	-0.028100
187000	0.070402
187050	0.186999
187100	-0.055276
187150	0.071423
187200	0.005637
187250	0.258910
187300	0.016638
187350	-0.181095
187400	-0.060777
187450	-0.129773
187500	-0.027038
187550	0.097966
187600	-0.063681
187650	-0.058429
187700	0.132231
187750	0.014513
187800	-0.055199
187850	-0.049795
187900	-0.091728
187950	-0.077762
188000	-0.055798
188050	-0.165944
188100	-0.102111
188150	0.187581
188200	0.066004
188250	-0.003761
188300	0.226799
188350	0.028666
188400	0.076716
188450	0.169663
188500	0.085403
188550	-0.074679
188600	-0.130811
188650	0.021333
188700	0.007509
188750	0.103361
188800	-0.111754
188850	-0.188937
188900	0.028676
188950	-0.228323
189000	0.061275
189050	-0.084467
189100	-0.034373
189150	0.022405
189200	-0.053600
189250	0.185646
189300	0.260196
189350	-0.043912
189400	-0.085722
189450	-0.306111
189500	0.021397
189550	-0.123847
189600	-0.127804
189650	-0.096204
189700	0.035265
189750	-0.057331
189800	0.040145
189850	-0.029953
189900	0.172184
189950	0.007696
190000	0.122332
190050	-0.162415
190100	0.089423
190150	-0.002858
190200	0.155861
190250	0.049634
190300	0.107667
190350	-0.044462
190400	-0.006863
190450	0.017712
190500	-0.027050
190550	-0.148884
190600	0.085186
190650	0.100738
190700	-0.165329
190750	0.222570
190800	0.252297
190850	0.048909
190900	0.215057
190950	0.104278
191000	0.030350
191050	0.201174
191100	-0.165321
191150	0.058524
191200	-0.017703
191250	0.060775
191300	0.056456
191350	0.026890
191400	0.054913
191450	-0.154497
191500	0.285460
191550	0.030091
191600	-0.042756
191650	-0.220488
191700	-0.142014
191750	-0.088123
191800	0.005516
191850	-0.011825
191900	-0.081991
191950	-0.046935
192000	0.071379
192050	-0.118994
192100	-0.105495
192150	0.126109
192200	-0.039168
192250	0.275420
192300	0.139812
192350	0.077310
192400	0.129654
192450	-0.027137
192500	-0.161402
192550	-0.065107
192600	-0.186761
192650	0.052341
192700	0.062538
192750	-0.101168
192800	-0.026535
192850	0.033224
192900	0.131510
192950	0.049791
193000	0.100900
193050	0.068808
193100	-0.015780
193150	-0.016216
193200	0.357196
193250	-0.052967
193300	-0.050558
193350	-0.000432
193400	-0.165729
193450	-0.056133
193500	-0.187269
193550	-0.002379
193600	-0.176364
193650	-0.165085
193700	-0.057781
193750	0.034505
193800	-0.359948
193850	-0.010443
193900	-0.215600
193950	-0.077484
194000	0.050423
194050	0.011151
194100	-0.097789
194150	0.020053
194200	0.151570
194250	0.007780
194300	0.210686
194350	-0.208800
194400	0.093790
194450	0.045198
194500	-0.001983
194550	-0.118061
194600	0.044400
194650	0.074897
194700	0.278132
194750	0.027990
194800	0.071395
194850	0.048436
194900	0.173577
194950	-0.047984
195000	0.009676
195050	0.053627
195100	0.227430
195150	-0.023010
195200	-0.007844
195250	0.287955
195300	0.159159
195350	0.182352
195400	-0.145735
195450	0.046333
195500	0.264942
195550	0.097108
195600	-0.096777
195650	0.147375
195700	-0.089701
195750	-0.040093
195800	-0.000796
195850	-0.056066
195900	-0.081077
195950	0.024731
196000	0.256527
196050	0.068943
196100	0.044612
196150	0.024270
196200	0.150786
196250	-0.068634
196300	0.248065
196350	-0.061692
196400	0.213424
196450	-0.024910
196500	0.072771
196550	-0.030377
196600	-0.095494
196650	-0.060867
196700	0.024005
196750	-0.192148
196800	0.072924
196850	0.112136
196900	0.193974
196950	0.032096
197000	-0.087638
197050	-0.150609
197100	-0.033644
197150	0.120863
197200	0.096773
197250	0.070574
197300	0.092397
197350	0.139393
197400	0.172855
197450	-0.100410
197500	0.107818
197550	0.024594
197600	0.058719
197650	-0.003000
197700	0.001243
197750	0.061680
197800	-0.013516
197850	-0.008145
197900	0.031191
197950	0.134357
198000	0.005442
198050	-0.072586
198100	-0.091715
198150	0.025362
198200	0.075804
198250	0.008240
198300	0.098233
198350	-0.040630
198400	0.201537
198450	-0.117525
198500	-0.016477
198550	-0.052083
198600	0.086105
198650	0.168642
198700	-0.086833
198750	-0.108006
198800	0.320844
198850	0.358368
198900	0.205946
198950	0.357172
199000	-0.267631
199050	-0.155413
199100	0.187617
199150	-0.005289
199200	0.104837
199250	-0.117025
199300	0.079246
199350	0.057881
199400	-0.152112
199450	0.096381
199500	0.104254
199550	-0.155778
199600	-0.019746
199650	0.248089
199700	-0.080963
199750	0.105383
199800	0.125289
199850	0.048947
199900	0.082915
199950	0.109295
