0.000000 41.924252 49.037510 56.975319 67.903053
50.000000 1.763148 1.600511 1.704085 3.028335
100.000000 0.413934 0.430727 0.724703 1.995004
150.000000 0.377856 0.347823 0.272689 1.391732
200.000000 0.272187 0.367671 -0.101079 0.842468
250.000000 0.410550 0.254884 0.000997 0.529159
300.000000 0.267671 0.109609 0.158500 0.688364
350.000000 0.184141 -0.055507 -0.331454 0.104752
400.000000 0.162155 0.216494 -0.032857 -0.051167
450.000000 0.123018 0.162995 -0.054772 0.208590
500.000000 0.263772 0.181601 0.100273 0.040636
550.000000 0.243608 0.284209 0.283311 -0.177106
600.000000 0.095749 -0.052535 0.210278 0.056131
650.000000 0.211649 -0.108998 -0.018496 -0.043246
700.000000 0.066474 0.015139 -0.049505 0.146549
750.000000 0.055219 -0.021837 0.199518 0.137678
800.000000 0.066880 -0.069331 0.193805 -0.091963
850.000000 0.209559 0.013752 0.155859 -0.057753
900.000000 0.054062 -0.041467 0.027076 -0.260734
950.000000 0.063989 0.074922 0.197660 0.170485
1000.000000 -0.033380 0.389700 -0.053136 -0.074488
1050.000000 0.109396 0.098452 -0.198737 0.046122
1100.000000 0.077561 0.055856 0.148097 0.112325
1150.000000 -0.024611 0.163018 0.222011 0.116366
1200.000000 0.122569 -0.328967 0.089627 -0.143422
1250.000000 0.052394 0.027482 0.058947 -0.236738
1300.000000 -0.054118 0.023276 0.029170 0.100495
1350.000000 0.088150 0.115922 0.011396 0.098807
1400.000000 0.224468 0.174628 -0.018833 0.059079
1450.000000 0.022747 0.150024 0.153832 0.303789
1500.000000 0.007531 -0.209011 0.013118 0.322189
1550.000000 0.123517 0.129506 0.348301 -0.056022
1600.000000 0.064387 0.104633 0.160774 0.141110
1650.000000 -0.027666 0.110432 0.059743 0.042379
1700.000000 -0.061517 -0.036234 0.078980 -0.342434
1750.000000 -0.130856 -0.047450 0.252364 0.312584
1800.000000 -0.079209 0.139648 0.121000 0.357246
1850.000000 0.075317 0.248643 0.208337 0.339056
1900.000000 0.080380 0.159135 0.240062 0.381270
1950.000000 0.120645 0.157485 0.137440 0.441723
2000.000000 0.230361 0.190070 -0.120641 0.020362
2100.000000 0.153730 0.171494 0.090467 0.226141
2350.000000 0.098820 0.004558 0.058468 0.189900
2600.000000 0.015475 -0.066659 0.063074 0.325867
2850.000000 0.116209 0.128150 -0.007674 0.155852
3100.000000 -0.039054 0.001248 0.073430 0.064886
3350.000000 0.057823 0.094904 0.128833 0.104809
3600.000000 0.070393 0.070101 -0.038299 0.059633
3850.000000 0.016983 0.028207 0.059726 0.198214
4100.000000 0.045089 0.031377 -0.031186 0.159614
4350.000000 -0.036036 0.048708 0.000046 0.295786
4600.000000 0.147538 0.062203 -0.007096 0.267781
4850.000000 -0.082928 0.026161 0.111359 0.277295
5100.000000 0.121633 0.011387 0.007593 0.028727
5350.000000 -0.051092 -0.012430 -0.050813 0.107706
5600.000000 0.034160 0.007149 -0.028415 0.067948
5850.000000 -0.012028 -0.039954 -0.048483 0.055413
6100.000000 0.052497 0.087493 -0.053791 0.094639
6350.000000 -0.023745 0.106825 0.063735 0.024624
6600.000000 0.011268 -0.013173 0.048590 0.108237
6850.000000 0.068891 -0.036141 -0.065050 0.170373
7100.000000 -0.061184 0.083740 -0.070398 0.102151
7350.000000 -0.127833 -0.057816 0.025786 0.050436
7600.000000 0.009213 0.110464 0.059600 0.118745
7850.000000 0.040121 0.089462 0.056612 0.171109
8100.000000 0.107585 -0.010471 -0.010414 0.064119
8350.000000 -0.012023 -0.027112 -0.119324 0.356882
8600.000000 0.025625 -0.028992 -0.031511 0.018982
8850.000000 -0.001708 0.044513 -0.250160 -0.122782
9100.000000 -0.010855 0.048042 0.101050 -0.059220
9350.000000 -0.014402 -0.050778 -0.089839 0.316842
9600.000000 -0.091474 0.023642 0.026760 0.202236
9850.000000 0.063334 0.029703 0.065638 0.103313
10100.000000 0.040264 -0.032354 -0.084984 0.012836
10350.000000 0.028161 0.009648 -0.035518 0.245209
10600.000000 -0.058197 0.039745 -0.077012 0.087245
10850.000000 -0.128911 -0.021015 0.020901 0.217248
11100.000000 0.022786 0.079324 -0.048519 0.016764
11350.000000 -0.023802 0.023583 -0.083995 0.017336
11600.000000 0.044321 -0.034441 -0.109768 0.109402
11850.000000 -0.012450 -0.056920 -0.110662 0.141463
12100.000000 -0.040016 -0.012495 -0.001818 0.112804
12350.000000 -0.040759 -0.015348 0.069804 -0.009958
12600.000000 0.088784 -0.068037 -0.098584 0.193740
12850.000000 -0.029941 -0.076909 0.037317 0.115400
13100.000000 -0.012341 0.149656 0.014978 0.174334
13350.000000 -0.014471 0.050420 -0.149491 0.168965
13600.000000 0.006205 0.072529 -0.036402 0.206965
13850.000000 -0.004902 -0.046218 0.044852 -0.001828
14100.000000 -0.014272 -0.023386 -0.013571 0.167540
14350.000000 -0.032750 0.043082 0.073628 0.138770
14600.000000 0.068002 0.039694 0.020955 0.181549
14850.000000 0.032560 0.125217 0.073601 0.113911
15100.000000 0.003974 0.096194 0.044755 0.064477
15350.000000 0.013440 -0.075993 -0.111709 0.038572
15600.000000 0.037087 -0.005708 -0.010546 0.212071
15850.000000 0.110867 0.091465 0.131572 0.177795
16100.000000 -0.001693 -0.033744 0.016452 -0.061446
16350.000000 -0.048428 -0.061338 0.049997 0.061788
16600.000000 -0.014738 0.022814 0.068349 -0.029825
16850.000000 0.092265 -0.012089 0.232359 0.062302
17100.000000 0.129247 -0.049792 -0.016421 0.159258
17350.000000 -0.044941 0.025556 0.000407 0.197489
17600.000000 -0.008797 0.043402 -0.068190 0.069837
17850.000000 0.069825 0.069595 0.069918 0.149362
18100.000000 0.010123 0.047515 -0.018711 -0.176742
18350.000000 -0.120596 -0.069717 0.037481 -0.005067
18600.000000 -0.008874 -0.061758 0.023705 0.132200
18850.000000 0.079243 -0.001962 0.041934 0.108508
19100.000000 -0.102834 -0.007292 0.103105 0.138061
19350.000000 0.035615 0.038702 0.198263 0.165933
19600.000000 -0.070920 0.072134 0.064059 0.040224
19850.000000 0.004128 0.009420 -0.021852 0.029479
20100.000000 -0.004135 -0.023126 -0.019283 0.323940
20350.000000 -0.023514 0.081196 0.005139 0.062477
20600.000000 -0.018075 0.022945 -0.074986 0.211406
20850.000000 -0.089931 -0.041638 -0.081105 0.263549
21100.000000 0.006513 0.096184 -0.075222 0.054515
21350.000000 0.041516 0.048030 -0.037368 0.246538
21600.000000 0.100545 0.047783 0.075053 0.298432
21850.000000 0.038074 0.018217 0.034430 0.058090
22100.000000 0.094694 -0.124403 0.099836 0.091428
22350.000000 0.020759 -0.061872 -0.008372 0.142775
22600.000000 -0.001165 0.002648 0.105774 0.114377
22850.000000 0.051444 -0.037253 -0.032002 0.151702
23100.000000 -0.025137 0.009850 -0.011406 0.126270
23350.000000 -0.026551 -0.053751 0.136810 -0.103338
23600.000000 0.082840 -0.008193 -0.119271 -0.005139
23850.000000 0.093887 0.020518 0.031110 -0.024422
24100.000000 0.078397 0.035127 -0.043311 0.094859
24350.000000 -0.065420 0.049665 -0.105476 0.358071
24600.000000 0.068069 0.023963 -0.012325 0.134117
24850.000000 -0.002530 -0.013705 0.044407 0.006627
25100.000000 -0.029661 0.078962 -0.016261 0.027884
25350.000000 0.059431 -0.016661 0.202179 0.423253
25600.000000 -0.090678 0.114895 0.070960 0.201955
25850.000000 -0.076532 -0.055331 0.125585 0.170815
26100.000000 -0.014341 -0.007263 -0.102098 0.055609
26350.000000 -0.073668 0.004065 -0.072969 0.072580
26600.000000 0.052348 0.002292 0.061042 0.044023
26850.000000 -0.037374 -0.016675 -0.004324 0.125774
27100.000000 -0.094751 0.003530 -0.085379 0.256418
27350.000000 0.011859 -0.077767 0.000385 -0.051048
27600.000000 -0.060712 -0.002062 0.158478 0.094592
27850.000000 -0.022531 -0.014536 0.013025 0.056414
28100.000000 -0.059112 0.038491 -0.062713 0.024701
28350.000000 0.050936 -0.112333 -0.044141 -0.007482
28600.000000 0.060236 0.043049 0.059578 0.040146
28850.000000 -0.034579 0.097837 0.027227 0.084723
29100.000000 -0.126725 -0.005546 0.049457 -0.036853
29350.000000 0.029429 0.106270 -0.213310 0.020994
29600.000000 -0.003501 0.142156 -0.077513 0.185189
29850.000000 -0.030337 0.081215 0.085294 0.103012
30100.000000 0.033055 -0.024747 0.038790 0.125515
30350.000000 0.081648 0.018521 -0.008337 0.171624
30600.000000 0.103531 -0.025637 0.029570 0.252959
30850.000000 -0.027126 0.077566 0.068811 0.079670
31100.000000 -0.095724 0.150057 0.082300 0.059090
31350.000000 -0.011798 -0.096300 -0.061379 -0.057025
31600.000000 -0.058213 0.072291 0.022867 0.071488
31850.000000 -0.001629 0.012607 0.032743 0.153554
32100.000000 0.043378 0.067228 -0.092563 0.144947
32350.000000 -0.052628 0.153162 -0.098043 0.162586
32600.000000 0.005096 0.049539 0.187535 0.145398
32850.000000 -0.025979 0.135851 -0.014724 0.101065
33100.000000 -0.046757 0.010783 -0.079459 -0.009641
33350.000000 -0.053822 0.068106 0.003237 -0.034139
33600.000000 -0.124859 0.011763 -0.104876 0.017245
33850.000000 -0.093438 0.060112 -0.029090 0.025093
34100.000000 -0.038742 0.099894 -0.123953 0.044757
34350.000000 -0.053296 0.039555 -0.090651 -0.018632
34600.000000 0.037308 0.032467 0.066052 0.151309
34850.000000 -0.022784 -0.007394 0.071234 0.233284
35100.000000 -0.066397 0.095621 -0.031777 0.263704
35350.000000 0.056315 0.106814 -0.000109 0.123365
35600.000000 -0.017577 -0.038525 -0.035981 0.104168
35850.000000 -0.092806 -0.001744 0.090107 0.115300
36100.000000 0.082289 0.025855 -0.016720 0.172332
36350.000000 0.007032 -0.071318 -0.065073 0.071894
36600.000000 0.051827 -0.015762 -0.081976 0.100137
36850.000000 -0.020224 0.026272 -0.003661 0.109543
37100.000000 0.040760 0.020530 -0.043820 0.010782
37350.000000 -0.000254 0.037098 0.043483 0.088557
37600.000000 -0.195565 -0.100231 0.023009 0.144025
37850.000000 -0.014770 -0.114592 -0.099623 0.063234
38100.000000 -0.038773 0.012066 0.062665 0.015029
38350.000000 0.059524 -0.133189 0.118446 0.270546
38600.000000 -0.043586 0.035592 0.000246 0.190869
38850.000000 0.027894 0.049543 -0.112245 0.152582
39100.000000 0.079079 -0.057847 0.026899 0.061630
39350.000000 0.009127 -0.049881 0.075631 0.097504
39600.000000 -0.030705 0.071978 -0.153782 -0.051034
39850.000000 0.034185 0.007398 -0.114516 0.040845
40100.000000 0.030730 -0.114712 0.154739 0.159233
40350.000000 -0.057337 -0.131102 0.026298 0.165469
40600.000000 -0.040700 -0.059554 0.093413 0.054169
40850.000000 -0.035302 0.122568 0.110409 0.182762
41100.000000 0.071659 -0.060879 -0.006167 0.033350
41350.000000 0.059258 -0.170604 -0.113408 0.158440
41600.000000 -0.010850 0.134741 -0.036022 0.045420
41850.000000 -0.028320 0.071943 0.096636 -0.087836
42100.000000 -0.036101 0.018723 0.072186 0.179081
42350.000000 0.041390 -0.004301 -0.053202 -0.029360
42600.000000 0.055895 -0.016616 0.129034 0.132206
42850.000000 -0.141767 -0.068865 -0.014883 0.175865
43100.000000 -0.108120 0.014486 0.011267 0.117579
43350.000000 -0.039343 -0.117050 0.188282 0.173766
43600.000000 0.042846 0.036788 -0.070553 -0.024701
43850.000000 -0.057951 -0.087377 0.029480 0.214056
44100.000000 -0.048402 0.016845 -0.009374 0.139079
44350.000000 0.045266 -0.017467 0.150141 -0.000729
44600.000000 -0.003124 0.022863 -0.077984 0.283643
44850.000000 0.063738 -0.053950 0.083484 0.172349
45100.000000 -0.116455 -0.039586 0.072104 0.241912
45350.000000 -0.091549 0.002323 -0.080267 0.135622
45600.000000 -0.012938 -0.060999 0.051239 0.081139
45850.000000 -0.081463 0.025999 -0.086717 -0.025859
46100.000000 0.046615 -0.143278 -0.071994 0.050221
46350.000000 0.057340 -0.078559 0.035984 0.129535
46600.000000 0.020757 -0.016190 -0.084556 0.018236
46850.000000 0.047195 -0.012778 0.077949 0.005099
47100.000000 0.032396 -0.078434 -0.002530 0.092888
47350.000000 0.031502 0.183640 0.140024 0.032699
47600.000000 0.011160 0.217146 -0.016911 0.047016
47850.000000 -0.029428 -0.021660 0.094873 0.206368
48100.000000 0.013094 0.145879 0.043613 0.123051
48350.000000 0.016541 0.129776 -0.003838 0.221998
48600.000000 0.128719 -0.062785 0.026653 0.008972
48850.000000 -0.034009 0.046648 -0.020828 -0.071959
49100.000000 -0.041529 -0.114899 -0.103789 0.042924
49350.000000 -0.021454 0.092095 -0.039350 0.070132
49600.000000 -0.004713 0.008941 0.031092 0.036821
49850.000000 -0.061350 0.143320 0.049612 -0.018278
50250.000000 -0.019010 0.089464 -0.042154 0.049442
50750.000000 0.075571 -0.032041 -0.048810 -0.016942
51250.000000 0.010568 0.046974 -0.043088 0.130613
51750.000000 0.006499 -0.009877 -0.030241 0.088937
52250.000000 0.067920 0.034725 -0.065986 0.202855
52750.000000 -0.092969 -0.016914 -0.034334 0.052014
53250.000000 0.041053 0.077944 0.044013 -0.052347
53750.000000 0.028664 0.014102 0.038246 -0.014508
54250.000000 0.057796 -0.017244 -0.092737 0.154446
54750.000000 0.057809 0.112850 0.085895 0.022058
55250.000000 -0.015526 0.039971 0.090138 0.080761
55750.000000 -0.072553 -0.009259 -0.016778 0.076444
56250.000000 0.000781 0.030834 0.035856 0.143502
56750.000000 -0.067988 0.041237 -0.052548 0.114512
57250.000000 -0.055158 0.022465 0.112983 0.078903
57750.000000 0.071474 -0.004387 0.109010 0.066705
58250.000000 -0.020507 0.114016 0.058981 0.022444
58750.000000 -0.019170 0.004583 0.066795 0.059324
59250.000000 0.000837 0.086490 0.098946 0.088765
59750.000000 0.039830 0.104557 0.013452 0.058876
60250.000000 0.005821 -0.015169 0.115322 0.094864
60750.000000 -0.032768 0.044582 0.055006 0.204610
61250.000000 -0.051938 0.049255 -0.067813 0.166731
61750.000000 -0.032349 -0.019316 -0.030095 0.088021
62250.000000 0.030692 -0.048303 0.061206 0.156574
62750.000000 0.039057 0.071873 0.004318 -0.019634
63250.000000 -0.060472 -0.069880 -0.009603 0.032135
63750.000000 0.035786 -0.010470 0.087057 0.180686
64250.000000 0.004166 0.010788 -0.048491 0.057978
64750.000000 0.021790 0.031540 0.036088 0.063892
65250.000000 0.039722 -0.009667 0.023729 0.104114
65750.000000 0.016178 0.057288 0.105307 0.101126
66250.000000 -0.036942 0.021823 -0.043951 0.122954
66750.000000 0.007897 0.055740 -0.018768 0.058308
67250.000000 -0.051328 -0.032207 -0.028332 0.090121
67750.000000 0.022406 0.072473 -0.044765 0.080745
68250.000000 0.016681 -0.040138 0.027916 0.081676
68750.000000 0.019336 0.033994 -0.026132 0.118601
69250.000000 0.013234 -0.082981 0.018513 -0.018798
69750.000000 0.044391 0.088588 -0.100848 0.153391
70250.000000 0.028603 -0.090242 0.057853 0.056802
70750.000000 -0.007870 0.059125 -0.020108 0.024715
71250.000000 -0.035056 0.029477 -0.042839 0.118649
71750.000000 -0.047691 0.020227 0.022587 0.071636
72250.000000 0.045653 0.013840 0.020517 0.101660
72750.000000 -0.017211 0.053542 -0.070861 0.171487
73250.000000 0.018712 -0.005988 0.078415 0.169798
73750.000000 -0.011726 0.002562 -0.029107 0.202287
74250.000000 -0.043069 -0.031782 0.011821 0.117760
74750.000000 -0.005824 -0.053632 0.016373 0.063723
75250.000000 0.024379 0.007259 0.016248 0.227991
75750.000000 0.015874 0.013169 0.011265 0.121220
76250.000000 0.051599 0.039626 0.066929 0.130479
76750.000000 0.004194 -0.013792 -0.007603 0.120758
77250.000000 -0.017545 0.084406 -0.003447 0.039934
77750.000000 0.014644 0.043531 0.086506 0.095573
78250.000000 -0.018221 -0.040718 0.039635 0.099962
78750.000000 0.021130 -0.002165 0.021113 0.037810
79250.000000 0.026872 -0.057141 0.024521 0.064995
79750.000000 0.056489 -0.001675 -0.008835 0.088706
80250.000000 -0.004668 0.047045 -0.018499 0.146074
80750.000000 -0.002455 -0.054635 -0.036266 0.195519
81250.000000 -0.018886 0.095115 0.012690 -0.028493
81750.000000 0.007789 -0.018952 -0.030320 0.102044
82250.000000 -0.018457 0.029419 0.018769 0.137882
82750.000000 0.055247 0.016773 0.101663 0.066782
83250.000000 0.001352 -0.054395 0.000754 0.091230
83750.000000 -0.062652 0.093543 -0.050787 0.034462
84250.000000 0.052373 0.039914 -0.001919 0.084455
84750.000000 0.004282 0.070431 -0.081905 0.015241
85250.000000 -0.007900 -0.053386 -0.011709 0.033248
85750.000000 0.046360 -0.058361 0.062823 0.021919
86250.000000 0.131049 0.021985 0.215397 0.022663
86750.000000 -0.005528 -0.029295 0.000559 0.160224
87250.000000 -0.059463 -0.028709 0.098703 0.027747
87750.000000 0.028641 -0.020515 0.159999 0.022548
88250.000000 0.014623 0.003301 -0.033944 0.012016
88750.000000 0.003843 0.026179 0.012844 0.268529
89250.000000 0.046144 0.034145 0.117264 0.095550
89750.000000 0.001717 0.038549 -0.073626 0.090283
90250.000000 0.002027 0.051166 -0.049551 -0.002912
90750.000000 0.007073 0.080293 0.017911 0.002970
91250.000000 -0.020455 -0.038345 0.036417 0.192018
91750.000000 -0.041376 0.034593 0.017101 0.124539
92250.000000 0.006329 -0.092706 0.085133 -0.024930
92750.000000 -0.055994 0.057707 0.035413 0.105186
93250.000000 0.050618 0.002798 -0.027615 0.026734
93750.000000 0.037236 -0.024153 -0.007004 0.046140
94250.000000 -0.025935 -0.027306 -0.038387 0.205665
94750.000000 -0.071046 -0.051662 0.015360 0.030916
95250.000000 0.020001 0.030588 -0.018073 0.058373
95750.000000 -0.024438 -0.089683 0.042925 0.184354
96250.000000 0.042093 0.068787 0.000836 0.127329
96750.000000 -0.017507 -0.008687 0.007754 0.087718
97250.000000 0.006298 0.081821 0.095553 0.033394
97750.000000 -0.014932 -0.080727 0.012513 0.156110
98250.000000 0.039371 0.074929 0.113396 0.220196
98750.000000 0.020854 -0.020386 0.016152 0.102444
99250.000000 -0.026417 0.027539 0.143390 0.189387
99750.000000 0.060631 -0.030390 -0.041684 0.229039
100250.000000 -0.075492 0.011443 0.072202 0.071901
100750.000000 0.032476 -0.042673 0.015800 0.025681
101250.000000 0.008896 -0.110323 -0.006682 0.005716
101750.000000 0.000107 0.065715 -0.031832 0.049809
102250.000000 -0.007351 -0.040341 0.155966 0.136616
102750.000000 -0.035103 0.070825 -0.029806 -0.054629
103250.000000 0.035119 0.016600 0.003499 0.109106
103750.000000 0.038179 -0.031073 0.023713 0.027308
104250.000000 -0.022878 -0.044156 0.104583 0.052921
104750.000000 -0.048530 0.054862 -0.005338 0.128785
105250.000000 0.014993 -0.029586 0.090717 0.089991
105750.000000 -0.008202 -0.006935 -0.053826 0.028117
106250.000000 0.041234 0.110321 0.050101 0.173178
106750.000000 0.018406 -0.057903 0.017504 -0.004006
107250.000000 -0.053178 0.050075 0.044827 0.106089
107750.000000 -0.009890 0.034790 0.003047 0.132956
108250.000000 0.038653 -0.048625 0.049759 -0.100149
108750.000000 -0.021005 -0.101738 -0.060348 0.137782
109250.000000 0.007098 0.104914 0.041863 0.169391
109750.000000 -0.055332 0.053398 0.025448 0.066945
110250.000000 -0.045218 -0.052578 -0.020710 0.005527
110750.000000 -0.026895 0.026716 -0.109088 0.041392
111250.000000 0.068776 0.002897 0.003297 0.066310
111750.000000 -0.025510 0.031472 0.056202 0.102775
112250.000000 -0.007474 -0.025839 -0.013588 0.020696
112750.000000 -0.068790 -0.047676 0.002529 -0.062036
113250.000000 -0.022260 0.082278 0.058464 0.282573
113750.000000 0.030109 -0.052690 -0.004957 0.051849
114250.000000 0.020339 0.105268 -0.008139 0.102900
114750.000000 0.024016 0.160228 0.016036 0.091373
115250.000000 0.053273 -0.006242 0.018007 0.071618
115750.000000 0.023141 -0.057068 0.038048 0.008787
116250.000000 0.007561 -0.004780 0.034185 0.141942
116750.000000 0.027794 -0.013412 0.056016 -0.080617
117250.000000 0.056765 0.047180 0.105383 0.213797
117750.000000 -0.069752 -0.073948 -0.046112 0.027589
118250.000000 -0.012487 0.042244 -0.053727 0.111533
118750.000000 -0.002899 0.005995 0.069083 0.016109
119250.000000 0.038828 -0.097163 -0.007850 0.064869
119750.000000 0.043726 0.013650 -0.006928 -0.101390
120250.000000 -0.017143 -0.099994 -0.060506 0.008587
120750.000000 0.127204 -0.029572 -0.030503 0.170135
121250.000000 0.022435 0.043439 0.027477 0.068871
121750.000000 -0.066702 -0.009601 0.071037 0.176209
122250.000000 0.093798 -0.117612 0.133520 -0.104105
122750.000000 -0.028612 -0.005510 0.083856 -0.048513
123250.000000 0.041807 0.019709 0.002357 0.015741
123750.000000 0.045747 -0.024633 0.120831 0.012150
124250.000000 -0.011073 -0.033280 0.088060 0.070649
124750.000000 0.074938 0.028062 -0.006650 0.106358
125250.000000 0.050186 0.011777 0.051343 0.056187
125750.000000 0.008992 -0.019071 -0.096364 0.133711
126250.000000 -0.014789 -0.039715 -0.038104 0.078400
126750.000000 -0.040344 0.018051 0.112277 0.051323
127250.000000 -0.029308 0.012077 -0.026355 0.137738
127750.000000 0.021861 0.016645 -0.026217 0.162518
128250.000000 -0.076502 0.065918 -0.025716 0.108679
128750.000000 0.036995 0.043109 -0.052010 0.130529
129250.000000 -0.019091 -0.015635 0.038635 0.088201
129750.000000 -0.057284 0.014953 0.053658 0.064683
130250.000000 -0.035816 0.047535 0.137377 0.143921
130750.000000 -0.041756 0.006351 -0.027443 0.149375
131250.000000 -0.056365 0.135127 0.032491 -0.023300
131750.000000 0.004518 0.032875 -0.040234 0.082726
132250.000000 -0.030712 0.052699 0.032597 0.044941
132750.000000 -0.036766 0.050492 -0.059376 -0.049227
133250.000000 0.054537 -0.056946 -0.036233 -0.055209
133750.000000 0.061467 0.045397 -0.019863 0.039148
134250.000000 0.003355 -0.029598 0.060121 0.093193
134750.000000 -0.033004 0.015241 0.070330 0.132204
135250.000000 -0.001814 0.073993 -0.087656 0.135022
135750.000000 0.045878 -0.086221 -0.006713 0.046080
136250.000000 -0.080319 -0.139536 0.044516 0.078256
136750.000000 -0.065542 0.067209 0.024654 0.014596
137250.000000 -0.004732 0.051483 0.155736 0.011514
137750.000000 0.020327 -0.112792 0.010424 0.090305
138250.000000 0.078861 -0.048786 0.024938 0.015155
138750.000000 -0.019625 0.019815 -0.090014 0.100848
139250.000000 -0.068856 0.000653 0.023334 0.081232
139750.000000 0.033568 -0.080258 0.046116 0.146674
140250.000000 0.000544 -0.015146 -0.028525 -0.000001
140750.000000 0.036257 0.005417 -0.055168 0.040426
141250.000000 -0.014116 0.056567 -0.050189 0.029027
141750.000000 -0.041921 -0.053221 -0.039027 -0.058454
142250.000000 -0.059875 0.045157 0.001919 0.033813
142750.000000 -0.014286 -0.028703 -0.013727 0.086062
143250.000000 0.000034 -0.034239 0.099165 -0.011861
143750.000000 0.015003 0.085564 -0.007819 -0.056436
144250.000000 -0.080531 -0.068761 0.011850 0.133959
144750.000000 0.030758 0.039541 -0.096821 0.000181
145250.000000 0.096137 -0.013723 -0.043420 0.149698
145750.000000 0.024162 -0.076966 -0.086658 -0.019942
146250.000000 -0.079270 0.040544 0.010606 0.100729
146750.000000 -0.027648 0.015650 0.065163 0.151032
147250.000000 -0.013632 -0.074815 0.087268 0.063209
147750.000000 0.009577 0.051292 0.155922 0.048440
148250.000000 0.001686 -0.022240 0.027334 0.057085
148750.000000 -0.013630 0.076975 0.055111 0.181840
149250.000000 0.007303 0.014027 -0.046942 0.080767
149750.000000 0.015768 -0.020372 0.010846 0.155354
150250.000000 -0.095507 0.031882 -0.026489 -0.093210
150750.000000 0.021745 0.062586 0.023826 0.140944
151250.000000 -0.074451 0.040534 0.017274 0.186026
151750.000000 0.000489 0.008939 -0.075820 -0.005820
152250.000000 -0.065750 -0.069419 0.070527 0.006060
152750.000000 0.017668 -0.002130 0.030474 0.093877
153250.000000 -0.025296 0.002093 -0.045320 0.087716
153750.000000 0.075437 -0.056807 0.013423 0.187205
154250.000000 -0.042436 -0.075821 -0.019362 0.102762
154750.000000 -0.001115 -0.066556 -0.070561 0.016231
155250.000000 0.020512 -0.042353 -0.035792 0.029761
155750.000000 0.072728 0.068999 0.065554 0.060560
156250.000000 -0.027372 0.027589 0.039563 0.069532
156750.000000 -0.049948 -0.031252 -0.138763 0.100361
157250.000000 -0.073958 -0.064444 -0.001786 -0.060230
157750.000000 -0.006189 0.046475 0.043109 0.003340
158250.000000 -0.097277 0.007367 -0.007896 0.079608
158750.000000 -0.015711 -0.015468 -0.025929 0.067354
159250.000000 -0.105218 -0.040116 0.075628 0.073773
159750.000000 -0.028663 -0.006704 -0.050143 0.129735
160250.000000 -0.047780 0.069444 -0.034576 0.052039
160750.000000 -0.019991 -0.017906 0.020373 0.109957
161250.000000 -0.048332 0.059141 0.018490 0.199648
161750.000000 0.009537 -0.007235 0.007044 0.020386
162250.000000 -0.018441 0.028147 0.124062 0.029596
162750.000000 -0.071701 0.039743 -0.045610 0.031840
163250.000000 -0.019038 -0.008133 0.070926 0.166778
163750.000000 0.014497 -0.062599 -0.022993 0.107938
164250.000000 -0.011591 0.017685 -0.062580 0.158264
164750.000000 0.016119 0.035330 -0.095876 0.068790
165250.000000 0.014541 -0.035384 0.076381 0.106088
165750.000000 0.042547 0.082662 -0.040492 0.120693
166250.000000 0.012110 -0.053458 -0.049305 0.183863
166750.000000 -0.045698 -0.047529 -0.007663 -0.023787
167250.000000 -0.021089 -0.107494 -0.045009 0.061829
167750.000000 0.030557 0.011006 -0.098710 0.044448
168250.000000 0.015592 -0.011457 -0.002514 0.108940
168750.000000 0.066489 -0.072400 0.040177 0.092828
169250.000000 -0.095551 0.059139 0.009367 -0.001280
169750.000000 -0.032380 -0.050978 -0.031971 0.115412
170250.000000 0.011845 -0.078996 -0.063912 -0.008596
170750.000000 -0.025946 -0.083772 -0.042675 0.069036
171250.000000 -0.079219 0.007434 -0.096570 0.023654
171750.000000 -0.008374 -0.030632 0.124067 0.047301
172250.000000 -0.041684 0.047133 -0.002738 0.297582
172750.000000 -0.049201 0.067562 -0.001507 0.114079
173250.000000 -0.012970 -0.017536 0.096462 0.077105
173750.000000 -0.042465 0.020460 -0.014833 -0.051068
174250.000000 -0.043393 0.034923 0.034795 0.312803
174750.000000 -0.001828 -0.017873 0.101289 0.010367
175250.000000 -0.104742 -0.034805 0.174059 -0.061008
175750.000000 0.032448 0.089399 -0.057408 0.026545
176250.000000 0.005689 0.031106 0.060659 -0.054209
176750.000000 -0.022750 0.022307 -0.051681 -0.002611
177250.000000 0.045981 -0.081444 -0.016488 0.055210
177750.000000 -0.040898 -0.041006 0.031774 -0.014264
178250.000000 0.017579 -0.015914 0.014736 -0.055433
178750.000000 -0.017876 -0.120573 0.047491 0.094755
179250.000000 -0.028089 0.007272 -0.033412 -0.050290
179750.000000 -0.003936 0.059312 0.027873 0.176223
180250.000000 0.005243 0.003369 -0.056941 -0.070300
180750.000000 0.043697 0.031755 -0.044786 0.052180
181250.000000 0.021900 0.084336 -0.046454 0.007758
181750.000000 0.054047 0.031943 -0.048805 -0.104134
182250.000000 -0.073338 0.042355 -0.020199 0.069847
182750.000000 -0.037176 0.079380 -0.018124 0.025901
183250.000000 0.016676 0.001618 0.025036 0.020252
183750.000000 -0.063886 -0.063279 -0.026873 0.029975
184250.000000 -0.050398 -0.055501 -0.040982 -0.024561
184750.000000 -0.010885 -0.003482 0.050725 0.053400
185250.000000 0.018242 0.020454 0.083729 0.113030
185750.000000 -0.081099 -0.034247 -0.056155 0.000920
186250.000000 0.013758 -0.105378 0.041965 0.129048
186750.000000 0.034421 0.006395 -0.057007 0.151905
187250.000000 0.018309 0.033225 0.030078 0.161437
187750.000000 -0.017892 -0.008588 -0.008556 -0.052275
188250.000000 0.042781 -0.061968 -0.085770 0.072263
188750.000000 -0.048822 -0.036259 -0.033548 0.072183
189250.000000 -0.007866 -0.059175 -0.010164 0.051889
189750.000000 -0.015845 -0.031384 -0.039458 0.054131
190250.000000 0.032603 0.035800 -0.001330 0.149934
190750.000000 0.068777 0.055825 0.051955 0.044946
191250.000000 0.015156 0.002121 0.093571 -0.014158
191750.000000 -0.031307 0.062747 -0.044017 0.094945
192250.000000 0.052889 0.003685 -0.072028 0.038028
192750.000000 -0.021157 0.009778 0.015493 0.043646
193250.000000 0.016909 -0.162945 -0.041308 0.114843
193750.000000 -0.121785 0.011680 0.034535 0.208763
194250.000000 0.028406 -0.043702 0.088539 0.035302
194750.000000 0.055080 -0.024758 0.089239 0.190702
195250.000000 0.078994 0.011697 -0.009978 0.165447
195750.000000 0.016965 -0.064351 -0.000165 0.109341
196250.000000 0.085139 0.053072 0.041137 0.098038
196750.000000 0.012902 0.018350 -0.035501 0.012411
197250.000000 0.032055 0.016074 -0.025182 -0.052821
197750.000000 0.039494 -0.041252 0.130655 0.180978
198250.000000 0.009216 0.010527 0.016396 -0.020123
198750.000000 0.123368 0.006695 -0.031855 0.067828
199250.000000 -0.017151 -0.024162 -0.030022 0.104956
199750.000000 0.056769 -0.092642 -0.095033 0.070351
