1.844156
0.460327
0.297833
0.106528
0.090333
0.092393
0.136840
0.284045
0.173033
0.146411
0.062060
0.046290
-0.006063
0.049632
0.156169
0.100888
0.191314
0.241502
0.140144
0.116531
0.082759
0.064945
0.110712
0.164066
0.053245
0.085530
0.098768
0.079794
0.122057
0.105845
0.128188
0.096461
0.065652
0.066459
0.132660
0.174650
0.154203
0.122910
0.055967
0.027204
0.066221
0.076094
0.163184
0.049115
0.026958
0.122422
0.064493
0.038751
0.019412
0.060740
0.087289
0.121473
0.078403
0.127532
0.087185
0.108092
0.097839
0.002540
-0.091418
-0.054593
0.096772
0.085859
0.084951
0.140586
0.085942
0.074949
0.053948
0.042150
-0.008598
0.058873
0.149947
0.135243
0.073678
0.067073
0.013915
0.054659
0.007448
0.037740
0.079392
0.000773
0.132233
0.023924
0.070348
0.090222
0.111342
0.051860
0.074039
0.059320
0.072160
0.136710
0.023645
0.123819
0.103120
0.039477
0.062433
0.113219
0.132684
0.117067
0.191538
0.154573
-0.068199
-0.102271
-0.114035
0.056235
0.074400
0.024548
0.051583
-0.035754
-0.036027
0.067420
-0.036714
0.002055
0.129647
0.006058
0.041329
0.089990
0.061326
0.062684
0.011661
0.032078
0.011285
0.054212
0.129191
-0.058548
-0.017130
0.102521
0.073025
-0.037930
0.026760
0.127718
0.018683
-0.041440
0.057941
0.042328
0.105424
-0.036379
-0.008400
0.078440
0.065591
0.039510
-0.036558
0.053665
0.031098
0.044347
0.125182
0.127735
-0.039906
-0.017219
0.184760
0.122521
0.092960
0.089830
0.048143
-0.006315
0.125700
0.052819
0.086610
0.047907
0.023568
0.031837
-0.003749
0.097977
0.039288
-0.049531
0.026678
-0.029828
0.088291
0.040631
0.048750
0.042481
0.068036
0.071976
0.076974
0.016413
-0.012807
-0.036645
0.112016
-0.001996
-0.033087
0.099281
0.047010
-0.033494
0.107826
0.074904
0.103928
0.163362
0.059582
0.084967
0.048834
0.018453
0.003575
0.131189
0.160142
-0.050818
0.117519
0.082691
0.073234
0.134429
0.007930
0.016011
-0.033657
0.025064
0.089721
0.022137
-0.004807
-0.025067
0.007501
0.044110
0.037544
0.161740
0.080010
0.051974
0.067215
0.098751
-0.007214
0.007804
0.021406
0.106614
0.102020
0.069636
-0.003355
0.003391
0.161591
0.074267
0.012661
-0.021020
0.126399
0.002965
0.028947
0.073099
0.016118
-0.027778
-0.054826
-0.089607
0.050307
0.085238
-0.027041
-0.046737
0.094083
-0.033943
-0.010844
0.089699
0.064857
-0.004456
-0.026360
-0.043325
0.024943
0.082746
-0.013827
0.002816
0.042207
-0.106556
0.079017
0.095363
-0.005484
-0.048959
0.018053
-0.015009
0.028756
0.050965
0.115128
0.025707
0.078820
0.060798
0.101732
0.127591
0.157654
0.116308
0.077957
0.193184
0.072938
0.065517
0.016672
0.023112
-0.059319
0.038586
0.022277
0.027176
0.037935
0.113487
0.083938
0.137120
0.079660
0.021915
-0.052057
0.020712
0.042248
-0.003591
0.078163
0.037345
0.000113
0.053744
0.124629
-0.049301
-0.092085
0.011360
0.014850
0.053215
0.030294
0.054502
0.067453
0.050220
-0.025769
0.068770
0.170533
0.076741
0.095769
0.030867
0.014282
0.062648
-0.052743
-0.038873
-0.026284
-0.006701
-0.008736
-0.004927
-0.078640
0.016361
0.018142
0.009578
0.048110
0.052223
-0.002980
-0.097964
-0.053282
0.059911
0.003920
-0.014113
0.102695
0.042285
-0.052667
0.003996
-0.012312
0.094540
-0.042417
0.033076
0.099392
0.038674
0.112096
0.046439
0.081498
0.070089
0.107401
0.058601
0.015155
0.045856
0.051877
-0.006382
0.027709
0.034473
-0.024698
0.045783
-0.025465
-0.074535
-0.015241
-0.009772
-0.018011
0.020541
0.053761
0.019847
0.082026
0.145069
0.077517
0.127868
0.123655
0.188584
0.205524
0.041300
0.069241
0.027521
0.059413
0.113823
0.071144
0.076140
0.022686
0.089694
0.047893
0.091903
0.004527
-0.087162
0.080751
0.038644
0.030233
0.018040
0.058325
0.079174
0.019083
0.025441
-0.020956
0.007668
0.038870
0.009830
0.044190
0.139028
0.129825
-0.039998
-0.111597
0.073431
0.024449
0.091710
0.006283
0.018581
0.120982
0.068215
0.096729
0.115127
0.151880
0.063091
0.070768
0.082955
0.045487
0.102530
-0.026455
0.010296
-0.012915
0.033259
0.041795
0.044673
-0.060975
-0.016331
0.045626
-0.021697
0.015301
0.056160
0.024133
0.046103
0.028624
-0.075790
-0.070639
0.007893
0.013230
0.069107
-0.009333
-0.039654
0.012027
0.160017
0.001825
-0.099195
-0.014179
-0.026693
-0.072143
0.042982
-0.069241
0.075391
0.044158
0.028679
0.034262
0.038875
0.072625
0.013930
-0.030571
0.040393
-0.015046
0.127608
-0.005921
-0.003904
0.058472
0.166922
0.113311
0.088979
0.069547
0.057707
0.094498
0.010182
0.035098
0.021592
0.025586
0.006242
0.013897
0.050841
-0.008896
0.044334
0.145599
0.096356
-0.018848
0.015596
0.055212
0.003953
0.022302
0.074387
-0.019660
-0.025893
-0.104225
-0.064087
-0.104357
-0.105567
0.101242
0.067907
-0.016615
-0.031902
0.068252
-0.000378
-0.050967
0.044597
0.057489
0.039977
0.059840
0.042806
0.060120
0.053111
0.042047
0.051712
0.079831
0.001184
0.020189
0.036464
0.040217
0.037134
-0.054877
0.038073
0.042334
0.123646
0.112726
0.020699
0.027398
0.060315
0.141329
-0.000967
0.006106
0.150381
0.080246
0.037144
0.141141
0.046526
0.044029
0.087135
0.047587
0.053317
0.003697
0.069139
0.026464
0.011624
-0.080923
0.053896
-0.075855
-0.084443
0.070308
0.025988
0.055023
0.029661
0.017576
0.020497
0.010442
0.082618
0.083668
0.084170
0.073848
-0.015197
0.005887
0.085307
0.080248
0.005009
0.002212
-0.022629
-0.037663
-0.037918
-0.040050
0.066656
-0.039752
0.078955
0.015857
-0.076349
-0.036105
0.036793
0.109003
0.057690
0.020118
0.137461
0.019523
-0.040422
0.069853
0.018575
0.009056
0.031038
-0.083661
0.062087
-0.001362
0.012924
-0.061016
-0.034229
0.079579
0.001680
0.016740
0.065494
0.149446
-0.034210
0.002022
0.106697
-0.033334
0.009115
-0.082168
-0.056902
0.071023
0.075050
-0.046243
0.011522
0.047017
0.094138
0.063799
0.069564
-0.063116
-0.030914
0.018225
-0.020308
0.043759
-0.018574
0.033345
-0.008942
0.033081
0.055478
0.047084
0.002332
-0.038767
0.015052
0.047844
0.034314
0.034576
0.003762
0.008775
0.069646
0.041750
0.070138
0.065179
-0.005824
-0.051121
-0.015259
0.096515
0.010316
-0.028489
-0.073225
-0.003961
0.020325
0.032528
0.089098
-0.012304
0.068513
0.036067
0.032535
0.025742
0.038818
0.020686
0.019441
-0.037560
-0.031187
0.007763
-0.000228
0.022745
0.065687
0.005105
-0.022958
0.052129
-0.057202
0.009025
-0.032498
-0.131134
-0.067819
-0.084482
-0.040810
-0.110263
-0.008126
-0.035077
-0.047904
-0.109141
0.056378
0.034867
0.002076
0.103621
0.072889
-0.032329
-0.043245
0.026697
0.129163
-0.053856
-0.090206
-0.011664
-0.051219
-0.011811
0.091191
0.086729
0.110867
0.040693
-0.007667
0.068378
-0.066219
0.007589
-0.005790
-0.009869
0.020451
-0.032171
-0.047502
-0.171015
0.034839
-0.140315
-0.016780
0.022736
-0.008554
-0.028152
0.048970
0.110830
0.050987
0.009338
0.052643
0.037121
0.037671
0.152169
0.091860
0.058465
0.063920
0.005139
-0.148610
0.002834
0.012835
-0.110802
-0.015895
0.002011
-0.081045
0.000521
0.000588
-0.094886
0.015204
-0.024884
0.014079
0.064723
0.201983
0.036241
0.030161
-0.033512
0.106840
0.117890
0.004356
-0.099979
0.012802
-0.017117
-0.051041
0.004756
-0.080545
0.049240
0.082880
0.179206
0.084155
-0.034406
0.046497
0.024340
0.079599
0.045035
0.057701
-0.054037
-0.006556
-0.008287
0.005922
-0.013220
-0.061143
0.015044
-0.054185
-0.038635
-0.001728
-0.065037
-0.000433
0.066320
-0.101011
-0.105258
-0.042805
-0.007274
-0.070596
-0.035256
0.061840
0.056808
0.008634
0.015270
0.009296
-0.012517
0.020262
0.078160
0.057415
0.002881
-0.018987
0.057505
0.039528
0.014370
0.019379
-0.066112
-0.051374
-0.087191
-0.079908
-0.055245
-0.008783
0.038996
0.002662
-0.051446
-0.015842
-0.013623
0.084160
0.046773
0.024858
0.016297
0.039337
0.011023
0.036586
0.088310
0.009994
0.077189
-0.025646
0.012707
0.008862
-0.028420
0.042900
0.069833
0.063627
0.082816
0.091283
-0.047635
-0.013417
0.039224
0.061961
0.055163
0.018685
0.026082
0.004629
-0.039584
-0.008846
-0.082911
0.028144
0.099335
0.004213
-0.009389
-0.012391
-0.120812
-0.055946
0.023535
-0.031246
0.046985
0.072827
-0.070996
0.009845
0.097978
0.083813
0.053645
0.083783
-0.007781
0.013055
0.043849
0.104227
0.081296
0.146283
0.050083
0.002273
0.021050
-0.023419
-0.036293
0.054637
0.076538
0.040295
0.049445
-0.014784
-0.014391
-0.058312
-0.011876
-0.007392
-0.045898
0.089975
-0.008868
-0.102635
0.004971
-0.026359
0.001632
-0.013684
-0.022950
0.078949
-0.007630
-0.010783
0.039332
0.100865
0.081440
0.025103
0.029244
0.117188
0.130458
0.045768
0.048965
0.005839
0.018712
0.037036
0.061364
0.053793
0.086439
0.028399
0.087130
0.095357
0.019999
0.062204
0.050180
0.023283
0.077423
0.094468
-0.101458
-0.054587
0.006126
-0.031821
-0.017250
0.002134
-0.042762
0.019911
0.019469
0.004158
-0.002622
0.003007
-0.036802
0.000286
-0.061803
0.043532
-0.037547
0.015358
0.084583
-0.021780
0.095270
0.024431
-0.010829
0.048216
-0.024681
0.079526
-0.001500
0.036920
0.102445
0.061678
0.052964
-0.033351
0.070734
0.150003
0.092280
0.030123
0.018258
-0.028415
-0.013958
0.042680
-0.024678
-0.005547
0.038466
-0.043250
0.030667
-0.037733
-0.062736
-0.045932
0.047536
0.010432
-0.053433
0.025139
-0.113769
-0.085153
-0.029668
-0.044808
-0.004563
-0.065614
0.059486
0.117989
-0.005697
0.065948
0.037747
-0.074940
-0.070106
-0.044215
-0.058319
-0.056742
-0.093693
-0.082441
-0.115243
0.034397
-0.052308
-0.073894
-0.031245
-0.037669
-0.036516
-0.042042
0.041496
0.012702
-0.064630
0.003020
0.054386
0.105916
-0.033577
0.024537
0.092781
0.006248
-0.037193
0.038132
0.023475
0.027706
0.041748
0.026408
0.009754
0.041377
0.093687
-0.055986
0.110000
0.059282
0.023388
0.076894
0.056401
-0.042893
0.075153
0.002117
-0.034593
0.021955
-0.028121
-0.012796
-0.017286
-0.021239
0.112364
0.052323
-0.029237
0.042776
-0.054720
-0.116689
0.032613
0.005263
-0.021934
0.055504
0.084494
0.037527
-0.024268
0.056640
-0.017785
0.010503
0.006243
-0.014268
0.015851
0.049989
0.036770
0.065688
-0.043921
0.033585
0.060953
-0.031204
-0.007179
0.026137
0.026919
0.013266
-0.057781
-0.036059
0.099803
-0.008470
-0.018740
0.006260
-0.035445
-0.063319
-0.001904
0.060672
0.012047
-0.041378
0.022989
0.017191
0.024220
0.065745
0.128134
-0.046398
-0.029231
0.021173
-0.010596
0.014733
-0.066471
0.012996
-0.121963
0.010821
0.067235
0.040391
-0.014137
0.020322
-0.024718
0.014971
-0.048182
-0.092834
-0.020834
0.019004
-0.016403
0.044592
-0.013312
-0.043663
-0.009329
-0.012884
-0.056593
-0.031897
-0.020313
-0.041533
-0.002763
0.024625
0.058653
-0.048999
-0.036045
-0.061942
-0.088459
-0.143210
-0.056321
0.001099
0.057630
-0.021859
0.027941
0.062834
-0.043326
0.057010
-0.148946
-0.051766
-0.031414
0.033962
-0.015822
0.033079
0.022296
-0.056280
-0.096915
-0.099574
0.080903
0.099825
0.023739
-0.002713
0.030955
-0.043414
-0.008509
0.006468
0.025053
-0.033054
0.015265
-0.002449
-0.030684
0.041500
0.002701
-0.051795
-0.035499
0.140339
0.031400
-0.045952
-0.016969
-0.035440
-0.068939
0.003601
-0.024307
-0.030345
0.026815
0.007009
-0.102618
-0.045721
0.062303
0.005932
-0.016026
-0.050255
0.041209
0.026308
0.016205
-0.090588
-0.005071
-0.027663
0.091255
0.009602
-0.076065
-0.142018
-0.087882
-0.072171
-0.078910
-0.036160
-0.026375
0.003145
0.012428
-0.075310
-0.105942
-0.147140
-0.049547
-0.047677
-0.109668
-0.000117
0.047569
0.027547
-0.046967
-0.017192
-0.014521
0.042869
0.032243
0.036786
0.069226
0.085830
-0.004869
-0.039534
0.081078
0.147384
0.076223
-0.000620
-0.068992
0.024448
-0.006694
-0.034595
0.009095
-0.053862
-0.023015
-0.010732
0.003118
0.057118
-0.011094
0.059400
-0.059990
0.067003
-0.036474
-0.001344
0.090176
-0.058233
0.005874
0.031611
-0.117899
-0.049952
0.094129
0.000318
-0.036331
-0.020967
0.029456
-0.002828
0.046916
0.042774
0.034070
-0.027195
0.107637
-0.023445
0.032145
0.019138
0.071182
0.060684
-0.077758
-0.039401
-0.028032
-0.052808
0.036186
-0.030467
0.022321
0.080252
0.006017
0.016823
-0.049992
-0.025273
-0.007424
-0.070599
-0.043185
-0.002415
-0.046598
-0.089724
0.089553
-0.003614
-0.047466
0.019849
0.045843
-0.012878
0.064705
0.095998
0.071674
0.031974
-0.019157
0.017809
-0.068207
0.067581
0.028109
0.079223
0.064946
0.082083
0.035100
0.045817
-0.027949
-0.118205
-0.055531
0.013589
-0.064726
-0.009229
0.072030
-0.005057
0.005120
-0.107071
-0.021259
0.123385
0.119064
-0.000843
0.081982
-0.008607
-0.065033
-0.054359
0.036927
0.011661
-0.031355
0.086686
0.028109
-0.036107
-0.057010
0.093332
-0.076746
-0.044170
0.028233
0.036679
0.020591
-0.049869
-0.052467
0.046671
-0.071385
0.106774
0.100554
-0.084357
-0.046793
0.036966
-0.022525
-0.031063
0.041142
0.025310
0.024915
0.073339
0.036927
0.060837
-0.045219
-0.010395
-0.024380
0.007331
0.013487
-0.025630
-0.096571
-0.057720
0.019331
0.095980
0.088322
-0.016992
-0.046708
0.046996
0.061554
0.098155
0.085530
0.063201
0.184316
0.101337
0.014208
-0.084333
-0.027181
-0.051966
-0.078703
0.002464
-0.030320
-0.003096
-0.023297
-0.044203
-0.012332
0.041838
-0.017819
-0.060234
-0.057455
-0.020478
0.005714
0.092981
0.017634
0.021539
-0.053080
0.086338
0.014043
-0.070309
0.066004
0.049545
-0.022192
-0.011178
0.084986
-0.012974
0.053338
0.045303
0.013500
-0.023555
0.014517
0.040315
0.022824
0.008534
-0.009158
0.038309
-0.013012
-0.015162
-0.033937
0.021914
0.121662
0.042021
0.088913
-0.035015
-0.003075
0.023047
-0.047294
0.007021
-0.032808
-0.001383
-0.032608
-0.010074
-0.031217
0.002842
0.058297
0.107128
-0.056556
-0.096720
-0.055214
-0.072029
-0.007597
0.047749
0.076797
0.062719
0.068161
0.046738
0.046163
-0.048880
-0.024307
-0.065040
-0.006211
-0.013081
-0.002553
0.031711
-0.044776
0.044515
-0.011794
-0.017051
-0.046341
0.027915
0.063114
-0.000677
0.037951
-0.041223
0.011807
-0.027197
-0.065451
-0.034213
0.008033
0.002955
-0.016555
-0.024340
0.027535
-0.108695
0.007777
0.127515
-0.070665
-0.006353
-0.013105
-0.065224
0.070273
0.055564
-0.006149
-0.017527
0.038859
0.048025
-0.024998
0.003518
-0.062130
0.053493
-0.048318
-0.046222
0.052007
-0.034307
-0.069341
-0.090928
-0.025167
-0.079201
-0.006296
0.007377
-0.073865
0.026281
-0.028670
-0.132036
-0.092114
0.055677
0.079731
-0.003409
0.042888
0.025020
-0.008451
0.037026
0.020946
0.091823
0.021619
0.092368
0.027330
-0.050065
0.043649
0.008412
0.027601
-0.014665
-0.075556
-0.104377
-0.040403
0.032608
-0.001837
0.090196
0.081669
0.002264
-0.026571
-0.060503
-0.072464
0.009692
0.053753
0.069600
0.105445
-0.017971
-0.108135
-0.046726
-0.037115
-0.052197
0.059390
-0.079378
0.040216
-0.058901
-0.075711
0.046896
0.017553
-0.008907
-0.043452
-0.052257
-0.031035
-0.116719
-0.109667
-0.052930
-0.030102
0.053887
0.036106
0.062803
0.036914
-0.052956
-0.109022
0.106521
0.067814
0.023974
0.035717
-0.072285
0.065756
-0.004046
-0.081045
-0.010523
-0.055251
0.020300
-0.021081
-0.068629
0.086981
0.004536
0.022040
0.028269
-0.009880
-0.056170
-0.059268
0.054600
0.032370
0.050385
0.064265
0.095724
0.136360
-0.004659
0.091026
0.080161
0.075621
0.134006
-0.124209
-0.001910
-0.002713
-0.009782
-0.008155
-0.076349
-0.014533
-0.038715
0.031658
-0.020091
0.012819
-0.002373
-0.062829
0.007523
0.015027
0.025766
-0.014608
-0.000113
0.100151
0.109386
-0.011679
0.090210
0.051015
0.034306
-0.055139
0.011548
0.028900
-0.072053
0.033185
0.039627
-0.102968
-0.075191
-0.000424
-0.055151
-0.012408
0.022284
0.040727
0.099974
-0.021400
0.030526
0.035124
-0.047795
-0.009252
0.028374
-0.015246
0.022491
-0.038639
0.031600
0.079315
0.020588
-0.087916
-0.081056
0.013309
-0.061143
-0.056038
-0.071737
0.068143
0.095655
0.009230
0.102882
0.051500
0.020818
-0.022393
0.003506
-0.052320
-0.031903
-0.016241
0.065999
0.030966
0.055931
0.089913
0.049150
0.124139
0.074735
-0.001967
-0.018047
0.044293
0.101729
0.020372
0.010192
0.110913
0.157145
0.137440
0.112821
-0.042895
0.017148
0.096887
0.024687
0.174420
0.179915
0.021619
-0.006615
-0.072265
0.029030
-0.080008
-0.039298
0.106653
0.044036
0.046011
0.083466
0.077690
0.012399
0.125404
0.122718
-0.014730
0.019043
-0.071687
0.012905
0.059156
0.047446
0.040747
0.034807
-0.042948
-0.077162
-0.039443
0.007256
-0.046817
0.023342
0.058179
0.046298
0.072765
-0.092422
-0.037574
0.029272
-0.005658
-0.089524
0.048897
0.045495
-0.044167
-0.020095
0.054683
0.054245
-0.059407
0.046551
0.106050
0.004175
0.122939
0.109451
-0.016675
0.015579
0.024927
-0.017851
0.070655
-0.002823
-0.082086
0.023096
0.086232
-0.029560
-0.079801
-0.031440
0.035872
0.020491
-0.150945
0.026436
0.099112
0.112475
0.129601
0.128428
0.124841
0.025599
0.100821
0.060564
-0.029322
-0.048585
0.018888
0.064224
-0.002964
0.030954
0.043342
0.141749
0.037013
0.082481
0.139259
0.100477
0.103255
0.066618
-0.039583
-0.041969
0.005936
-0.063087
-0.011632
0.063828
0.015481
0.107140
0.004156
0.021970
0.067425
0.052006
-0.029545
-0.089089
0.000328
0.107652
0.075973
0.015451
0.023833
-0.032117
0.080543
0.050181
-0.019541
0.006799
-0.069518
-0.088688
-0.058207
-0.046504
-0.164001
0.005858
0.017018
0.013194
0.011387
-0.094776
-0.116966
0.006062
0.098669
-0.011962
-0.088443
-0.053184
-0.097679
-0.104711
0.078953
-0.047996
-0.009097
0.082997
-0.032060
0.001455
0.011624
0.059458
-0.019423
0.002834
-0.021084
0.091322
0.073597
-0.079784
-0.085122
-0.010686
-0.070772
-0.150169
-0.010525
0.049845
-0.008011
0.022878
-0.128667
-0.032568
-0.023821
-0.017170
-0.036527
-0.055026
0.001853
0.008662
0.035064
0.082846
-0.002606
-0.039465
0.001517
-0.009825
-0.025484
-0.009637
-0.033538
0.113285
0.020634
-0.033135
-0.051540
-0.000898
-0.057769
-0.063079
-0.043732
-0.063220
0.059457
0.018798
0.000188
0.052552
0.017592
-0.062260
-0.038263
-0.077418
0.027687
0.066740
0.068511
0.090992
-0.014517
0.042153
-0.029626
0.000225
-0.045127
0.061223
0.139361
-0.043985
-0.101310
0.091421
-0.030129
0.013031
-0.021556
0.080989
0.059349
-0.055780
-0.044171
0.055516
0.016474
0.017447
0.048479
-0.040227
0.036336
-0.111953
-0.015874
0.000325
0.081884
0.038268
0.035406
-0.018942
-0.084090
-0.100204
-0.039411
-0.103377
-0.082711
-0.035834
0.049901
0.046227
0.082415
0.042661
0.006266
0.006488
-0.040727
-0.047447
-0.022338
-0.031862
-0.009476
0.100545
0.009951
0.018254
0.053282
-0.124307
-0.048551
0.056223
0.083757
-0.130074
0.053059
0.067438
-0.014602
-0.024764
-0.005066
-0.063072
0.005861
0.037101
-0.043211
-0.052609
-0.050626
0.006612
-0.057238
-0.026350
-0.014862
0.027046
0.007326
-0.038742
-0.040228
0.075211
-0.034276
0.106425
0.024157
-0.030974
-0.026005
0.065056
-0.020218
0.058070
-0.012809
-0.094320
-0.078863
0.030701
0.010255
-0.028269
0.060976
0.052098
-0.070261
0.001417
0.077421
0.023946
0.036550
0.020542
-0.059917
-0.133225
0.000728
-0.074899
-0.075176
-0.042251
-0.039929
0.094047
-0.053328
0.004573
0.039694
-0.029506
-0.027124
-0.014992
0.025763
0.013943
-0.088174
0.044751
-0.000533
0.106570
0.072808
-0.046415
-0.034166
-0.026469
0.013190
0.024384
-0.002752
-0.130689
-0.048643
-0.096612
0.003926
0.149785
0.221601
-0.105641
-0.033347
0.045309
0.000645
-0.024347
-0.062943
0.034207
0.020788
-0.059676
0.011852
0.017057
0.033130
0.070836
0.030528
-0.049681
-0.016386
0.104089
0.079042
-0.006308
-0.075892
-0.045722
0.003818
-0.024049
-0.059623
0.015551
0.045358
0.073755
0.027836
0.044985
-0.002182
0.013961
0.074091
0.072289
0.060711
0.067968
-0.051895
-0.044768
0.071634
0.045950
0.006607
0.002641
0.023467
-0.103310
-0.098892
0.012898
-0.008886
-0.033836
-0.104985
-0.029668
0.087533
0.125397
0.125708
0.061512
-0.062351
0.014543
0.096106
0.092378
0.067246
0.087670
0.079691
0.086089
0.004432
-0.014801
0.005901
-0.069407
-0.034055
-0.024094
-0.012159
-0.055279
0.039952
0.065323
-0.033951
-0.036867
-0.040381
-0.017687
-0.034815
-0.042539
0.071058
0.090984
0.087339
-0.045765
-0.063084
0.003689
-0.039509
0.096294
0.065991
0.053287
0.010295
0.019560
0.007438
0.018281
-0.079977
-0.114738
0.005443
0.096075
0.095562
0.038088
-0.013081
0.036402
-0.022583
-0.052822
-0.028004
0.088073
0.071272
0.078973
-0.024809
0.021232
-0.027397
-0.048607
-0.046362
-0.034366
0.013804
0.092610
0.078319
0.065389
0.078064
-0.003902
0.041241
-0.004609
-0.014872
0.065647
0.096324
-0.025386
-0.099723
-0.017736
-0.042134
-0.021157
0.001465
-0.025639
0.047589
0.006296
-0.061896
0.000784
-0.114529
0.102465
0.113738
0.079580
0.092266
0.022363
-0.069522
0.004430
0.016389
-0.048018
0.005877
0.061479
-0.028743
-0.080854
-0.050789
-0.019721
0.041324
-0.029761
-0.045600
0.015908
0.042972
0.014201
0.008563
-0.045122
-0.055537
-0.036380
-0.040897
-0.055134
0.021318
0.024475
-0.007518
0.082599
-0.014390
0.008772
0.026039
0.085407
-0.066611
-0.032541
0.093627
0.054309
0.002252
-0.043879
-0.049175
0.042284
-0.040813
-0.069878
-0.040848
-0.044030
-0.044940
-0.193695
-0.056592
-0.016374
0.050270
0.054669
-0.051032
-0.015634
-0.006088
-0.022150
-0.101180
0.012996
0.040225
-0.098649
-0.011214
-0.046361
-0.054714
-0.040210
0.005333
-0.110844
-0.016594
-0.011543
-0.080559
-0.022210
0.022952
0.031800
-0.048735
-0.078854
0.123418
0.117384
-0.017497
0.009648
0.020875
0.026785
0.060426
0.086362
0.080347
0.049881
-0.021967
0.049955
-0.044421
0.108469
0.109679
0.055973
0.086255
0.001943
0.048329
0.042095
0.041641
0.018948
-0.028276
0.052263
-0.014983
0.026933
0.162534
0.023662
0.047955
0.078785
0.116235
-0.033368
0.047316
0.032049
-0.009796
-0.020233
-0.002312
-0.021356
-0.104599
-0.005086
-0.068749
-0.032069
0.100357
0.138316
0.142723
-0.007046
-0.050294
0.089268
0.033049
0.006604
0.020574
0.089416
0.130023
-0.004881
0.095297
0.128825
0.103489
0.008108
0.056399
0.083250
0.014676
0.039616
-0.074956
0.030752
0.019649
-0.056774
0.010998
0.014305
-0.048404
-0.092757
-0.045496
-0.032956
-0.050299
0.038481
0.112140
-0.048055
-0.105126
-0.072559
-0.043582
-0.095530
-0.013810
-0.051662
-0.059778
0.003719
0.033294
0.079752
0.021360
0.123157
0.107095
0.010089
0.018194
-0.006192
-0.003337
-0.023060
0.134157
0.051064
-0.055611
-0.030834
0.033313
0.120049
0.020517
0.014118
0.026487
-0.020024
-0.008700
-0.087954
-0.056927
-0.039188
-0.039162
-0.036065
-0.059798
-0.076074
-0.076997
0.023182
-0.047088
0.026466
-0.010020
0.033983
0.026058
-0.020517
0.091512
0.035660
-0.044569
0.007684
0.077071
0.086796
0.071128
-0.046946
0.090279
0.056701
0.030093
0.035585
0.048474
0.069728
0.056697
-0.100613
-0.076221
0.130678
0.147446
0.051519
0.043930
0.104258
0.042327
0.059255
-0.010345
-0.003739
0.032465
-0.011830
0.040644
0.122636
0.060286
0.056472
0.077420
-0.006186
0.049320
0.062727
-0.025832
0.049541
-0.012938
-0.018435
-0.046190
-0.090199
-0.028230
-0.014008
-0.007854
-0.023877
-0.036802
-0.036243
-0.018048
0.003922
-0.119586
0.005794
-0.034890
-0.019235
0.020131
0.055767
0.017545
-0.016025
0.019878
0.191918
0.069944
0.020516
-0.001339
-0.011447
-0.038975
-0.093693
0.041915
0.041128
-0.088531
0.047630
0.009445
-0.024989
0.018588
0.059892
-0.090316
-0.139360
-0.036248
-0.111467
-0.014581
-0.028743
0.050414
0.000919
0.011598
0.119098
0.032572
0.028087
0.020598
0.101227
0.004854
-0.023318
0.039671
0.000479
-0.036193
0.000708
0.077781
0.073118
-0.025809
0.033154
0.062700
0.013525
0.044104
0.022567
-0.022459
-0.090894
-0.052676
0.081494
-0.044634
-0.039694
0.004924
-0.078308
0.016036
0.082526
-0.011415
0.001991
0.042868
0.019336
0.013623
-0.017044
-0.067851
-0.115011
-0.010874
-0.105873
-0.017738
0.127420
0.017798
0.047197
0.013713
0.030572
0.014067
0.053191
0.142543
0.070903
0.020975
-0.051117
-0.085375
0.046842
0.035372
-0.050136
-0.003934
-0.050250
0.039635
0.069387
0.032343
0.013436
0.047655
-0.016810
0.058448
-0.015989
0.009551
0.205635
-0.006815
-0.071704
-0.003718
-0.034812
0.026728
0.078879
0.080592
-0.037796
-0.136898
-0.028611
0.020547
-0.038840
-0.090088
-0.118109
-0.040717
-0.033607
-0.056097
-0.099601
-0.046093
0.025568
0.045669
-0.025486
-0.047240
-0.015981
0.038448
-0.013009
0.042389
-0.014769
0.037756
0.003671
0.022877
-0.044097
-0.079699
-0.021849
0.017674
-0.011719
0.038075
0.031251
0.207388
0.063325
-0.047475
0.111536
0.057086
0.003688
0.044430
-0.021588
-0.031807
0.095834
0.014003
-0.069199
-0.061662
-0.014239
0.042931
0.049523
-0.073072
0.084956
-0.047678
-0.087698
0.025822
-0.102299
0.004150
-0.013607
0.048895
0.029862
0.081173
-0.008384
-0.000215
0.001293
0.118633
0.152910
0.026869
0.128092
-0.007895
-0.100235
-0.052720
-0.044391
0.120156
0.036010
-0.004975
-0.017240
0.027399
0.125383
0.051021
0.089608
0.065180
0.044638
0.030513
-0.025540
-0.023359
0.028511
0.032149
-0.063785
-0.054289
0.108378
-0.027006
-0.071413
-0.008018
-0.002555
-0.079690
-0.068472
-0.143617
0.017990
0.068777
0.117172
0.049289
0.031051
0.086119
0.030579
0.033062
0.030012
0.015799
-0.036254
-0.065521
0.178230
0.083798
-0.054379
0.093840
0.076957
0.072219
0.031400
0.013089
0.000934
-0.049191
-0.006820
-0.001712
-0.024739
0.011936
0.027744
0.035431
-0.151588
-0.041195
-0.000997
0.027976
0.003158
-0.051717
-0.034856
-0.007777
-0.015600
-0.022410
0.017677
0.109398
-0.007814
0.029544
0.014867
0.064660
0.062538
-0.000556
0.097282
-0.158336
-0.001963
0.037469
-0.138809
-0.011955
0.000756
0.062489
-0.007944
-0.073481
-0.013337
0.178681
0.010082
0.002685
-0.006795
0.093884
0.008390
-0.003352
0.096635
-0.117557
-0.080001
0.011765
0.033071
0.037071
-0.061752
0.019364
-0.081051
-0.052609
0.046875
-0.093398
-0.011406
-0.001809
-0.022618
0.070765
-0.018425
0.013704
0.147136
-0.029473
-0.010005
-0.042393
-0.040104
0.060656
-0.005948
-0.044579
-0.002573
-0.099091
-0.009443
-0.014727
-0.100808
0.008833
0.031979
-0.006603
0.036382
0.013942
-0.009880
0.007072
0.018425
-0.046663
-0.019829
-0.085842
-0.000676
0.069350
0.009866
-0.001303
0.090461
0.080925
0.059037
-0.044025
-0.045853
-0.011924
-0.016496
0.077070
0.119956
0.078893
0.029170
-0.013517
-0.057404
-0.035219
-0.089368
-0.040900
-0.014500
0.075822
0.076383
-0.005886
-0.058474
-0.063280
0.069567
0.127994
0.077877
0.060882
0.010671
0.042825
0.131778
0.041285
0.024596
0.011227
0.062775
-0.017382
-0.029983
0.048538
-0.010971
-0.032820
0.006776
0.054641
0.110061
0.062531
-0.074403
0.000928
0.017538
0.099077
0.038810
-0.003741
-0.028187
-0.008416
0.009386
-0.011789
0.060074
-0.076102
-0.054433
-0.031291
-0.084127
-0.078764
-0.078306
-0.054515
0.054028
0.000697
-0.041285
-0.026676
0.073784
0.032981
-0.002727
0.119284
0.073333
-0.029325
-0.004366
0.008256
0.070855
-0.050868
0.013927
-0.016895
-0.074482
0.019028
-0.134167
-0.084482
-0.101139
-0.035956
-0.006058
-0.055426
0.030619
0.049950
0.049569
0.102619
0.099785
-0.031002
0.050985
0.007149
-0.077015
-0.045527
-0.005142
-0.057521
0.056076
-0.020760
0.067590
-0.016817
0.043055
0.046638
0.074816
0.012649
0.048431
-0.033977
0.063625
0.041035
0.012998
0.028722
0.009144
0.089845
0.030381
0.020018
-0.023795
-0.008550
-0.060052
-0.014068
0.033836
0.041421
-0.009417
0.044034
0.014152
-0.101121
-0.056240
0.053408
-0.022740
0.004996
-0.061105
0.037033
-0.053920
-0.003773
0.013759
0.036314
-0.043647
0.064230
-0.025162
0.075669
0.090651
-0.001936
-0.042128
-0.024974
-0.066047
0.074410
0.000932
0.019136
0.083561
-0.051590
-0.150395
-0.023710
0.000571
0.085580
0.160195
0.086491
-0.024138
-0.068918
0.048178
-0.002727
0.061439
-0.005714
-0.000592
-0.022526
-0.083224
-0.025149
-0.021264
-0.077152
0.014990
0.019480
0.089452
0.135396
0.064694
0.049384
-0.030815
-0.003253
0.082307
0.036617
0.057963
-0.064590
0.001483
0.036262
-0.020207
-0.033995
0.098416
0.047625
-0.077923
-0.021974
-0.033101
0.039051
-0.040122
0.056157
0.029158
0.011953
0.121228
-0.012405
0.019016
-0.086510
0.016161
0.104841
0.044215
0.094194
0.020832
0.089217
0.034444
0.069009
-0.093631
-0.090102
-0.036913
0.048035
0.056465
0.066167
0.024335
0.042035
0.064334
0.025753
-0.064593
-0.082578
-0.008894
-0.002391
0.042824
0.025938
-0.047625
0.091388
-0.071981
-0.053131
-0.026587
0.015492
0.003918
-0.043377
-0.038994
-0.160616
-0.000574
-0.011726
-0.078840
0.041088
0.042081
0.021510
0.012818
-0.047477
-0.008599
0.002702
0.021684
-0.030685
0.070700
0.155584
-0.021402
0.007639
0.101117
-0.008902
-0.092845
-0.105282
0.067653
0.099391
-0.007141
-0.079644
-0.092010
-0.032141
0.000104
0.060967
-0.000537
0.030463
0.005018
-0.025276
0.085823
-0.016534
0.032047
-0.060707
-0.001195
0.111601
-0.008198
-0.002630
-0.051992
0.097501
0.022377
0.035183
0.022326
0.011369
0.048845
0.014545
0.115079
0.093504
0.081532
0.095920
0.032050
-0.036550
0.053383
0.069619
-0.000913
-0.024989
0.043970
0.004947
-0.059951
0.081133
-0.031243
0.022313
-0.044940
0.082878
-0.025655
-0.001328
-0.003865
-0.035177
0.026938
0.021823
0.000740
-0.019014
0.029702
0.051607
0.015971
0.060790
0.077833
0.058342
0.007705
-0.006885
0.056761
0.006245
0.028318
-0.020396
0.091540
0.039103
-0.032916
0.024315
-0.004055
0.002904
0.083267
0.003165
0.000432
0.033037
-0.090797
-0.054905
0.067993
0.020249
0.020512
0.042213
0.062683
0.155056
0.102198
-0.016296
-0.029027
0.030060
0.106801
-0.036339
-0.086324
-0.083630
-0.014376
-0.107289
0.027751
0.024751
0.041049
0.032583
0.069928
0.053323
0.050540
0.009426
-0.104953
0.031486
0.006604
0.077800
-0.037040
-0.007711
0.032555
-0.007331
-0.181831
0.001733
-0.071115
-0.005023
0.002908
0.013633
0.038681
0.029854
0.045920
-0.006770
0.053963
0.032632
0.004506
0.083697
0.030733
-0.042595
0.002141
-0.055379
0.002436
-0.009743
-0.030363
-0.058715
0.043291
0.088023
0.025776
-0.091578
-0.063942
-0.025906
-0.017219
-0.010241
0.000399
-0.052490
-0.053872
0.008574
-0.058799
-0.080203
-0.031491
0.045346
-0.023724
0.095809
-0.058433
0.042857
-0.012739
0.013644
0.047686
-0.028036
0.002597
0.060913
0.012813
0.036045
-0.061460
-0.011668
-0.123260
-0.105232
-0.031062
-0.043363
-0.089550
-0.153775
-0.042461
-0.016423
-0.121615
-0.029707
-0.027865
0.108708
-0.076906
-0.032492
-0.076748
-0.059050
-0.044999
-0.042173
0.017545
0.013774
-0.041030
0.031858
0.103833
0.021033
0.028296
0.019839
0.024644
-0.049293
-0.085369
0.034417
0.047665
0.021170
0.053496
0.045130
-0.134733
-0.061276
-0.047035
0.049384
0.022185
-0.053909
0.050613
0.043081
0.028927
0.105620
-0.018871
0.036847
0.057378
-0.002403
-0.063884
0.064427
-0.052226
-0.012411
0.076087
0.018432
-0.025915
-0.070737
-0.055265
-0.107778
-0.049448
-0.010654
-0.004894
-0.006544
0.025967
0.066992
0.042256
0.010302
-0.035679
-0.003463
-0.000217
-0.005684
-0.003002
0.007056
0.063846
0.113162
0.018980
0.105245
0.043326
0.065212
0.021039
-0.025459
-0.028205
-0.068779
-0.034876
0.053589
0.045636
0.021056
0.076127
0.025293
-0.000349
0.050553
0.088141
0.190297
0.112175
0.149080
0.075594
0.047473
0.090749
0.044305
-0.115899
-0.047989
-0.011722
-0.108560
-0.025148
-0.024349
-0.064290
-0.059419
0.017026
-0.015405
-0.064825
-0.025812
0.019684
0.006533
-0.019679
0.116126
0.100396
0.004236
0.032556
-0.082404
-0.000224
-0.057861
0.006880
-0.051863
-0.079855
-0.171219
-0.135191
0.012678
-0.026417
-0.074717
0.051466
0.043567
-0.063887
0.011964
-0.046897
-0.010097
0.032080
0.123378
0.036625
-0.071970
0.071186
0.071969
-0.014844
0.042522
0.128359
0.110007
0.024913
0.011059
0.064301
-0.009074
0.069999
-0.051456
-0.026258
0.048837
0.047441
0.033006
0.056462
-0.021310
0.046034
0.028422
-0.009817
0.042046
-0.032564
0.018207
0.056235
-0.026292
-0.032025
-0.083510
-0.006240
-0.000861
0.011575
-0.080787
0.000434
-0.100861
0.035054
0.085126
-0.019798
-0.026042
-0.057509
0.024087
0.076630
-0.101013
-0.044419
0.092884
0.046709
-0.044573
-0.131824
-0.056826
-0.033885
-0.003302
-0.047414
0.034201
-0.012300
0.020881
0.066978
0.058529
-0.048489
0.033940
0.037162
0.012600
0.061026
-0.051441
0.004311
0.003366
-0.034689
0.036719
-0.031871
0.004548
-0.083786
0.022881
0.013225
-0.030730
0.071497
-0.021814
-0.002286
0.045449
-0.011769
-0.090650
-0.063068
0.085680
-0.043942
0.025070
0.051008
0.016763
0.110497
-0.014633
0.014370
0.027224
0.003608
0.021690
0.031494
0.002281
-0.015587
0.015429
-0.062599
-0.008203
-0.001219
0.095751
0.091535
0.013393
0.006188
0.001036
0.103654
-0.020686
-0.018149
-0.041465
-0.069619
-0.028231
0.040753
0.051796
0.032435
-0.032843
0.012369
-0.000039
-0.086064
-0.033494
0.083720
0.021995
0.043783
0.085302
0.097744
-0.028346
0.097773
0.131921
-0.012263
-0.033443
-0.003633
-0.035223
-0.038748
0.092871
-0.029353
-0.109579
0.009953
0.033593
0.095552
-0.132380
-0.133837
0.009946
-0.028713
0.054804
0.037870
0.003787
0.078829
-0.050401
0.010758
0.179183
-0.056039
0.039039
0.005393
-0.114442
-0.124973
-0.039242
0.002239
0.076923
0.030654
0.150263
0.026448
0.083766
0.068274
-0.075351
-0.041325
-0.086280
-0.097107
-0.084552
0.009958
-0.001555
0.056113
-0.052442
-0.117038
-0.081474
-0.019039
0.027438
-0.098571
-0.128123
-0.041322
-0.025778
-0.091004
0.019448
0.012051
-0.037786
0.051528
0.022910
0.042542
-0.057583
0.006148
0.064054
0.036071
0.016153
0.001471
0.007400
-0.003977
-0.014118
-0.028620
0.067851
-0.032484
0.003450
-0.043479
0.049503
0.020916
-0.104264
-0.099613
-0.022699
0.011264
-0.042939
0.073351
-0.029992
0.003173
-0.024362
0.001709
-0.010613
0.056990
0.053145
0.023723
-0.056012
0.017192
0.017570
0.102714
0.115794
0.000231
0.114160
0.106977
0.030489
0.095561
-0.024126
-0.069522
-0.023490
0.030974
-0.023966
0.098488
0.133645
0.081123
0.018668
0.065443
-0.025181
-0.029818
-0.016800
0.015341
-0.007061
-0.017806
0.028055
0.032477
-0.023325
0.028526
0.052638
0.141187
-0.034445
-0.085585
-0.051928
-0.019625
-0.008238
-0.053084
-0.033763
-0.076030
-0.053518
-0.057836
-0.001170
-0.057728
-0.074152
0.044080
-0.052698
0.056944
0.068206
0.035720
-0.035327
-0.110608
-0.053512
-0.110278
-0.033632
-0.153269
-0.142091
-0.032373
-0.145159
-0.044015
-0.039991
-0.017151
0.111279
0.059561
0.050424
0.060423
-0.034938
0.003997
-0.007116
-0.043823
-0.128824
-0.068199
-0.078936
-0.047187
-0.033857
-0.029096
0.043610
-0.052535
0.006052
0.040681
-0.015133
0.036956
-0.006807
-0.008995
0.067543
-0.033081
0.061297
-0.038508
-0.031178
0.036625
-0.023622
0.013319
0.115732
-0.012752
0.042326
-0.022015
0.005374
0.095308
-0.053642
0.039683
0.014278
0.020316
0.036713
-0.021316
-0.043038
-0.025827
0.016877
0.026139
0.039734
-0.022851
0.005009
0.019087
-0.014539
-0.039660
-0.019277
0.048392
-0.037997
-0.020333
0.010752
0.013345
-0.035702
0.073405
0.123507
0.105904
-0.012026
-0.029644
0.023482
0.141480
0.007699
0.081099
0.049915
-0.042066
-0.012742
-0.031792
0.043620
-0.028226
0.079731
-0.009174
-0.048010
-0.103703
-0.019146
-0.006127
-0.095047
-0.026793
0.150119
0.076179
0.003345
-0.022208
-0.005840
0.061207
0.008177
-0.091237
-0.057095
-0.018610
0.042813
0.035444
0.045527
0.010262
-0.026998
-0.030774
0.080261
-0.017204
-0.004170
-0.017675
-0.016454
-0.043031
-0.064666
-0.041647
-0.068487
-0.045235
-0.122625
-0.068004
0.025175
0.016884
-0.005809
-0.037399
0.079717
0.009613
-0.055153
0.000790
0.016331
-0.053523
0.043814
0.020877
-0.024130
-0.030645
0.047183
0.003922
0.028977
-0.025292
0.009406
-0.000732
-0.128119
-0.010240
-0.009363
0.002263
-0.018226
0.101712
-0.039191
0.068306
0.111343
0.021797
0.026330
-0.063789
-0.048343
-0.045979
0.024915
0.017866
0.009497
0.017147
-0.065388
-0.077068
-0.018808
0.011567
0.012498
0.039815
0.018623
-0.015587
-0.044782
0.037135
-0.044864
-0.010920
0.009518
0.060854
0.023387
0.048300
-0.045632
0.013396
0.046882
0.075112
-0.021452
-0.021328
0.053559
0.082488
0.023982
0.060306
0.164899
0.031012
-0.005035
0.055313
0.104365
-0.043813
-0.034924
0.047774
0.067392
-0.066887
0.041087
0.035185
-0.019168
-0.056698
-0.110732
0.002711
0.054922
0.027022
-0.060664
-0.006870
0.078144
0.086554
-0.081042
0.004928
0.098038
-0.035536
0.132854
0.061770
-0.052440
0.017137
0.000939
0.034417
0.088215
0.118230
-0.006330
0.033709
0.077203
0.063451
0.011697
-0.019755
0.016300
-0.055694
0.105208
-0.029862
0.000612
0.099553
0.019356
0.026023
0.034081
0.048263
-0.037452
0.034900
0.042837
-0.022008
-0.019692
-0.025768
0.069731
0.005709
0.022456
-0.059092
-0.053996
0.057450
0.089584
-0.016944
-0.010407
-0.030111
0.019887
0.211842
0.137219
-0.051848
0.029229
0.066507
-0.004358
0.086958
0.013255
-0.069271
0.077871
0.017833
0.066819
0.041658
-0.069634
-0.141372
-0.139639
-0.032311
-0.069710
-0.033140
0.025363
-0.010189
0.003235
0.065117
0.007686
0.039599
-0.011794
0.017489
0.067045
-0.007162
0.066421
0.049634
-0.109497
0.020044
0.062787
0.139729
0.075937
0.119355
0.070173
0.028899
-0.013747
-0.066242
0.124807
0.110775
0.076413
0.107486
0.110690
0.158728
0.038401
-0.115271
-0.025481
-0.038842
0.066368
0.014290
-0.041663
-0.051031
0.000986
-0.016999
-0.040448
0.133340
-0.047558
-0.109717
-0.098847
0.004415
-0.016721
-0.018804
0.044618
0.098817
0.091312
0.034427
-0.030988
0.009131
-0.010789
0.011154
0.133242
-0.000637
0.023201
-0.004935
-0.085279
-0.036619
0.033060
0.023874
-0.058464
-0.026834
-0.083143
-0.011416
0.106094
-0.028686
0.028532
-0.098037
0.063205
0.042026
-0.010122
0.046381
-0.015868
0.006252
0.058507
0.000494
-0.113455
0.092381
0.089767
0.074663
0.106093
-0.004086
0.009138
-0.050838
0.089370
0.130487
0.037777
-0.013348
0.115699
-0.054820
-0.016112
0.083567
-0.039264
0.025288
0.007212
-0.022784
0.081463
-0.071793
-0.038934
0.041862
0.008907
-0.036659
-0.032922
-0.059212
-0.071107
0.041335
0.012440
0.014648
0.107537
0.024063
0.052093
-0.017482
-0.044729
0.004664
0.030754
0.009351
0.107971
0.041418
-0.050090
0.068146
0.025593
0.095389
-0.024371
-0.011152
0.058138
-0.041598
-0.006753
-0.038972
-0.064403
-0.067421
0.026994
0.044187
0.053612
-0.034903
0.007316
0.084392
0.031019
-0.007008
-0.055563
-0.004091
0.067509
-0.017385
0.150211
0.033533
0.031764
0.058021
0.045751
0.078913
-0.096706
-0.095745
0.019082
0.070991
-0.000529
0.036693
0.027765
-0.015381
0.021192
-0.004137
0.045272
0.049707
0.010304
0.027578
0.097054
0.043736
-0.061923
0.016880
-0.038579
0.012663
0.004511
-0.086913
-0.013731
-0.018274
0.037005
-0.154353
-0.028150
0.005312
-0.097075
-0.084685
0.052057
0.049328
0.037092
-0.006762
0.120103
0.085088
0.043287
-0.027316
-0.060235
0.049986
-0.064755
-0.113321
0.051441
-0.078861
-0.027226
-0.008867
0.002780
0.026359
0.019434
-0.074696
0.062469
0.069437
0.014876
-0.006534
0.126282
0.110741
0.036130
0.103785
0.159238
0.074481
0.091242
0.068696
0.031692
-0.033770
-0.013530
-0.004046
-0.018589
0.035920
-0.064239
0.047989
0.021101
-0.110930
-0.009145
0.065598
0.006661
0.013609
0.038654
-0.105986
-0.111089
0.014524
0.091230
0.064802
-0.014822
-0.009392
0.033024
0.047996
-0.005113
-0.012384
0.060171
-0.010963
0.024887
-0.087879
-0.040737
0.007601
0.049064
0.055233
-0.007261
0.131288
0.045459
0.016358
0.014141
0.135701
0.062364
0.050424
-0.061520
-0.071122
0.091786
0.063027
0.038530
0.075264
-0.058237
-0.021067
0.004829
0.014808
0.102678
0.014493
0.035808
0.072598
-0.064906
0.048457
0.017349
-0.085125
0.011967
0.042375
-0.051065
0.079051
0.077561
-0.072223
-0.019390
0.035496
0.029627
0.025912
-0.013885
0.074171
-0.037761
-0.094106
0.005609
0.093670
0.041303
0.072074
0.033316
0.113263
0.128646
0.046344
0.021113
0.057130
0.045179
-0.048438
-0.067894
-0.021080
0.039211
0.078391
0.125182
0.165344
0.003173
0.002929
0.094091
0.108911
-0.000126
-0.002474
0.018580
0.005004
-0.053370
0.010760
-0.023646
-0.075887
0.009947
0.138369
-0.048230
0.043292
0.004457
-0.011907
-0.042070
0.024501
0.063037
0.028217
-0.022901
0.021455
0.017530
-0.022769
0.008760
0.029949
0.048443
0.087355
-0.077094
-0.012917
0.048792
-0.049240
-0.038373
0.006449
0.040196
-0.041322
0.010648
0.013679
-0.093830
-0.080354
-0.067611
0.042821
0.044180
0.140445
0.099226
0.093141
0.053704
0.031755
0.044823
-0.026589
-0.014872
0.017885
-0.043848
0.102763
0.030801
-0.003152
-0.118490
-0.021210
0.074013
0.025556
0.019259
0.050982
0.022337
0.050539
0.104333
0.031066
0.017468
-0.010548
-0.035847
0.036135
0.003626
-0.037028
0.032960
-0.013572
0.011012
-0.015906
0.151482
0.036157
0.035908
-0.054957
0.047221
0.128655
-0.005911
-0.049384
-0.025524
-0.020775
-0.019688
0.038341
0.121321
0.089438
0.036162
-0.021407
0.042685
0.169288
0.090358
0.080318
0.034271
-0.005380
0.017932
0.016641
0.148318
0.041594
-0.003908
-0.008799
0.041812
0.059753
0.069732
0.056870
-0.066463
0.063842
0.078736
0.020434
-0.009568
-0.010267
-0.008563
0.048619
0.054368
0.042973
0.089114
0.079563
0.016893
0.069646
0.025801
0.003499
0.134405
0.042379
0.071163
0.062065
-0.046929
-0.010620
-0.025422
0.106360
0.013805
-0.022870
-0.025656
-0.061197
-0.021856
-0.052968
0.024066
0.013787
0.012138
0.031116
0.026814
-0.076877
0.009448
0.017458
0.015198
0.084728
-0.058523
0.004091
0.060290
0.016626
0.054321
0.007372
0.024609
-0.065017
-0.004249
-0.027012
0.121055
-0.050099
-0.022888
-0.034605
0.024951
0.063682
-0.020635
-0.023893
0.036190
0.037195
0.064071
0.027231
-0.085130
0.025716
-0.063444
-0.103298
-0.051599
0.000463
-0.092585
-0.031994
0.018720
0.086290
0.021777
-0.044804
0.011507
-0.044312
-0.005086
-0.092877
0.053034
-0.027392
-0.042211
0.028631
-0.072081
-0.009122
0.064208
-0.026993
0.044852
0.041674
0.043752
-0.070440
0.111373
0.036200
0.031367
0.018310
0.044439
0.051807
0.018139
0.109573
-0.015526
-0.074980
0.019150
0.103992
-0.031192
-0.079922
0.030124
-0.053182
-0.022510
-0.008122
-0.039668
0.031592
0.019874
0.091851
0.091599
0.010434
0.038277
-0.057816
-0.056287
-0.138875
-0.093934
0.042482
0.050373
0.007391
0.083041
0.039526
0.011899
-0.020866
0.042469
0.129374
-0.001643
-0.025423
-0.023427
0.046859
0.079374
0.027632
0.122240
-0.009131
0.055767
0.064018
-0.009079
0.015905
-0.091944
-0.055225
-0.073860
-0.043673
-0.070133
-0.083492
-0.072789
-0.008316
0.000794
-0.052217
0.037833
-0.040427
-0.056129
-0.118887
-0.159679
-0.087713
0.023790
-0.022416
0.057943
-0.066919
-0.094218
0.014131
0.019526
0.047685
0.015293
-0.044213
-0.044360
-0.032603
0.071289
0.057953
-0.019811
-0.003732
0.050084
-0.002654
-0.066411
0.026129
0.066595
0.066161
0.003487
-0.002594
0.079220
-0.004197
-0.067367
-0.023071
-0.032317
-0.014773
-0.053997
0.116965
0.085196
-0.020577
-0.025682
0.010051
-0.005599
-0.039091
-0.078785
-0.095944
-0.011771
0.053404
-0.054391
-0.003595
-0.060678
-0.048832
-0.011454
0.032914
-0.037460
-0.005074
0.132915
0.003670
-0.010550
-0.065923
-0.064118
0.082129
0.050036
-0.046684
-0.020238
-0.089629
0.015340
-0.034672
-0.014198
0.039230
-0.001452
-0.015163
0.012639
0.067866
-0.008475
0.008047
0.055954
0.002721
-0.000332
-0.070298
-0.022245
-0.096524
-0.043356
0.105515
0.009160
-0.023303
0.051991
0.017480
0.100577
-0.029991
0.124055
0.030397
0.067524
0.029899
-0.026636
0.128288
0.007382
0.018517
-0.062259
-0.033358
0.044313
0.019816
-0.044936
-0.125992
-0.069334
-0.090697
-0.088294
-0.135831
-0.007002
0.070654
-0.048651
0.019145
0.085816
-0.085293
-0.017462
0.018341
-0.094595
-0.056474
0.023150
0.030548
-0.076037
-0.060351
-0.079472
0.022837
0.059945
-0.068145
0.012334
0.054627
-0.020677
0.016409
0.016119
-0.049788
-0.010299
0.138688
-0.012642
-0.087139
0.035205
-0.001901
-0.036620
0.002470
0.057109
-0.030117
0.023156
-0.019869
0.014838
0.010043
-0.088053
0.006614
0.018844
0.023567
0.003373
-0.092792
0.011076
-0.070843
-0.071115
-0.017021
-0.013179
0.015515
-0.009983
0.017227
0.045984
-0.069138
-0.044079
-0.071521
-0.039423
-0.034400
-0.040111
-0.021969
-0.032968
-0.074492
-0.051074
-0.092427
-0.046480
-0.043315
-0.010308
0.033749
0.073912
0.083878
-0.033555
0.005440
0.017966
0.002509
0.040948
-0.074773
-0.037456
0.008039
-0.073913
-0.008309
0.002464
-0.038773
0.085058
0.020020
-0.049003
-0.007076
-0.045555
-0.065682
-0.062011
-0.030561
0.006730
0.094342
0.044031
-0.029095
0.007977
-0.054785
-0.000052
0.013407
0.020308
0.060323
0.066166
0.035164
-0.084711
0.015049
-0.034202
-0.002727
0.033861
0.039197
0.075905
0.062383
0.020847
-0.099648
-0.091267
0.002812
-0.016112
0.007048
-0.057923
-0.008094
0.038131
-0.061644
-0.038632
-0.042369
0.065669
-0.056793
-0.024413
0.059337
-0.011383
0.066068
-0.016933
0.009109
0.038648
0.014872
0.001481
0.019124
0.083893
0.018638
0.009703
0.040995
0.012075
0.000354
-0.033063
-0.075353
0.079159
0.061240
0.088736
0.009586
-0.001593
0.050639
0.009328
0.072631
0.022049
-0.024437
0.055661
0.057885
-0.031916
0.028596
0.055811
0.012345
0.031633
0.033049
0.050354
0.048289
-0.086791
-0.083035
0.054134
-0.003528
-0.030455
0.064204
0.061300
-0.008306
-0.093220
0.030716
-0.041200
0.013468
0.051520
-0.116144
-0.057811
0.000763
0.035453
-0.021810
0.024181
0.100245
-0.008285
0.002936
-0.003055
-0.011040
0.044798
-0.056432
0.000157
0.127641
0.060818
-0.002246
-0.024127
0.003094
-0.055784
0.007008
-0.040880
0.004999
-0.024867
0.009932
0.013599
0.006215
-0.014575
0.068506
0.040100
0.054927
0.081675
-0.055112
-0.040195
0.010451
0.117497
0.056965
-0.011633
-0.021971
0.037221
-0.016274
-0.099761
0.017380
0.042136
0.059551
-0.024547
0.002484
0.112621
0.090886
0.025024
-0.055805
-0.057793
-0.035753
-0.042075
-0.050794
-0.018335
0.073860
-0.030035
0.061467
0.041633
0.129659
0.127866
0.047779
0.017095
-0.007482
0.047289
-0.011769
0.077776
0.082895
0.046589
-0.009964
-0.062614
-0.099670
-0.020543
-0.020464
0.041374
0.051844
0.056924
0.023153
-0.017289
0.067421
0.052208
0.032710
-0.123386
-0.063264
-0.081806
-0.068959
0.018243
0.024432
0.015627
0.010355
0.022104
0.016232
0.063157
0.092142
0.070157
0.031438
-0.024133
0.075018
0.072435
-0.004192
0.039435
0.083359
0.064080
0.098437
0.108870
-0.006237
0.026629
-0.080544
0.021475
0.055949
0.009085
0.058419
0.056551
0.059486
0.003359
0.037539
-0.007526
0.114322
0.067798
0.032625
0.017064
0.107447
0.027511
0.037147
0.016862
0.018898
0.043948
-0.001761
0.000995
-0.059651
-0.037973
-0.097891
-0.092575
0.139504
0.093264
0.047421
0.079520
-0.059879
-0.030990
-0.021018
-0.029647
0.012985
-0.084069
-0.019818
0.005963
-0.025263
-0.074770
-0.085467
-0.066330
-0.022846
0.002889
-0.054849
0.016012
0.017665
-0.026744
-0.027503
0.005778
-0.005126
-0.020047
-0.045699
0.006639
0.013508
0.088410
-0.015850
0.042167
0.061424
0.005192
0.002620
-0.041897
-0.008518
0.065639
-0.032684
0.031911
-0.053706
0.012210
0.028456
-0.032973
-0.000843
0.017912
-0.009618
0.019736
-0.012711
-0.058487
0.053796
-0.014123
0.080144
0.028623
0.105333
0.070764
0.027762
0.131664
0.125414
0.008826
0.010769
-0.003066
0.005920
-0.001379
-0.082951
-0.018104
0.094018
0.042102
-0.075724
-0.104094
-0.038174
-0.065951
0.015497
0.020380
0.030342
0.063041
0.050541
0.061399
-0.000166
0.001809
-0.104246
-0.007443
-0.034402
0.070539
0.052317
0.005240
0.014258
-0.012919
0.051656
0.041781
-0.090317
-0.063158
-0.066668
-0.045006
-0.026078
0.041962
0.038168
0.013348
-0.107503
-0.073718
0.090454
0.029595
-0.148040
-0.063789
-0.024877
0.001852
0.037435
0.024580
-0.023168
0.023627
0.000213
-0.035630
0.011871
0.058839
0.010988
0.030103
0.036336
0.064617
0.119114
0.086172
0.039709
0.076813
0.051494
-0.039655
0.001045
0.068877
0.028410
0.055662
0.068706
-0.050332
-0.093825
-0.057943
0.099517
0.072713
-0.003698
0.053483
0.013940
0.048959
-0.015732
0.018504
0.027552
-0.005050
-0.013889
0.039764
-0.043593
0.007317
0.071058
-0.035665
-0.026502
-0.007118
-0.099433
-0.005488
0.001351
-0.023709
-0.075741
-0.034691
-0.008692
-0.023067
0.009322
-0.012601
0.028444
0.004980
-0.018302
0.056883
0.078958
-0.014213
-0.024693
-0.007419
0.016633
0.064409
0.090311
0.163486
0.031347
-0.018993
0.059525
-0.053137
-0.037422
-0.093239
-0.038431
0.003434
-0.001722
0.049047
0.028385
-0.086496
-0.026439
-0.136470
-0.008928
-0.020489
-0.059142
-0.114429
-0.096020
0.005825
-0.062335
-0.002751
0.051034
0.013699
0.033303
-0.054457
-0.015383
-0.025281
-0.004438
0.038035
0.034289
0.098872
0.060827
0.084638
-0.075500
-0.103507
-0.060533
0.031782
-0.024930
0.042299
0.034945
-0.016975
0.045986
0.129811
0.029080
-0.031806
-0.034295
-0.039770
0.080115
-0.073018
-0.079785
-0.007715
-0.081142
-0.141085
-0.080509
-0.020612
0.071078
-0.018726
-0.000558
0.028097
0.042937
0.037576
-0.076255
-0.054915
0.042463
0.088308
-0.016023
0.048007
0.019542
0.053265
0.071741
-0.021270
-0.007861
0.021630
-0.057201
-0.050497
-0.031980
-0.099906
-0.111120
-0.101107
-0.027564
0.024182
-0.010534
-0.014368
0.106973
0.072769
-0.020118
-0.001045
0.065316
0.023639
0.073083
0.102098
0.125741
0.061635
-0.007455
0.031275
-0.069584
-0.004720
-0.019692
-0.077365
-0.055728
0.004358
0.039919
-0.022256
0.060799
0.026088
0.051271
0.046268
0.004418
0.003031
0.098916
0.072867
-0.012689
0.016713
0.002625
0.030266
-0.056254
0.016015
-0.025206
-0.040212
-0.019232
0.050915
0.099191
0.082845
-0.057204
0.101102
0.080528
-0.046599
0.075041
0.000932
-0.020274
-0.008355
0.041142
-0.020400
0.047247
0.018604
-0.027491
-0.000159
0.014689
0.029427
-0.021480
-0.111504
-0.062270
0.093582
-0.051709
0.064315
0.002380
-0.026842
0.091115
0.059498
0.192331
0.154106
0.080251
0.072398
-0.027358
0.019050
0.002362
-0.101192
0.029351
-0.033904
0.040498
-0.068125
0.019286
-0.025399
-0.013329
-0.008054
-0.070529
-0.001535
-0.064391
-0.034574
-0.030602
-0.010411
0.051083
-0.048914
-0.058080
-0.061388
-0.200123
-0.089667
-0.045272
0.078826
0.077984
0.030992
0.031677
-0.047796
-0.030365
0.005022
0.050880
0.007015
0.025296
0.006857
-0.066338
0.078847
0.052812
0.093547
0.118922
-0.022904
-0.019760
-0.064294
-0.082405
-0.041079
-0.095198
0.036570
0.074092
0.012030
-0.073465
-0.067306
0.001425
-0.100149
-0.000264
0.001138
-0.021509
-0.019817
-0.092999
-0.057949
0.110657
-0.034654
0.110868
0.133676
-0.029909
0.039485
0.069600
0.008802
0.046874
0.085724
0.067360
0.078024
0.021614
0.039191
-0.106530
-0.111697
-0.062393
0.038145
-0.122040
-0.029318
0.087049
0.036927
-0.043303
0.010209
0.011953
-0.014142
0.071257
-0.036794
-0.097454
0.118654
-0.058394
-0.037225
-0.040164
-0.028875
0.025173
0.005515
0.056822
-0.009411
0.094750
0.019150
-0.007960
0.061978
0.054231
0.024728
-0.089199
-0.053756
-0.069126
-0.022453
0.003557
-0.080462
0.023718
-0.021070
-0.092578
-0.092790
-0.004173
-0.046259
-0.046469
-0.020851
-0.123977
-0.052273
-0.065137
-0.003587
0.041335
0.158781
0.028571
-0.092853
-0.066681
-0.040584
-0.070830
-0.021492
0.017681
-0.033031
-0.019744
-0.070407
0.001576
-0.014077
-0.042350
-0.032918
0.031688
0.004547
-0.030439
0.029931
0.057450
0.071430
0.004388
0.055726
0.130630
0.037113
0.001249
0.031335
0.002870
-0.020429
-0.031499
0.113493
0.110586
-0.009196
0.017880
0.067634
0.006171
-0.074343
-0.001395
0.047871
0.042405
-0.031187
0.005373
0.063649
0.051830
0.063669
0.011886
0.095243
-0.011972
0.099976
0.174980
0.028073
-0.028857
0.055561
-0.009765
-0.035271
0.004310
-0.035165
-0.005965
0.039140
0.074837
-0.029007
-0.120835
-0.046496
-0.020540
-0.003566
-0.066694
-0.023193
0.166924
0.041770
0.079524
0.058267
0.022000
-0.017097
-0.043491
-0.036067
0.065990
0.083120
0.157646
-0.081986
0.012306
0.028051
-0.020290
-0.040790
-0.002276
-0.030024
0.062897
-0.026122
0.004950
0.054335
-0.068636
0.019444
0.003998
0.019052
0.010784
-0.110014
0.026257
0.028615
-0.165576
0.003166
0.080520
0.042259
-0.019462
0.071436
0.069673
-0.030542
-0.030774
-0.030936
-0.029823
0.086972
0.046261
-0.053994
0.020139
0.078203
0.008375
0.032139
0.115593
-0.042608
0.048425
0.016997
0.000235
-0.038052
-0.019484
-0.019441
-0.062418
0.049798
-0.001493
-0.011435
0.080234
0.019147
-0.092814
0.000228
-0.040382
-0.045369
0.102139
-0.067320
-0.067742
0.076509
0.041616
-0.049485
-0.026667
0.015244
0.021652
0.050192
-0.112099
0.057754
0.024225
-0.010741
-0.017704
0.034338
0.042263
-0.018744
0.044648
-0.041166
0.050524
0.032160
-0.089626
-0.031674
-0.075566
-0.027224
-0.023722
-0.013792
0.000004
0.027631
-0.110105
-0.032094
0.025134
-0.057492
-0.075260
0.065334
0.024778
-0.014073
0.002544
-0.029504
0.096724
-0.096873
-0.110252
0.024646
0.115796
-0.085335
-0.103564
0.124768
0.007774
0.062991
0.055678
-0.092734
-0.035932
-0.038035
0.038651
-0.025991
0.119673
0.078336
0.022968
-0.015338
-0.045755
0.000275
-0.002083
-0.078808
-0.004337
-0.019825
-0.002079
-0.043449
-0.112287
-0.018219
-0.025162
0.059365
-0.041263
-0.006372
-0.060949
-0.092941
-0.017956
-0.046927
0.021934
0.134347
0.060830
0.017359
0.015022
0.059965
0.081073
0.118929
0.055219
-0.095404
0.014972
0.118574
0.056303
0.002366
-0.016727
0.008134
-0.093907
0.013504
0.013024
-0.035754
-0.012559
-0.034832
0.036457
-0.002609
-0.010056
0.004824
-0.035034
-0.035779
-0.069752
0.016039
0.067240
-0.039203
-0.053136
0.046201
-0.045104
0.072528
0.068135
0.072393
0.044499
-0.036425
-0.068243
-0.018335
0.019522
0.044636
-0.033601
-0.037459
0.080721
-0.025273
-0.045303
-0.006394
0.123035
-0.001501
-0.017788
0.022020
-0.013972
-0.006130
0.090170
0.042465
-0.023235
0.089848
0.067860
0.033491
0.056896
-0.001448
-0.059314
-0.010611
0.067321
0.005757
0.008340
0.063963
0.027059
0.026083
0.035407
0.026793
0.005945
-0.035184
-0.057952
-0.026788
0.053047
-0.001609
0.068728
0.001311
0.067376
0.076141
0.005048
-0.058762
0.039725
-0.007545
-0.084992
0.018560
-0.005270
-0.018015
-0.067718
-0.051267
0.002094
-0.050171
-0.016275
0.117727
0.032581
0.019172
0.013602
0.040480
0.043882
0.045255
0.058512
-0.014253
0.012281
0.063517
-0.078560
-0.110104
0.027420
0.100037
-0.081110
-0.021363
0.176167
-0.031641
-0.016661
0.083004
0.064491
-0.020523
0.010268
0.123899
0.116215
0.103084
0.007842
0.012985
0.130270
-0.047604
0.019785
-0.056770
-0.032966
-0.020601
-0.088635
0.006385
-0.047231
-0.050449
0.049936
0.018096
0.093131
0.108093
-0.047084
-0.047408
0.003912
-0.056072
-0.042621
0.028734
0.000507
0.040698
0.021352
-0.002828
0.029943
0.087356
0.157661
0.075679
0.021510
-0.026543
-0.025207
0.033659
-0.013485
-0.096896
-0.051671
-0.088463
-0.016832
-0.019312
0.004036
-0.029079
0.050659
0.000596
-0.027765
-0.034060
-0.035526
0.046363
-0.069463
-0.034951
0.017549
0.001645
-0.080466
-0.040291
-0.025711
0.054909
0.025931
0.077835
0.035308
0.109762
0.065790
0.018658
0.061098
-0.031958
-0.038391
0.054383
-0.059344
-0.034138
-0.020496
-0.041133
0.007587
-0.067348
-0.076219
0.022643
-0.018401
0.008934
0.090065
0.045793
0.029697
0.029020
0.033542
0.023454
0.073451
0.030827
-0.028744
-0.060736
0.021908
-0.045493
-0.058971
-0.008054
0.039296
0.036705
0.027217
-0.004687
-0.015916
-0.076757
0.057939
0.006095
0.102208
0.117520
-0.073249
0.060538
0.042557
-0.003917
-0.020771
0.045172
0.048478
0.026611
-0.021005
-0.036380
0.074660
-0.052707
0.014812
-0.005383
0.041142
0.024321
-0.038085
0.005471
0.022235
-0.012947
-0.054045
0.053686
0.031191
-0.007281
0.061415
0.050811
-0.075862
0.044260
0.051599
0.068429
-0.039999
0.002312
0.046362
-0.073002
0.034116
0.066961
-0.036501
0.060358
-0.002272
0.012908
0.043485
0.082195
0.079050
0.007508
-0.001388
-0.073778
-0.024901
0.050269
0.082707
0.022197
-0.015851
-0.073277
0.073346
0.046132
-0.019649
0.058591
-0.018268
0.009318
0.028860
-0.033825
-0.043109
0.037139
0.048380
-0.056170
0.090460
-0.039129
-0.047849
-0.114409
0.008350
0.025642
-0.044950
0.004211
-0.053378
-0.021536
-0.016089
0.010847
0.023101
-0.015490
-0.034401
-0.003437
0.050586
-0.055319
-0.055682
-0.007454
-0.072585
-0.078613
-0.020873
-0.023095
0.019382
0.026403
-0.011533
0.036809
-0.034295
0.040702
-0.020827
-0.039670
0.058631
-0.002261
0.063817
-0.039937
0.088540
0.089659
0.065917
-0.010923
0.011518
0.017376
0.100162
0.052484
0.026715
0.040279
-0.072383
0.053584
-0.072869
-0.004219
0.098759
0.065773
0.016637
-0.005745
-0.053004
-0.077251
-0.013259
0.029887
-0.100838
-0.087722
0.037252
-0.043487
-0.080712
-0.057825
-0.086941
-0.030496
0.007014
0.088580
0.065763
-0.004186
-0.047976
-0.049151
-0.064675
-0.031480
-0.069495
0.013280
-0.095056
-0.076172
-0.054045
-0.108957
-0.092222
-0.122103
-0.013001
-0.031558
-0.022837
0.005519
-0.002783
-0.028736
0.051946
0.016715
-0.037338
0.044651
-0.043673
-0.066844
-0.023580
-0.023843
-0.066987
-0.008934
0.060370
0.016486
-0.063116
0.058714
0.046124
0.074195
0.062346
0.076180
0.063371
-0.048286
-0.005281
-0.006025
-0.004366
-0.008955
-0.005266
0.047393
-0.031775
-0.028224
0.036079
-0.060265
-0.125773
0.014226
0.011165
0.015910
-0.049074
0.058167
0.135718
0.084944
-0.009150
0.085153
-0.009209
0.024354
0.088477
0.054792
0.060739
-0.047024
-0.012222
0.073942
-0.016040
-0.057747
-0.010790
-0.020365
0.078702
0.014621
0.063526
-0.015880
-0.062304
-0.161205
-0.093628
-0.008116
0.015527
0.081210
0.007542
-0.030628
0.014610
0.057702
0.043348
0.037925
0.052736
0.045636
-0.027440
0.040917
-0.001690
-0.024283
-0.013564
0.033030
0.005289
-0.084441
-0.012922
0.015788
-0.066711
-0.102904
-0.012854
-0.011059
0.000337
-0.012674
0.044199
-0.031282
0.028428
0.087878
0.063648
0.024182
0.037292
0.134606
-0.042810
-0.054353
0.028606
-0.059009
0.036643
0.062464
-0.017723
-0.021299
0.013720
0.051873
-0.057981
-0.010096
0.080330
-0.021824
0.020943
0.028112
-0.060699
-0.026221
-0.033181
-0.049719
-0.015301
-0.002278
0.014276
0.060276
-0.158420
-0.128821
-0.022114
-0.027410
0.028347
-0.022613
-0.027726
-0.063408
-0.065388
-0.049485
-0.086354
-0.025686
-0.047722
0.010548
0.002457
-0.111074
-0.069265
0.006666
-0.067763
0.001818
-0.003273
-0.071030
0.077599
-0.009115
-0.002894
0.050661
0.070230
0.117404
0.073224
0.004468
-0.087626
-0.012405
0.006350
-0.005002
-0.019464
0.041506
0.037942
-0.025735
0.031254
0.090899
0.013214
-0.034249
-0.004626
0.053788
0.014992
0.010470
-0.010519
0.006025
0.011317
0.082161
0.006405
0.007604
0.141618
-0.028874
0.055942
-0.009175
-0.082476
-0.059925
-0.089432
-0.010391
0.006336
-0.045433
-0.036316
-0.038762
0.035409
-0.001994
-0.020295
-0.041314
-0.009619
0.102582
0.016359
-0.025789
0.007971
0.012725
0.058412
-0.060842
-0.065663
0.012567
-0.017589
-0.029519
-0.006803
0.180979
0.090341
-0.038272
-0.041333
-0.068593
0.031521
-0.092678
-0.102949
-0.013229
-0.037063
-0.068693
-0.017447
0.065478
-0.018173
-0.047195
-0.101005
-0.077372
-0.052492
-0.035222
-0.023498
-0.047847
0.066798
0.034035
-0.063610
0.009845
-0.023152
-0.104858
-0.041534
0.055243
0.058777
0.065870
-0.100627
0.041261
0.038120
-0.014679
0.022611
0.009298
0.031056
0.043982
-0.019648
0.066771
-0.001934
-0.028762
-0.033182
-0.001533
0.014534
0.006598
-0.019181
0.084469
-0.072494
0.035108
0.051488
-0.025966
-0.008928
-0.047045
0.028192
0.074643
0.032104
-0.043023
0.022934
-0.067611
-0.014440
-0.007811
-0.013486
-0.047771
-0.036424
-0.038657
-0.030232
-0.098748
-0.068727
0.037117
0.088245
0.074845
0.031659
0.032201
0.012320
0.022345
0.101296
0.016941
0.029602
0.003321
-0.066154
0.062001
0.000349
0.043283
0.052741
0.022197
0.029794
0.070999
0.030067
-0.057597
-0.000524
-0.006771
0.023401
0.031902
-0.069284
-0.006097
0.070882
0.002794
0.043341
0.074295
0.074189
-0.022626
-0.036909
-0.026792
-0.016579
0.001898
0.018451
0.073419
0.026811
0.104646
0.002504
-0.138305
0.050244
0.001081
0.022613
0.101641
0.126380
-0.033680
-0.019406
-0.001776
0.082028
-0.081488
0.012618
-0.019223
-0.061657
0.089945
0.021395
0.006010
0.105174
-0.054519
0.084002
-0.014122
-0.084781
0.051681
0.019576
-0.025127
0.001851
0.006416
-0.019296
-0.050489
0.011161
-0.105624
-0.014128
-0.014574
-0.014842
-0.048760
-0.075189
-0.055996
-0.069368
-0.012644
0.112526
-0.033870
-0.031490
0.050763
-0.009833
0.001846
0.027350
0.034177
0.008178
0.003545
-0.006015
0.059876
-0.046635
0.000652
-0.013787
-0.078547
0.015244
0.038554
-0.071903
-0.003718
0.065584
-0.001587
-0.059144
-0.045331
0.120339
0.065984
0.013752
-0.037766
-0.141081
-0.016839
-0.012719
0.010139
-0.067328
0.088369
0.081273
0.039854
0.061708
0.039839
0.038777
0.062060
-0.011204
0.033260
0.051335
0.055847
-0.005531
0.021423
-0.069011
-0.077205
0.009737
0.000291
-0.090899
-0.098628
-0.068750
0.084229
0.034248
0.039898
-0.058508
0.000060
0.045869
0.026891
0.098569
0.077084
0.033816
0.033476
-0.080800
0.002378
-0.005579
-0.029246
-0.078289
-0.097340
-0.094225
-0.091931
-0.018091
-0.043619
0.030560
0.008062
0.099870
0.125980
0.016936
0.053894
0.032322
-0.042425
-0.076857
-0.044506
-0.061563
-0.002009
-0.017126
-0.075616
0.036478
-0.074293
-0.025400
-0.012422
0.111000
-0.003078
-0.029245
-0.023505
-0.007896
-0.161579
-0.059173
0.017858
0.003561
0.035620
-0.040181
0.048363
0.167500
0.008803
0.050392
0.114707
0.054874
0.090519
0.099418
0.014715
0.005553
0.011022
-0.068043
-0.098697
-0.062160
0.017980
-0.054305
-0.060456
0.054905
-0.026506
-0.085108
0.001873
-0.123894
0.046442
0.032609
-0.002314
0.015998
0.075407
0.113325
0.049597
0.047774
0.076825
-0.000072
-0.052983
0.074874
0.050644
-0.019310
0.005081
-0.017403
0.023718
0.054527
0.023976
0.083175
0.104982
0.080298
0.033146
0.007565
0.011083
0.079183
0.039859
-0.075852
0.017245
-0.038989
-0.056809
-0.032064
0.053103
-0.062093
-0.088991
0.021404
-0.045979
-0.024562
0.114967
0.032649
-0.027791
-0.059061
-0.070654
0.027887
0.098866
-0.012253
0.029814
-0.006040
-0.005925
0.091603
0.039391
-0.006453
0.039421
0.011185
-0.059302
0.068707
0.056407
0.066485
0.085623
0.082992
0.019777
0.012762
0.119641
0.070328
-0.006351
0.001534
-0.049132
-0.041086
0.027475
0.005120
0.040405
-0.017317
-0.003001
0.034503
0.130791
-0.003070
-0.012833
0.007157
-0.101533
0.055382
0.045273
0.016312
0.094891
0.115599
-0.001745
0.073186
-0.057720
-0.055097
0.003446
-0.027223
-0.057359
0.001224
-0.016655
-0.037338
-0.026529
-0.077750
-0.032482
-0.023438
0.015126
-0.030231
-0.016015
0.065177
-0.011631
0.040468
0.115180
-0.047351
0.038350
0.088607
0.038056
0.033376
0.069121
0.154736
0.017304
0.014694
0.070154
0.034520
-0.032245
-0.004090
-0.090794
-0.000373
0.026836
0.061436
0.134726
0.037862
0.031670
0.120043
-0.015333
-0.132505
0.033205
0.027678
-0.017025
0.036608
-0.013804
0.103052
0.055366
-0.040065
0.076373
-0.044097
-0.121339
0.004564
-0.045912
-0.061427
0.093387
0.053849
0.091017
0.072506
0.034713
0.028481
-0.084846
-0.124867
-0.063559
-0.011502
-0.057007
-0.014285
0.000660
-0.001503
0.061956
0.082884
0.022128
0.009239
-0.009048
0.063545
0.109300
0.084543
0.101089
0.052874
0.015810
-0.019060
0.052340
0.109899
0.031334
-0.034274
-0.055546
0.071300
-0.032282
-0.070950
0.002642
0.089609
-0.074082
-0.047477
-0.128606
-0.078390
-0.027028
-0.027191
0.016857
0.005607
-0.110934
-0.044208
-0.005769
-0.027824
0.039564
-0.007743
-0.032759
0.041896
0.088981
0.137538
0.021249
0.036992
-0.038241
-0.019309
0.021411
0.122523
0.113200
0.059112
0.016338
0.038362
0.155778
-0.032655
0.014170
-0.066364
-0.002471
-0.092522
-0.064995
0.111157
0.172516
-0.023179
-0.008914
0.022008
-0.040798
0.051539
0.012086
0.011501
0.070274
0.027113
-0.053047
-0.035763
0.037357
0.038610
-0.017998
-0.080203
0.053115
-0.030928
-0.023549
0.038819
-0.029185
0.028732
-0.026485
-0.028783
0.011111
-0.051661
0.002999
0.082770
-0.038168
-0.031163
0.032621
-0.006160
0.024440
-0.017820
0.055769
0.089898
-0.044686
-0.051312
0.012636
-0.000233
0.026995
0.051241
0.036936
-0.070340
-0.036980
0.011666
-0.001568
-0.063503
-0.027635
0.083353
0.023936
0.057662
-0.003611
0.007426
-0.073180
-0.009593
-0.035153
-0.075371
-0.043159
-0.007979
0.068729
0.028951
-0.084542
0.020522
-0.042400
-0.002445
-0.107392
-0.027567
-0.006428
-0.047212
-0.049994
0.007784
0.024778
0.033057
0.068655
-0.042999
0.059369
-0.020818
-0.034012
-0.095648
-0.035636
0.048462
0.005643
-0.110472
-0.038671
-0.065477
0.012896
0.078991
0.064066
0.032395
-0.024168
0.045995
-0.018419
0.037218
-0.018224
-0.016739
-0.001523
0.083539
0.032929
-0.042612
0.077985
0.027456
0.132399
-0.053507
-0.060921
-0.059262
-0.054879
0.063639
-0.004030
0.005853
-0.075883
0.002310
0.048849
0.021673
-0.079751
-0.067363
-0.008910
-0.035140
-0.094931
0.094715
0.097400
-0.073268
0.046153
0.073451
0.045086
0.018043
0.081076
-0.001810
0.011696
0.156429
0.048251
0.009777
-0.023304
0.044660
-0.090624
-0.014072
0.084180
-0.081011
-0.061225
-0.012495
-0.035733
-0.038021
-0.091179
0.056043
0.121693
-0.052600
0.026314
-0.019353
-0.047689
0.032126
0.028372
0.005446
-0.045576
0.037218
0.076330
0.012382
0.040462
-0.006674
0.008730
-0.023134
0.057877
0.068879
0.080169
-0.060940
0.025816
0.085673
0.023138
0.028992
0.113402
-0.013564
0.056041
0.047324
-0.042762
0.024628
-0.026579
-0.092963
0.081336
0.014422
0.003356
0.125333
-0.052456
-0.010054
0.014617
-0.037441
0.177982
0.080263
0.039999
0.093696
-0.100233
0.012108
-0.004712
-0.046193
0.041287
-0.077932
-0.021116
0.077562
0.006929
-0.015670
0.066348
-0.006565
-0.017495
0.021037
0.035166
0.147020
0.042903
0.085181
0.120399
0.001820
0.004929
0.090268
0.168325
0.156778
0.107834
0.053068
0.118168
0.044588
-0.029741
0.013073
0.037393
0.089057
0.025250
0.115350
0.121096
0.084165
-0.015838
-0.009650
-0.015085
-0.001474
-0.004579
-0.006754
-0.113247
0.010406
0.029032
-0.037312
-0.001279
-0.030746
0.017159
-0.015152
-0.014733
0.063522
-0.016062
-0.009269
0.074438
-0.000067
-0.033808
0.096291
-0.002458
0.067452
-0.104132
-0.078227
0.038401
0.072896
0.005122
-0.049712
-0.059515
-0.035320
0.049077
0.010715
-0.026506
-0.053113
0.051972
0.098736
-0.034133
0.004009
-0.064543
-0.049905
-0.026474
0.065242
-0.023266
0.011865
-0.028341
0.050148
0.031181
-0.118192
0.028222
0.020479
-0.094142
-0.064483
-0.048636
-0.016083
0.168875
0.096227
0.007347
-0.019366
-0.070799
0.146279
0.065459
-0.037376
0.113208
-0.060688
-0.040073
-0.023055
-0.056256
-0.053115
0.036720
-0.085836
0.002711
0.059852
-0.044817
-0.067969
-0.057274
-0.076630
0.090659
0.044792
-0.043922
-0.045919
-0.060663
0.048688
0.082215
0.100400
-0.053365
-0.010554
-0.013753
0.026193
0.022592
-0.107194
-0.003849
0.077136
-0.076433
-0.059960
0.041327
-0.016473
-0.097498
-0.020302
0.045163
-0.061524
-0.014117
-0.043079
-0.052607
0.063558
0.067409
0.019084
-0.053224
-0.025284
-0.070518
0.011757
-0.005273
-0.140417
-0.072592
0.043943
-0.072925
-0.023645
0.029944
-0.095858
-0.102177
0.063077
-0.034538
0.038601
-0.068020
-0.055689
0.050536
-0.023555
0.050813
0.071427
0.130133
0.067907
-0.009674
0.006136
-0.055323
0.077097
-0.030124
0.031423
0.000029
0.036012
0.013421
0.082561
0.042342
0.045884
0.013909
-0.061412
0.010439
-0.015395
0.029094
0.012106
0.044594
0.114776
0.050760
0.085345
-0.001087
-0.023531
0.008551
-0.015740
-0.012186
-0.047118
-0.023881
0.123413
0.053663
0.057827
0.002429
0.093193
0.049079
-0.038696
-0.020355
-0.014996
0.034906
0.074594
0.080035
0.018185
0.113366
0.045374
0.003388
-0.013000
0.005515
-0.065188
-0.100828
-0.153598
-0.062250
0.059675
-0.001365
-0.122639
-0.042260
-0.012925
0.033294
-0.061653
0.049130
-0.084704
-0.042303
-0.025517
-0.065295
-0.099109
-0.041157
-0.028440
-0.101273
-0.047621
-0.000489
-0.019190
-0.043541
-0.056481
0.050080
0.060690
0.103787
-0.020185
-0.064259
0.023282
0.019297
0.059970
0.084946
0.226623
0.044176
-0.036335
-0.063373
0.050983
0.070423
0.065304
0.138014
0.106492
-0.058216
0.019701
0.069893
0.014564
0.022970
0.036924
0.007611
0.063496
0.015132
0.036069
0.023758
0.052233
0.004023
0.079236
-0.130510
-0.044598
-0.014822
-0.100344
-0.020775
0.069918
0.025984
-0.006795
0.051035
0.027048
0.042160
-0.017045
-0.090713
0.018437
0.012267
-0.019354
-0.117392
-0.074235
-0.019484
0.000018
0.003341
0.098930
-0.001248
-0.030153
0.116748
-0.049820
-0.024452
0.013347
-0.129671
-0.130660
-0.063222
0.019785
-0.042434
-0.031084
0.085346
0.058366
-0.085957
-0.017541
-0.089590
-0.090460
-0.000160
-0.020967
0.051766
0.080718
0.039593
-0.047394
-0.045581
-0.055875
-0.012211
-0.045016
-0.083285
-0.071356
0.041076
-0.040800
0.012960
0.021406
-0.119204
-0.100735
-0.051167
-0.061570
-0.036114
-0.146687
-0.109651
-0.008714
-0.058817
0.039451
0.029666
-0.119298
-0.078515
-0.060839
-0.002186
0.031984
-0.038797
-0.024361
0.017514
0.025710
-0.052783
-0.063221
0.068715
-0.009372
-0.021779
-0.068394
-0.085854
0.124980
-0.024795
-0.065281
-0.090337
-0.079912
0.047311
-0.092327
0.062613
0.028581
-0.007297
0.042466
0.028437
-0.149238
-0.040595
0.025406
0.056448
0.063250
-0.047642
-0.005920
-0.060279
0.018626
0.073026
0.051214
0.017364
-0.063914
-0.055415
-0.024053
-0.018553
0.125422
0.007271
0.028212
0.036376
0.029421
0.114951
-0.056397
0.121826
0.023004
0.004871
0.047651
0.028337
0.049040
0.125676
0.061728
0.079655
0.011999
-0.038847
0.087747
-0.042030
-0.076419
-0.083685
-0.066114
0.041881
-0.053555
-0.052868
0.051962
-0.104137
0.052837
0.064810
-0.039926
-0.004690
-0.071313
-0.129771
-0.008855
0.034498
0.119738
0.005339
0.041644
0.042656
-0.004093
-0.003015
-0.001157
0.014564
0.010672
0.011771
-0.017576
0.038132
-0.026730
-0.093198
-0.056219
-0.067204
-0.019185
-0.037947
0.035561
0.041073
-0.033223
0.014351
-0.060566
-0.063514
0.046366
0.063418
-0.028615
0.043479
-0.073297
-0.064614
-0.049338
0.009004
0.064715
0.035606
0.071542
-0.034785
-0.007465
0.068113
-0.026942
-0.037105
0.002948
0.111260
-0.013955
-0.132958
0.023119
0.107671
-0.040051
-0.004567
0.019083
-0.090104
-0.030939
0.061433
0.027513
-0.042142
-0.013731
0.071667
0.023134
0.039155
0.009146
0.080670
0.038630
0.037292
-0.089372
-0.083844
-0.032540
-0.039112
-0.040129
0.010457
-0.051450
-0.071262
-0.036627
-0.063916
0.084769
0.120822
0.019438
0.042036
-0.019226
-0.090958
0.037817
0.056613
0.021806
0.023645
0.013488
0.049945
0.002323
0.040577
-0.024663
-0.064524
0.076917
0.049501
0.056827
0.087220
0.076520
0.160440
0.097876
0.016240
0.050444
0.037039
-0.010511
-0.056370
-0.021080
0.001948
-0.021772
-0.017358
-0.022988
0.034286
0.048708
-0.040399
-0.000048
-0.078617
-0.021833
0.074001
-0.045287
-0.017921
0.008699
0.028878
-0.045322
0.036475
0.060648
0.037579
0.058673
0.026888
-0.007492
0.070110
0.036014
-0.044193
-0.001490
-0.048651
-0.048062
-0.017413
0.075035
-0.027174
-0.160333
0.055001
-0.002431
-0.060123
-0.024680
0.056530
0.064704
0.071487
0.064704
0.032276
0.019596
-0.004481
-0.007469
0.054827
0.020484
0.034416
0.024767
0.004149
0.013609
-0.047490
-0.000507
-0.110373
-0.054571
0.071621
0.002055
0.067497
0.014369
-0.028851
0.051226
0.038131
0.027710
0.019823
0.014640
0.045362
0.016094
-0.008285
0.056754
0.054489
0.015096
0.019275
0.009252
-0.041307
-0.054817
0.007250
-0.029834
-0.001088
-0.062443
-0.062177
0.003746
0.003381
-0.028750
0.014434
-0.060841
-0.036459
-0.007409
0.041313
0.062996
0.073125
0.030849
0.008025
0.004711
0.000082
-0.006221
0.049213
0.156090
0.024380
-0.047498
-0.029237
0.012726
0.072941
-0.002072
-0.039858
0.059491
0.029330
-0.026035
0.008268
-0.111511
-0.083790
0.056411
0.040099
0.045932
0.088571
0.029072
0.106487
-0.029322
-0.048623
0.006988
0.017173
0.076453
0.019457
0.051591
0.069551
0.038856
0.069106
0.107989
0.005715
-0.001654
0.015494
0.071453
-0.104158
-0.044446
0.073657
-0.034390
-0.086040
-0.036463
-0.003465
-0.024316
-0.074342
-0.033402
0.027931
0.007483
-0.007894
-0.042315
-0.053232
-0.025855
-0.056344
-0.099212
-0.031466
0.046902
0.042519
0.043089
0.072192
-0.022606
0.082994
-0.032472
-0.042403
-0.078171
0.034655
-0.036943
-0.060885
-0.095465
-0.060513
-0.078643
0.023371
0.068776
-0.099325
-0.007796
-0.055910
-0.059351
-0.051729
-0.034012
-0.047774
-0.092270
0.041920
0.117550
-0.043741
-0.028209
0.132162
0.002970
0.020990
-0.071603
0.065469
0.088882
-0.088338
0.084981
0.033789
0.040901
0.048569
-0.045759
-0.086498
0.044882
-0.036469
0.023300
0.050771
-0.017993
0.045259
-0.093303
-0.052213
0.029674
-0.028506
0.006242
-0.023187
-0.009128
0.062377
0.003320
-0.073871
-0.055859
-0.133095
-0.056597
0.051356
0.092687
0.046341
0.079014
0.014344
0.132881
0.086262
-0.018113
-0.010613
-0.025812
-0.009597
0.042409
0.044218
-0.038935
-0.115756
-0.074176
-0.038802
0.004877
0.017477
-0.073474
-0.124912
-0.038045
-0.007289
-0.033777
0.026193
-0.001724
-0.033431
0.037478
0.042504
-0.022928
-0.073245
-0.080028
-0.091882
-0.036025
-0.086180
0.019076
0.024002
-0.021622
0.067473
0.016678
0.031155
0.046598
-0.076050
-0.018990
0.028823
0.025884
-0.013775
-0.008052
-0.005280
-0.056249
0.020893
0.020363
0.047530
0.048036
0.037653
0.123922
0.045057
-0.023356
0.038257
0.073132
0.077098
0.107783
0.021462
0.000303
0.061652
-0.028055
-0.194408
0.025196
0.005901
0.025262
0.036976
-0.071554
-0.031909
0.024420
-0.071052
-0.029088
-0.014155
-0.058352
0.029538
0.005179
-0.027283
-0.072034
0.062853
0.083107
-0.036840
0.022583
0.000414
0.010844
-0.023862
0.038003
0.031109
0.079497
0.049746
0.050867
0.084366
0.040184
-0.005623
-0.015154
0.025573
0.048295
0.047805
-0.056940
-0.023322
-0.005578
0.049176
0.038165
-0.050576
-0.040918
-0.065313
-0.042839
-0.047634
0.036236
-0.069480
0.003904
0.031384
-0.044964
-0.048055
0.141205
0.052121
-0.048616
-0.007053
-0.011220
0.023680
-0.007489
0.100300
0.006690
-0.060571
-0.024597
-0.069687
-0.054145
-0.058760
0.022798
0.047711
-0.035525
-0.026973
-0.081742
0.020790
0.052433
-0.097386
-0.045750
-0.011789
0.174052
0.002676
-0.013301
0.039630
-0.035497
0.077920
-0.005652
-0.017895
0.044682
-0.014577
0.007272
-0.042271
0.000590
0.136941
0.073926
0.032743
-0.006166
0.037492
0.008495
0.068876
-0.092598
-0.101684
0.024691
-0.086723
0.007651
0.010348
-0.020832
0.057329
-0.062916
-0.126705
-0.119070
-0.046288
-0.011853
0.018798
0.031113
0.002260
-0.050153
-0.064156
-0.052695
-0.125650
-0.117712
-0.057401
-0.047094
-0.021848
-0.077929
0.002077
0.008665
-0.067020
0.061884
-0.063331
-0.036705
0.012480
-0.093670
-0.000186
-0.001186
0.025052
-0.000953
0.000139
-0.050242
0.020863
0.049397
-0.001616
0.050854
-0.068370
-0.082694
-0.034934
0.052185
-0.005910
-0.019003
0.082080
-0.074983
-0.114337
-0.059042
0.078020
0.144833
-0.114031
-0.026703
0.038573
-0.108703
-0.018141
-0.041377
-0.023702
-0.064540
-0.016447
-0.005513
-0.044229
-0.016740
-0.044237
-0.046796
-0.087083
0.057023
0.096345
-0.002980
0.041894
0.069526
-0.082812
0.035022
0.112910
-0.053771
0.022265
0.144389
0.077586
0.070145
-0.010227
0.050716
0.006399
-0.061504
0.017001
0.013428
0.054433
0.033502
0.019320
0.097461
0.005988
-0.025627
-0.030221
0.066676
0.085189
0.056549
0.073269
0.069997
-0.000586
-0.110311
-0.008574
0.127338
0.055216
0.052438
0.094533
-0.032302
-0.059807
0.035444
-0.000481
-0.009505
-0.093493
0.055569
0.089799
-0.066600
-0.090211
0.004739
-0.014918
0.024901
0.055669
0.056439
-0.071685
-0.027295
-0.038699
-0.057799
-0.146865
0.004923
-0.033440
0.037725
0.027230
-0.021035
-0.061773
-0.086853
-0.085635
0.065425
-0.050546
-0.023037
0.028256
-0.043000
-0.022145
-0.104316
0.033524
-0.023259
-0.036399
0.063906
0.000762
0.011085
0.007904
0.022741
0.052851
0.015607
0.027507
0.040219
0.080167
0.059136
-0.011936
-0.140738
0.049717
0.063885
-0.123645
-0.005985
-0.059769
0.070865
0.047572
-0.055606
0.110232
0.077360
0.045363
-0.079844
-0.080368
-0.030934
0.076273
0.029489
0.128792
0.095005
0.032831
0.030120
0.009842
-0.011283
-0.078145
-0.042844
0.058646
0.033111
-0.017974
0.027504
-0.046316
0.005134
0.066022
0.004837
-0.065100
-0.038164
-0.037732
-0.030795
-0.092210
-0.003615
-0.004955
0.051080
0.012099
0.059786
0.071313
0.048391
0.067015
0.041042
0.104859
0.028537
0.021297
0.014678
-0.041739
-0.052753
0.022887
-0.043114
-0.006479
-0.032987
-0.021106
0.057936
-0.037017
-0.049060
-0.015343
-0.020968
0.045356
0.133194
0.055103
0.016642
0.046584
0.012788
0.081468
-0.025277
-0.026081
-0.055193
-0.128820
-0.022685
0.032711
-0.073752
0.050810
0.006421
-0.103836
0.046907
-0.021684
-0.003425
0.026221
-0.090217
0.029966
0.032961
0.017776
-0.084280
-0.066247
-0.087228
-0.032271
-0.052582
-0.001098
0.105098
0.003050
0.087173
-0.067030
0.023193
0.016724
-0.057000
0.066472
-0.044840
-0.025773
-0.030208
0.007339
-0.099201
-0.030645
0.063684
0.024738
0.073406
0.047137
0.002253
-0.000731
-0.039395
0.075604
-0.045106
0.013175
0.034444
0.008738
0.017158
-0.008726
0.025409
-0.014614
-0.004980
0.138718
0.097413
-0.099456
0.019256
0.029869
-0.079165
-0.042759
-0.025783
0.030653
0.052236
0.004627
-0.031109
0.041545
0.059327
0.047364
-0.063666
-0.017331
-0.148094
-0.079733
-0.108293
-0.048351
0.097494
0.002173
-0.011087
0.038589
0.034818
0.059374
0.034532
0.055336
-0.075395
-0.011300
-0.055934
0.027744
0.028418
-0.030617
-0.000497
-0.045468
0.017875
-0.013511
-0.084952
0.110952
-0.010255
0.054287
0.058651
-0.046087
0.028500
0.046370
0.055828
0.024184
0.121414
-0.027715
-0.049080
0.049858
-0.071717
-0.017481
0.100186
0.164956
0.043046
-0.031361
-0.013880
0.048016
0.093269
0.010840
0.161328
0.116949
0.092112
0.020183
-0.047849
-0.108310
-0.005349
-0.070206
-0.064700
0.030666
0.031966
0.110048
0.043061
-0.034780
0.028231
0.016198
-0.053869
0.008665
0.038636
0.024660
-0.025909
0.033894
0.049853
0.085196
-0.050106
-0.007551
0.035305
0.060267
0.015364
-0.014975
0.107765
-0.030116
0.005658
0.104626
-0.078796
0.113760
0.084514
-0.027010
0.019485
0.038657
-0.001960
-0.023968
-0.003123
0.033447
-0.012524
0.000368
0.053680
0.089746
0.038605
-0.052383
-0.084951
-0.044612
-0.045625
-0.055908
0.011370
0.048428
0.031204
-0.054874
-0.024148
-0.020421
-0.027559
-0.049516
0.036432
0.049626
0.009789
-0.012983
-0.034081
0.009366
0.093456
-0.018802
0.004738
-0.001949
0.051180
0.016712
0.065776
0.046416
-0.027099
-0.065431
-0.162807
-0.014904
-0.110968
-0.075257
-0.051803
0.096236
0.007847
-0.017352
0.044079
-0.025112
-0.055934
-0.116521
-0.034611
-0.087966
0.011020
-0.030348
0.014931
-0.015771
-0.011376
-0.020145
-0.038530
-0.078756
0.002111
0.024482
0.046802
0.064630
0.103431
-0.006475
-0.018462
-0.034840
0.102621
0.017950
0.005767
0.014698
-0.041189
-0.133680
-0.052080
-0.029585
-0.167631
-0.013317
0.058946
-0.092452
-0.066099
0.002336
0.053682
0.018595
-0.027198
-0.022292
-0.058705
0.013090
-0.071269
-0.023878
-0.036744
0.045773
-0.046136
-0.031369
-0.003526
-0.039719
-0.024820
0.051438
-0.048707
-0.059668
-0.031083
-0.020436
0.061212
0.059285
0.024851
-0.008265
0.008104
-0.021732
-0.029764
-0.012889
-0.026279
-0.073511
0.059174
0.074172
0.012936
-0.023114
0.000327
0.051296
0.007161
-0.048327
-0.001492
0.033889
-0.002100
0.013092
0.064426
0.018644
-0.015762
0.003946
-0.028954
-0.085992
0.021366
0.047305
0.008087
-0.054443
0.042160
-0.033688
-0.018324
-0.025473
-0.105338
0.016024
-0.001753
-0.014827
-0.066597
-0.108794
-0.060114
0.018130
-0.101303
0.010099
-0.028792
-0.034505
-0.021074
-0.110780
0.031390
-0.006689
0.017408
0.001236
-0.041954
-0.034889
0.051753
-0.037912
-0.047352
0.098161
-0.014899
0.020408
0.052346
0.043670
-0.050980
0.015253
0.012847
0.034951
-0.009259
-0.016321
0.016661
-0.112168
-0.052636
-0.085281
-0.026657
0.055740
-0.046721
-0.002335
-0.103620
-0.046943
-0.038189
-0.074448
-0.004103
-0.050686
-0.138971
-0.126023
-0.024097
0.024987
-0.042917
-0.025000
-0.032228
-0.068239
-0.001642
0.062625
-0.077695
0.034609
-0.050333
-0.068048
0.067815
-0.047705
-0.091272
-0.064529
-0.092526
0.008672
-0.074278
-0.105635
-0.045420
0.097878
0.032783
-0.025747
0.041473
0.029073
0.012302
0.086789
-0.085465
-0.160825
0.004469
-0.051540
0.032186
-0.041026
0.043249
0.055704
-0.148222
0.012500
0.021052
-0.059118
-0.067150
0.083935
-0.029313
0.099083
0.004175
-0.067743
0.029071
0.083482
-0.005296
0.017842
0.008947
0.003763
0.009881
-0.036375
0.013199
-0.021661
-0.071872
-0.040528
-0.023849
-0.020471
0.013087
-0.094836
-0.021267
0.001320
-0.008281
-0.096932
-0.016438
0.024787
-0.024607
0.036554
-0.003743
0.043967
0.023419
-0.086910
-0.023123
-0.052701
0.014579
-0.136884
-0.008999
0.045754
-0.095685
-0.065003
-0.008579
0.072692
-0.013901
-0.122235
-0.076936
-0.039094
-0.110803
-0.028302
0.078884
-0.013824
0.037072
0.027855
0.059137
0.043455
0.107325
-0.081420
-0.095912
-0.042141
-0.045192
-0.063093
-0.089432
-0.023001
0.051302
-0.004948
-0.064560
-0.033195
-0.033026
0.043713
-0.012702
0.066589
0.023674
-0.056031
0.028658
-0.047320
0.110447
0.080182
-0.132106
0.023807
0.067404
-0.024288
0.002754
0.001430
0.010043
0.014203
-0.133301
-0.112870
0.020709
0.003785
0.061115
0.011684
-0.096372
0.004362
0.066618
0.042760
0.034845
-0.024765
0.087033
0.152035
0.117250
0.144526
0.044556
-0.012933
0.059362
0.005080
0.026315
0.187243
0.066126
0.037362
-0.020661
0.061133
0.045370
-0.002131
0.008132
0.034702
0.058609
-0.067784
0.028912
0.053812
0.031681
0.070553
0.013728
0.129303
0.071794
-0.054602
0.019084
-0.080969
-0.059914
0.042961
0.089947
-0.048109
0.043897
-0.040876
-0.002197
0.023619
0.058566
0.028610
-0.031289
-0.015638
-0.105253
-0.046614
-0.036923
-0.018737
0.100381
0.007679
-0.106665
-0.092454
-0.055475
-0.051458
-0.044760
0.108305
0.131155
-0.062014
0.098804
0.006891
0.094555
-0.022865
-0.006230
0.013410
0.102684
0.170327
-0.000503
-0.017021
0.045249
0.125328
0.050170
-0.039626
0.036312
-0.074215
-0.067370
0.067739
0.006223
-0.036172
0.002248
0.097247
-0.025957
-0.006458
-0.024519
-0.089201
0.021582
-0.127214
-0.027016
0.090150
0.010623
-0.013524
-0.109318
0.067982
-0.026845
0.059478
-0.002276
-0.046118
0.018614
-0.002492
-0.051325
0.030697
0.133405
0.003184
-0.025124
-0.089859
-0.101206
-0.008046
0.011921
0.053582
0.050388
0.028580
-0.006040
0.019224
-0.005661
-0.015128
0.078538
0.011168
0.039326
0.003970
0.002414
-0.046003
0.005756
0.073596
0.069544
-0.023485
-0.006153
-0.022706
-0.005403
-0.025283
0.014943
0.026979
-0.032085
-0.092225
-0.073261
-0.019739
-0.107039
0.000577
-0.013688
0.018116
0.028940
0.009839
-0.046110
0.036982
-0.004224
0.045586
-0.026194
-0.050603
0.007486
0.005948
-0.151368
0.006175
-0.051651
-0.080091
-0.012645
0.011804
0.048157
0.032461
0.021511
-0.030182
0.042970
0.061420
0.103770
-0.049465
0.054978
0.088457
-0.000689
0.034808
-0.014257
0.007438
-0.017162
-0.009578
0.036522
0.023042
-0.005760
-0.004108
-0.064132
0.030597
-0.001253
0.008731
0.006593
-0.039418
-0.036429
0.003097
-0.019073
0.058478
-0.014247
0.031084
0.057958
0.044196
-0.012075
0.066210
0.035912
0.040534
0.013911
0.033841
0.084880
0.079667
0.007290
0.011541
0.046568
0.168935
0.061399
-0.028504
-0.082512
-0.042351
-0.056310
-0.145144
0.002483
-0.035892
0.004734
-0.013345
-0.079850
-0.087890
-0.107450
-0.093373
-0.095242
-0.166600
-0.125011
-0.059841
0.000854
0.079677
-0.015810
0.079936
0.122706
-0.013992
0.027735
0.032606
0.018374
-0.089702
-0.045232
-0.103778
-0.042808
0.037251
0.029079
0.024914
0.054707
-0.017699
-0.038483
0.186338
0.113516
0.049034
-0.030242
0.039932
0.084792
0.062451
-0.023073
-0.022415
0.009660
-0.046275
-0.010483
0.093377
0.083299
-0.046665
-0.056755
0.110552
-0.081796
-0.117898
-0.076089
0.047150
-0.016358
-0.021459
0.014835
-0.124475
-0.072749
0.092904
0.177136
0.057749
0.040796
-0.018277
-0.004343
-0.038800
0.005210
0.129717
0.024609
0.049723
-0.019311
-0.022140
-0.091661
-0.086656
0.072081
-0.008038
0.042859
-0.057400
-0.035112
-0.068747
-0.085879
-0.078989
-0.038491
-0.047474
-0.011026
0.072782
-0.064924
-0.025892
0.072733
0.029784
0.043256
0.013215
0.016909
0.042700
-0.044357
0.025136
0.018283
0.029489
0.045484
-0.022997
0.006566
0.003953
0.130609
0.055872
0.039797
-0.066118
0.057148
0.097233
0.006413
0.040331
0.004900
0.042860
-0.027314
-0.020499
-0.008160
-0.011059
-0.023710
-0.038040
0.026439
-0.046362
0.026274
-0.019349
0.061122
-0.025334
-0.023522
0.042537
0.068403
0.029940
0.056755
-0.016629
-0.034386
0.036749
-0.038258
-0.088505
-0.038832
0.031222
0.080831
-0.054417
0.013412
0.010317
-0.027817
-0.006795
-0.028671
0.045325
-0.035335
0.043812
0.052607
-0.015884
-0.039835
0.021763
0.098923
-0.019625
-0.102881
-0.054839
-0.099122
-0.077651
-0.064001
0.061260
0.123370
0.102155
-0.070262
0.025803
0.041294
-0.030669
0.032011
0.062791
-0.022558
0.090703
-0.041947
-0.056883
-0.082866
0.034172
0.033330
0.037498
-0.069471
-0.014783
0.045952
-0.105474
-0.021101
0.009224
0.001753
-0.039932
-0.062385
-0.012092
0.019825
0.033459
0.066041
-0.049051
-0.004725
0.089991
0.039603
0.061990
0.053777
0.093487
0.050899
-0.029614
-0.034706
-0.006279
-0.066052
0.044426
0.085080
0.039934
0.043730
0.035480
0.028349
-0.087498
-0.100262
-0.039502
-0.011898
0.066273
-0.018468
0.084197
0.008226
-0.068056
-0.069381
-0.095691
-0.053580
-0.090889
-0.020009
-0.021916
0.020272
-0.023122
-0.087797
-0.083944
-0.047644
0.003361
-0.014883
0.007362
0.065830
0.034374
0.090242
0.036070
-0.093551
-0.043866
0.008531
-0.011171
0.044691
0.044402
-0.032026
-0.028958
-0.022261
-0.170872
0.015133
-0.101425
-0.111298
0.004213
-0.002793
0.073543
-0.072178
-0.098159
-0.037659
-0.130047
-0.013700
-0.008648
-0.040550
0.022845
0.099452
0.030304
-0.058091
-0.067713
0.043010
0.075694
-0.130003
-0.059714
0.054982
-0.023039
0.043635
0.010824
-0.022692
-0.017966
-0.031243
-0.046213
-0.107894
-0.062067
-0.023885
0.070550
0.005093
-0.008261
0.092226
0.023862
0.065226
-0.004206
-0.057189
-0.053829
-0.010605
-0.031129
0.072790
0.043673
-0.003041
0.058321
-0.054848
-0.054260
-0.029663
0.050946
0.057555
-0.020107
-0.059579
0.009400
0.038099
0.100185
0.001624
0.012605
0.030671
-0.014391
0.039127
0.068678
-0.016067
-0.049120
-0.031695
-0.005417
-0.049241
-0.059346
0.032202
0.170528
-0.036628
-0.011627
-0.027789
-0.015128
0.102320
0.066353
-0.018517
0.041811
-0.111806
0.009067
0.016265
-0.022303
-0.001442
0.022744
-0.090584
-0.038586
-0.016843
-0.102932
-0.072215
-0.057920
0.042492
0.071405
0.042697
0.007604
0.081494
0.093180
0.004725
-0.028869
-0.001777
-0.018784
0.007037
-0.086859
-0.139448
-0.095776
0.016461
-0.047348
-0.039810
-0.079529
-0.128527
0.006808
0.046480
0.038282
0.057095
0.093473
-0.027216
0.067126
-0.055897
-0.018769
0.080639
-0.036683
0.013707
-0.004163
0.060343
0.058499
-0.015162
-0.035409
-0.086366
0.016128
0.042122
-0.059134
0.056650
-0.020410
-0.013811
0.021896
-0.096429
-0.017487
-0.084483
-0.012872
0.046460
-0.006422
-0.040657
0.062268
0.046656
0.090891
0.088260
0.067539
0.048638
-0.027616
0.090690
0.079097
0.010624
0.052431
-0.093701
-0.027509
-0.080689
0.046268
0.044387
0.056086
0.036499
0.051112
0.037610
0.025651
-0.076043
-0.035305
-0.026142
0.090976
0.012356
0.098621
0.070064
-0.112698
0.023017
0.026860
-0.006244
-0.039273
-0.030558
-0.025265
-0.040499
-0.100529
-0.037944
-0.007410
-0.058979
-0.079449
-0.071634
-0.076813
-0.042697
-0.046213
-0.033916
-0.023693
-0.035562
0.011475
0.077555
0.022711
-0.046695
-0.059075
-0.074631
-0.042054
-0.039903
0.063211
-0.007792
-0.005805
-0.009557
-0.034037
0.015168
-0.015576
0.009355
0.013932
-0.071209
-0.057486
0.002381
0.034964
0.091071
0.096084
-0.033823
-0.047710
0.039007
0.024582
0.081085
0.030465
0.008513
0.072591
-0.041444
-0.074042
-0.055214
-0.034999
0.039662
0.014577
0.072374
0.004489
-0.057036
-0.113881
-0.010994
0.010088
0.056494
0.039922
-0.016124
0.062310
-0.032514
-0.018381
-0.010820
-0.092886
-0.124850
-0.009393
-0.041418
-0.000884
-0.163059
0.047773
0.023302
0.150326
-0.011238
-0.000158
0.091435
-0.113277
0.002482
0.049045
0.085858
-0.041292
0.085282
0.041187
-0.066587
-0.024496
0.067501
-0.029634
-0.060318
0.053529
0.041472
0.079783
0.133560
-0.059169
-0.005542
0.105839
0.006646
-0.058517
0.034060
-0.007741
-0.074823
0.024543
-0.021606
-0.052384
0.015608
0.047905
-0.000781
0.061107
-0.073961
-0.040093
0.022226
-0.014380
-0.077104
-0.077845
0.017789
0.101080
0.025215
-0.061454
-0.063006
-0.002340
-0.075957
0.020510
0.034760
0.032451
-0.005860
-0.087898
0.015759
0.123663
0.023631
0.005575
-0.017377
-0.044246
-0.051797
0.078978
-0.021762
-0.012765
-0.024124
0.064304
0.071475
-0.025472
-0.009604
-0.015387
0.054050
0.027597
0.030281
0.018059
-0.045317
-0.044384
0.018818
0.042126
-0.062272
-0.012068
-0.072885
0.040451
0.036170
-0.057267
-0.013888
-0.112073
-0.004291
0.014444
0.062759
-0.074464
-0.052441
0.012434
-0.024422
0.012963
-0.017083
0.099831
0.007608
0.074205
0.034576
0.012672
-0.102575
0.009153
0.119581
-0.006860
0.123331
0.053001
0.090545
-0.040963
-0.006503
0.119596
0.027325
0.074356
0.038313
-0.051609
-0.041026
0.014619
0.051175
0.014489
-0.012166
-0.043034
-0.115377
0.033914
0.065975
-0.037202
-0.050659
0.001534
0.018940
-0.048831
0.146539
0.120852
-0.066289
0.051571
0.059220
0.011612
-0.006411
-0.050326
-0.028031
0.043991
-0.061357
-0.076376
0.093736
-0.006262
-0.152248
-0.053859
0.019232
-0.073796
-0.052110
-0.017643
0.008233
0.047697
0.042183
-0.078895
-0.017979
-0.077174
-0.018737
0.078924
0.030457
-0.024868
-0.014480
-0.040963
0.021546
0.042991
0.070511
0.128960
0.053091
-0.035079
0.004334
0.033393
-0.043319
-0.024780
0.012283
0.059763
0.145932
0.027445
-0.023561
-0.063444
-0.046937
0.027669
0.045539
0.046042
0.017229
0.020659
0.041886
-0.118372
-0.033163
0.048896
0.027283
-0.022255
0.047259
0.067766
0.046733
0.038425
0.033709
0.071232
0.095942
0.104486
0.024943
-0.016179
0.108778
0.082529
0.135560
0.058839
0.007499
-0.011683
0.010318
0.077558
0.139119
0.084859
0.049803
0.049256
0.035333
0.057654
-0.015391
0.036796
0.036150
0.003646
0.004809
-0.074929
-0.030956
0.006299
0.029423
-0.012279
-0.020435
0.099740
0.008685
-0.113201
-0.099459
-0.004160
-0.056249
0.024631
0.049529
-0.113775
0.007095
0.094532
0.057091
-0.022007
0.046506
-0.035570
-0.014510
-0.045325
-0.074770
0.059026
-0.006267
-0.039034
0.016355
-0.066807
-0.036637
-0.182828
-0.112095
0.016624
0.041705
-0.005126
0.052337
-0.054808
-0.016047
0.025134
-0.033620
-0.013218
-0.059681
0.055156
-0.037926
-0.043150
0.016520
0.047420
0.043657
-0.026340
0.059815
0.090083
0.082614
-0.027461
0.062238
0.113538
0.106293
0.073468
0.018524
0.038794
0.056913
-0.002748
0.072006
0.006760
0.104710
0.025625
-0.023192
-0.010832
-0.009724
-0.074223
-0.055301
-0.108491
-0.001067
-0.026642
-0.016467
-0.021391
0.019325
-0.052047
-0.022832
-0.011713
0.029647
0.129530
0.063391
0.131978
-0.027053
0.002325
-0.089986
0.049584
0.003607
-0.053014
0.039851
-0.008756
0.000291
0.022624
-0.042557
0.047421
-0.024430
-0.096777
0.003759
0.018619
0.005852
0.083757
0.068677
-0.053708
-0.056039
-0.100159
-0.001728
-0.028328
-0.055144
0.047152
-0.024969
0.095019
0.098509
-0.024086
0.029165
0.013966
-0.052753
-0.018696
0.082104
0.053574
0.082442
0.029780
0.029511
-0.051317
-0.057928
-0.084224
-0.075336
-0.019490
-0.031206
-0.017812
-0.028066
0.074855
0.000428
0.012713
-0.002370
-0.012232
0.017825
0.043947
0.043188
-0.019649
-0.036914
-0.022772
-0.004382
-0.009344
-0.012538
0.114271
0.111910
0.043419
0.004120
0.023264
0.044825
0.013430
-0.056210
0.010473
0.046255
0.008324
-0.010728
-0.037247
-0.048261
0.041848
-0.036361
-0.045546
-0.025715
0.024014
0.126247
-0.024733
-0.090993
-0.071853
0.108244
0.108278
0.016911
-0.016704
-0.054900
-0.122054
-0.059759
0.032219
0.025371
-0.003293
-0.014101
-0.057182
0.051644
0.099978
0.011008
0.060056
-0.077714
-0.019474
0.020816
-0.065460
0.059976
0.014607
-0.106407
-0.151482
-0.041513
0.048438
-0.017137
-0.068398
0.003635
-0.052911
-0.082263
-0.114977
-0.137520
-0.042536
0.043816
-0.022941
0.005876
0.033610
-0.046224
0.102021
-0.009936
-0.086569
0.099010
0.050383
-0.037609
-0.022739
0.029638
0.081540
0.037972
-0.008669
0.004153
-0.010713
0.013266
0.052789
0.001001
0.067907
0.008646
-0.056526
-0.109474
0.049922
0.024430
0.008897
0.011424
0.091527
0.020738
0.030811
0.038594
-0.020957
0.006715
0.142117
0.013252
-0.009858
0.000977
0.063730
0.112813
0.006827
-0.030590
-0.018393
0.025810
0.021801
-0.017898
0.004757
0.014784
0.081652
-0.011556
0.051192
0.002395
0.001633
-0.018066
0.044214
0.108268
0.054191
-0.005432
0.099514
0.015837
0.027709
-0.019675
-0.041919
-0.041213
0.035236
-0.039979
-0.014114
0.053667
0.065681
-0.019377
-0.010091
-0.040510
-0.097967
0.049739
-0.090771
-0.078015
-0.002135
-0.048182
-0.022515
-0.037682
-0.076934
0.020374
0.005228
-0.024769
0.055347
-0.038940
-0.023426
-0.039163
-0.097979
0.085940
0.013811
-0.010230
-0.061677
0.022925
0.017552
-0.034577
-0.048874
0.024263
0.048832
0.044801
-0.037134
-0.030895
0.044902
0.018328
0.030966
0.013026
-0.018877
-0.071991
0.067376
-0.038599
0.023517
0.086029
0.093153
0.148060
0.040072
-0.034341
-0.096988
0.011725
0.048295
0.026180
-0.089846
-0.007864
-0.005204
-0.046532
-0.015740
-0.057157
-0.056395
-0.021357
0.122320
0.072815
0.008490
-0.089595
-0.083254
-0.075659
0.035249
0.022084
0.002698
0.065991
-0.014289
-0.012666
-0.031072
0.102600
-0.003839
-0.047013
0.059073
-0.117432
0.033411
0.056790
0.021509
-0.105325
0.028046
0.018653
-0.035786
0.012218
0.041515
0.153158
0.036243
-0.054769
-0.050714
0.035791
0.009277
-0.044873
-0.102768
-0.073576
0.035009
0.059281
0.015404
0.015751
0.118649
0.107360
0.033880
0.103357
0.055822
-0.003654
-0.030985
-0.046149
0.022074
0.056607
0.068888
0.039379
-0.036315
-0.045938
0.116254
0.076174
0.060227
0.068166
-0.017474
-0.076631
-0.075545
0.091438
0.080573
0.076534
0.051975
0.029117
0.062709
0.103050
0.053742
0.013034
0.002643
-0.039024
0.012561
0.040677
0.109271
0.031277
0.078711
0.110331
-0.048107
-0.001157
-0.008821
0.000296
-0.031711
0.044631
0.098576
-0.010021
0.021746
0.015782
-0.132601
-0.026132
0.008159
-0.041341
-0.001831
-0.084838
-0.058689
-0.029298
-0.061358
-0.012462
0.012452
-0.044292
0.017827
0.005998
-0.088328
0.003811
-0.046545
0.022161
-0.019585
0.060688
0.026022
-0.053229
-0.022304
-0.049031
-0.005060
0.018787
-0.011332
0.038001
-0.010095
0.078006
-0.032590
-0.013100
0.019714
-0.133516
-0.065967
-0.100609
-0.050177
-0.084839
-0.017786
-0.061140
-0.041372
-0.031670
-0.092241
-0.105179
-0.097261
0.009578
0.041388
-0.038656
-0.110796
0.023299
0.033155
-0.026964
-0.051236
-0.169175
-0.169943
-0.084449
-0.047739
-0.052148
-0.074015
0.000453
-0.056732
0.003224
0.116355
0.028926
0.067804
0.012560
-0.044590
0.013328
0.123023
0.037522
0.015710
0.034678
0.049330
-0.005367
-0.052666
-0.016156
0.119462
0.052715
-0.025674
-0.072730
0.004418
0.060548
0.120977
0.034640
-0.003557
0.095474
-0.019266
-0.129331
0.053815
-0.048902
-0.060070
0.039208
0.044259
-0.003797
0.085487
0.072822
0.031266
-0.024325
0.045550
0.006916
-0.014929
-0.051398
-0.043386
-0.026545
-0.030763
0.078637
0.020990
-0.053610
0.068054
-0.045384
-0.071299
0.112298
-0.007457
0.106187
0.053897
0.067855
-0.039004
-0.089966
-0.011945
0.004997
0.050518
-0.076953
0.050671
-0.055663
-0.051123
-0.037926
-0.120788
-0.095592
-0.086817
-0.042753
-0.028611
0.061059
0.053976
-0.082123
0.057011
-0.002713
0.011975
0.043331
0.052427
-0.089440
-0.034860
-0.057767
-0.115405
-0.068432
0.000142
-0.011690
0.111337
0.067584
-0.057510
0.009354
-0.074369
-0.068773
-0.060979
-0.025526
-0.026295
0.046261
-0.065731
0.004884
0.035345
-0.022918
0.031749
-0.011182
-0.027885
0.035269
-0.152550
0.032850
-0.102625
-0.083516
0.007931
0.046195
0.104110
0.009650
-0.009532
0.010991
0.020484
0.002279
-0.024160
0.001798
0.011447
-0.081196
-0.021800
0.040257
-0.193545
-0.070224
0.046828
0.017264
-0.062707
-0.062997
-0.118253
-0.132999
-0.150612
-0.024371
0.000780
0.052926
0.028169
-0.004833
-0.055562
-0.021303
-0.004467
-0.024742
0.055492
0.040113
0.098581
0.072950
-0.014235
0.059005
0.055323
-0.028237
0.003063
-0.000419
-0.015677
0.043622
0.089766
0.092987
0.011953
0.017220
0.105845
-0.112576
0.058481
0.076679
-0.010872
-0.012851
0.001676
-0.070072
-0.015482
0.025236
0.062600
0.051989
0.002102
0.023826
-0.079092
0.088045
0.047741
0.073578
0.038817
0.038244
0.011762
-0.000093
0.051301
0.004312
-0.005591
-0.007931
-0.083532
-0.141950
-0.065142
-0.035469
0.034572
0.028469
0.005010
0.005948
-0.040967
-0.035442
0.022590
0.003018
-0.004108
-0.050336
-0.060221
0.114618
-0.027678
-0.048043
0.073413
-0.018553
-0.063836
0.014813
0.035068
0.001169
-0.013089
-0.114499
-0.053935
-0.058608
-0.019515
0.032909
0.031145
-0.075621
-0.072801
0.025289
0.064520
0.023792
0.064083
0.057204
-0.002401
-0.031113
-0.037376
-0.123193
-0.002444
0.085263
0.044358
-0.011340
-0.021073
0.032895
-0.066053
-0.048232
-0.073303
0.018679
0.028121
-0.095479
0.000306
0.005016
0.102897
0.018437
-0.082854
-0.083939
-0.039952
-0.049204
-0.087761
-0.076056
-0.062092
-0.008539
-0.012983
0.078632
0.095389
0.008477
-0.111368
-0.069109
-0.064229
-0.130566
0.016072
0.032826
0.029962
0.162028
0.094288
-0.062705
-0.043927
-0.068773
0.009229
0.026126
-0.082066
-0.163244
-0.030677
-0.040729
-0.025334
0.034957
-0.063218
-0.100456
0.051911
0.047098
-0.056540
0.023851
0.056267
-0.057558
-0.071442
-0.002627
0.071304
0.053916
0.053107
0.007967
-0.028868
-0.056663
-0.146690
-0.156275
-0.000578
0.137824
0.133574
0.098846
0.084153
0.138238
0.098402
-0.016937
-0.017204
0.004617
0.028225
0.049944
-0.015436
0.115923
0.081115
-0.021634
-0.090925
0.012061
0.087619
-0.011936
0.001010
0.000651
-0.049966
-0.030649
-0.047548
0.031522
-0.023216
-0.002832
0.043172
-0.043921
-0.006395
0.143146
-0.031899
0.057357
-0.045094
-0.032782
-0.039156
-0.059298
0.070921
-0.001576
0.076919
0.047686
-0.045479
0.056278
0.133741
-0.060770
-0.038343
0.021312
-0.029597
-0.031134
-0.025601
-0.002652
-0.011283
-0.133216
-0.124035
-0.058392
-0.058866
0.059088
0.093873
0.051310
0.103787
0.076115
0.010164
-0.001696
0.064605
0.045008
0.122782
0.192943
0.137371
0.076484
0.145621
0.039395
0.020541
-0.049263
0.093890
0.068570
0.040080
0.038885
-0.061186
0.011785
0.088642
-0.002593
-0.017213
-0.098401
0.010577
0.133656
0.067423
-0.129708
0.076830
0.009093
0.058508
-0.056056
-0.130094
0.111406
0.058429
0.020198
0.018216
0.062477
0.058451
