0	7574	30	30	30	30	30	30	30	30	30	30	30	30	30	30	30	30	30	30	30	30	30	30	989	30	30	30	169	30	30	30	338	30	30	30	30	30	30	30	30	30	30	30	30	30	30	30	30	30	30	30	30	30	30	30	30	30	30	30	30	30	30	30	30	30	
50000	7604	30	30	30	30	30	30	30	30	30	30	30	30	30	30	30	30	30	30	30	959	30	30	30	30	30	30	169	30	30	30	30	30	338	30	30	30	30	30	30	30	30	30	30	30	30	30	30	30	30	30	30	30	30	30	30	30	30	30	30	30	30	30	30	30	
100000	7574	30	30	30	30	30	30	30	30	30	30	30	30	30	30	30	30	30	30	30	30	30	30	989	30	30	30	30	169	30	30	30	30	30	30	30	30	338	30	30	30	30	30	30	30	30	30	30	30	30	30	30	30	30	30	30	30	30	30	30	30	30	30	30	30	
150000	8931	30	30	30	30	30	30	30	30	30	30	30	30	30	30	30	30	30	30	30	30	30	30	30	30	30	30	30	169	30	30	30	30	30	30	30	30	30	30	30	30	30	30	30	30	30	30	30	30	30	30	30	30	30	30	30	30	30	30	30	30	30	
200000	7544	30	30	30	30	30	30	30	30	30	30	30	30	30	30	30	30	30	30	30	30	338	30	30	30	989	30	30	30	169	30	30	30	30	30	30	30	30	30	30	30	30	30	30	30	30	30	30	30	30	30	30	30	30	30	30	30	30	30	30	30	30	30	30	30	30	
250000	30	8901	30	30	30	30	30	30	30	30	30	30	30	30	30	30	30	30	30	30	30	30	30	30	30	30	30	30	30	30	169	30	30	30	30	30	30	30	30	30	30	30	30	30	30	30	30	30	30	30	30	30	30	30	30	30	30	30	30	30	30	30	30	
300000	30	30	30	30	30	30	7852	30	30	30	30	30	30	30	30	30	30	30	30	30	30	30	30	30	30	30	30	1019	30	30	30	30	30	169	30	30	30	30	30	30	30	30	30	30	30	30	30	30	30	30	30	30	30	30	30	30	30	30	30	30	30	30	30	30	30	
350000	30	30	30	7912	30	30	30	30	30	30	30	30	30	30	30	30	30	30	30	30	30	30	30	30	989	30	30	30	30	30	169	30	30	30	30	30	30	30	30	30	30	30	30	30	30	30	30	30	30	30	30	30	30	30	30	30	30	30	30	30	30	30	30	30	
400000	30	8871	30	30	30	30	30	30	30	30	30	30	30	30	30	30	30	30	30	30	30	30	30	30	30	30	30	30	30	30	30	169	30	30	30	30	30	30	30	30	30	30	30	30	30	30	30	30	30	30	30	30	30	30	30	30	30	30	30	30	30	30	30	30	
450000	30	30	30	30	30	7574	30	30	30	30	30	30	30	30	30	30	30	30	30	30	30	30	30	30	989	30	30	30	30	30	30	30	30	30	30	30	169	30	30	30	30	30	30	338	30	30	30	30	30	30	30	30	30	30	30	30	30	30	30	30	30	30	30	30	30	
500000	30	30	30	30	30	30	7604	30	30	30	30	30	30	30	30	30	30	30	30	30	30	30	30	30	30	30	30	169	30	30	30	30	929	30	30	30	30	30	30	30	30	30	30	30	338	30	30	30	30	30	30	30	30	30	30	30	30	30	30	30	30	30	30	30	30	30	
550000	30	30	30	30	30	30	7484	30	30	30	30	30	30	30	30	30	30	30	30	30	30	30	30	30	30	30	30	30	30	30	929	30	30	30	30	169	30	30	30	30	30	30	30	30	30	139	30	30	30	30	30	30	30	30	30	30	30	30	30	30	30	30	30	30	30	30	30	30	30	199	30	
600000	30	30	30	7574	30	30	30	30	30	30	30	30	30	30	30	30	338	30	30	30	30	30	30	30	30	30	30	30	30	30	959	30	30	30	30	30	169	30	30	30	30	30	30	30	30	30	30	30	30	30	30	30	30	30	30	30	30	30	30	30	30	30	30	30	30	30	
650000	30	30	7860	30	30	30	30	30	30	30	30	30	30	30	30	30	338	30	30	30	30	30	30	30	30	30	30	30	30	30	30	673	30	30	30	169	30	30	30	30	30	30	30	30	30	30	30	30	30	30	30	30	30	30	30	30	30	30	30	30	30	30	30	30	30	30	
700000	30	30	7544	30	30	30	30	30	30	30	30	30	30	30	338	30	30	30	30	30	30	30	30	30	30	30	30	30	30	30	30	169	30	30	30	30	30	632	30	357	30	30	30	30	30	30	30	30	30	30	30	30	30	30	30	30	30	30	30	30	30	30	30	30	30	30	30	
750000	30	30	30	7574	30	30	30	30	30	30	30	30	30	30	30	30	970	30	30	30	30	30	30	30	30	30	30	30	30	30	169	357	30	30	30	30	30	30	30	30	30	30	30	30	30	30	30	30	30	30	30	30	30	30	30	30	30	30	30	30	30	30	30	30	30	
800000	7405	30	30	30	30	30	30	30	30	30	30	30	30	338	30	30	30	30	30	30	30	30	30	30	30	30	169	30	169	30	30	989	30	30	30	30	30	30	30	30	30	30	30	30	30	30	30	30	30	30	30	30	30	30	30	30	30	30	30	30	30	30	30	30	30	30	
850000	8623	30	30	30	30	30	30	30	30	30	30	30	30	30	30	30	338	30	30	30	30	30	30	30	30	30	30	30	30	30	30	169	30	30	30	30	30	30	30	30	30	30	30	30	30	30	30	30	30	30	30	30	30	30	30	30	30	30	30	30	30	30	
900000	30	7544	30	30	30	30	30	30	30	30	30	30	30	30	30	30	30	30	338	30	30	30	30	30	30	169	30	30	30	989	30	30	30	30	30	30	30	30	30	30	30	30	30	30	30	30	30	30	30	30	30	30	30	30	30	30	30	30	30	30	30	30	30	30	30	30	
950000	7604	30	30	30	30	30	30	30	30	30	30	30	30	30	30	30	30	30	30	30	30	30	30	30	169	30	30	30	30	989	30	30	30	30	30	30	30	30	338	30	30	30	30	30	30	30	30	30	30	30	30	30	30	30	30	30	30	30	30	30	30	30	30	30	
1000000	8473	30	30	30	30	30	30	30	30	30	30	30	30	30	30	30	30	30	30	30	30	30	30	30	30	169	30	30	30	30	30	30	30	30	30	30	30	30	338	30	30	30	30	30	30	30	30	30	30	30	30	30	30	30	30	30	30	30	30	30	30	30	30	30	30	30	30	
1050000	7574	30	30	30	30	30	30	30	30	30	30	30	30	30	338	30	30	30	30	30	30	30	169	30	30	30	30	30	989	30	30	30	30	30	30	30	30	30	30	30	30	30	30	30	30	30	30	30	30	30	30	30	30	30	30	30	30	30	30	30	30	30	30	30	30	
1100000	7574	30	30	30	30	30	30	30	30	30	30	30	30	30	30	30	30	30	30	30	30	30	30	30	30	30	30	959	30	169	30	30	30	30	30	30	30	30	30	338	30	30	30	30	30	30	30	30	30	30	30	30	30	30	30	30	30	30	30	30	30	30	30	30	30	30	
1150000	30	7544	30	30	30	30	30	30	30	30	30	30	30	30	30	30	30	30	30	30	30	30	30	30	30	989	30	30	169	30	30	30	30	30	30	30	30	30	30	30	338	30	30	30	30	30	30	30	30	30	30	30	30	30	30	30	30	30	30	30	30	30	30	30	30	30	
1200000	7574	30	30	30	30	30	30	30	30	30	30	30	30	30	30	30	30	169	30	30	30	940	30	30	357	30	30	30	30	30	30	30	30	30	30	30	30	30	30	30	30	30	30	30	30	30	30	30	30	30	30	30	30	30	30	30	30	30	30	30	30	30	30	30	30	30	
1250000	8533	30	30	30	30	30	30	30	30	30	30	30	30	30	30	30	30	169	30	30	30	30	30	30	30	30	30	30	30	30	30	30	30	30	30	338	30	30	30	30	30	30	30	30	30	30	30	30	30	30	30	30	30	30	30	30	30	30	30	30	30	30	30	30	30	
1300000	7544	30	30	30	30	30	30	30	30	30	30	30	30	169	30	30	30	30	30	30	30	632	30	30	357	30	30	30	30	30	30	30	30	338	30	30	30	30	30	30	30	30	30	30	30	30	30	30	30	30	30	30	30	30	30	30	30	30	30	30	30	30	30	30	30	30	30	
1350000	7574	30	30	30	30	30	30	30	30	30	30	30	30	30	169	30	30	30	30	30	30	989	338	30	30	30	30	30	30	30	30	30	30	30	30	30	30	30	30	30	30	30	30	30	30	30	30	30	30	30	30	30	30	30	30	30	30	30	30	30	30	30	30	30	30	
1400000	30	7634	30	30	30	970	30	30	30	30	30	30	169	30	30	30	30	30	30	30	357	30	30	30	30	30	30	30	30	30	30	30	30	30	30	30	30	30	30	30	30	30	30	30	30	30	30	30	30	30	30	30	30	30	30	30	30	30	30	30	30	30	30	
1450000	7634	30	30	30	30	30	899	30	169	30	30	30	30	30	30	30	30	30	30	30	30	30	30	30	30	30	30	30	30	30	30	338	30	30	30	30	30	30	30	30	30	30	30	30	30	30	30	30	30	30	30	30	30	30	30	30	30	30	30	30	30	30	30	30	30	30	
1500000	8901	30	30	30	30	30	30	30	169	30	30	30	30	30	30	30	30	30	30	30	30	30	30	30	30	30	30	30	30	30	30	30	30	30	30	30	30	30	30	30	30	30	30	30	30	30	30	30	30	30	30	30	30	30	30	30	30	30	30	30	30	30	30	
1550000	7604	30	30	30	989	30	30	30	30	30	169	30	30	30	30	30	30	30	30	338	30	30	30	30	30	30	30	30	30	30	30	30	30	30	30	30	30	30	30	30	30	30	30	30	30	30	30	30	30	30	30	30	30	30	30	30	30	30	30	30	30	30	30	30	
1600000	7544	30	989	30	30	30	30	30	30	30	30	169	30	30	30	30	30	30	338	30	30	30	30	30	30	30	30	30	30	30	30	30	30	30	30	30	30	30	30	30	30	30	30	30	30	30	30	30	30	30	30	30	30	30	30	30	30	30	30	30	30	30	30	30	30	30	
1650000	169	7435	30	959	30	30	30	169	30	30	30	30	30	30	30	30	30	30	30	30	30	30	30	30	338	30	30	30	30	30	30	30	30	30	30	30	30	30	30	30	30	30	30	30	30	30	30	30	30	30	30	30	30	30	30	30	30	30	30	30	30	30	30	30	30	30	
1700000	7604	30	959	30	30	30	30	30	30	169	30	30	30	30	30	30	30	30	30	338	30	30	30	30	30	30	30	30	30	30	30	30	30	30	30	30	30	30	30	30	30	30	30	30	30	30	30	30	30	30	30	30	30	30	30	30	30	30	30	30	30	30	30	30	30	
1750000	30	30	989	7574	30	30	30	338	30	30	30	169	30	30	30	30	30	30	30	30	30	30	30	30	30	30	30	30	30	30	30	30	30	30	30	30	30	30	30	30	30	30	30	30	30	30	30	30	30	30	30	30	30	30	30	30	30	30	30	30	30	30	30	30	30	
1800000	30	989	169	7514	338	30	30	30	30	30	30	30	30	30	30	30	30	30	30	30	30	30	30	30	30	30	30	30	30	30	30	30	30	30	30	30	30	30	30	30	30	30	30	30	30	30	30	30	30	30	30	30	30	30	30	30	30	30	30	30	30	30	30	30	30	30	30	
1850000	30	169	1297	30	7574	30	30	30	30	30	30	30	30	30	30	30	30	30	30	30	30	30	30	30	30	30	30	30	30	30	30	30	30	30	30	30	30	30	30	30	30	30	30	30	30	30	30	30	30	30	30	30	30	30	30	30	30	30	30	30	30	30	30	30	30	
1900000	30	169	30	7574	30	297	970	30	30	30	30	30	30	30	30	30	30	30	30	30	30	30	30	30	30	30	30	30	30	30	30	30	30	30	30	30	30	30	30	30	30	30	30	30	30	30	30	30	30	30	30	30	30	30	30	30	30	30	30	30	30	30	30	30	30	30	30	
1950000	139	30	30	989	7544	30	30	30	30	30	30	30	30	30	338	30	30	30	30	30	30	30	30	30	30	30	30	30	30	30	30	30	30	30	30	30	30	30	30	30	30	30	30	30	30	30	30	30	30	30	30	30	30	30	30	30	30	30	30	30	30	30	30	30	30	30	30	
2000000	30	169	7544	30	30	357	632	30	30	30	30	30	30	30	30	30	30	30	338	30	30	30	30	30	30	30	30	30	30	30	30	30	30	30	30	30	30	30	30	30	30	30	30	30	30	30	30	30	30	30	30	30	30	30	30	30	30	30	30	30	30	30	30	30	30	30	30	
2050000	7514	30	30	357	30	169	632	30	30	30	30	30	30	30	30	30	30	30	338	30	30	30	30	30	30	30	30	30	30	30	30	30	30	30	30	30	30	30	30	30	30	30	30	30	30	30	30	30	30	30	30	30	30	30	30	30	30	30	30	30	30	30	30	30	30	30	30	30	
2100000	7574	30	30	30	30	30	989	30	30	30	30	30	139	30	30	30	30	30	338	30	30	30	30	30	30	30	30	30	30	30	30	30	30	30	30	30	30	30	30	30	30	30	30	30	30	30	30	30	30	30	30	30	30	30	30	30	30	30	30	30	30	30	30	30	30	30	
2150000	30	8593	30	30	30	30	30	30	30	30	30	30	30	30	30	30	338	30	30	30	30	30	30	30	30	30	30	30	30	30	30	30	30	30	30	30	30	30	30	30	30	30	30	30	30	30	30	30	169	30	30	30	30	30	30	30	30	30	30	30	30	30	30	
2200000	30	30	169	30	30	30	959	7574	30	30	30	30	30	30	30	30	30	338	30	30	30	30	30	30	30	30	30	30	30	30	30	30	30	30	30	30	30	30	30	30	30	30	30	30	30	30	30	30	30	30	30	30	30	30	30	30	30	30	30	30	30	30	30	30	30	30	
2250000	30	30	30	989	30	30	30	7574	30	30	30	30	30	30	30	30	30	338	30	30	30	30	30	30	30	30	30	30	30	30	30	30	30	30	30	30	30	30	30	30	30	30	30	30	30	30	30	30	30	30	30	30	30	30	30	30	30	169	30	30	30	30	30	30	30	
2300000	30	30	30	30	30	7544	989	30	30	30	30	30	30	30	30	30	30	338	30	30	30	30	30	30	30	30	30	30	30	30	30	30	30	30	30	30	30	30	30	30	30	30	30	30	30	30	30	30	169	30	30	30	30	30	30	30	30	30	30	30	30	30	30	30	30	30	
2350000	30	30	7544	30	30	30	989	30	30	30	30	30	30	338	30	30	30	30	30	30	30	30	30	30	30	30	30	30	30	30	30	30	30	30	30	30	30	30	30	30	30	30	30	30	30	30	30	30	169	30	30	30	30	30	30	30	30	30	30	30	30	30	30	30	30	30	
2400000	30	30	30	30	30	30	30	30	30	7574	1357	30	30	30	30	30	30	30	30	30	30	30	30	30	30	30	30	30	30	30	30	30	30	30	30	30	30	30	30	30	30	30	30	169	30	30	30	30	30	30	30	30	30	30	30	30	30	30	30	30	30	30	30	
2450000	30	30	30	30	30	30	7484	30	30	30	30	30	30	30	368	30	30	30	30	30	30	30	30	30	959	30	30	30	30	30	30	30	30	30	30	30	30	30	30	30	30	30	30	30	30	30	30	30	169	30	30	30	30	30	30	30	30	30	30	30	30	30	30	30	30	30	30	30	
2500000	30	30	30	30	7514	30	30	30	30	30	30	30	30	30	30	30	338	30	30	30	30	30	30	30	30	30	959	30	30	30	30	30	30	30	30	30	30	30	30	30	30	30	30	30	30	30	169	30	30	30	30	30	30	30	30	30	30	30	30	30	30	30	30	30	30	30	30	30	
2550000	30	30	30	30	7634	30	30	30	30	30	30	30	30	338	30	30	30	30	30	30	30	30	30	30	959	30	30	30	30	30	30	30	30	30	30	30	30	169	30	30	30	30	30	30	30	30	30	30	30	30	30	30	30	30	30	30	30	30	30	30	30	30	30	30	
2600000	30	30	30	7604	30	30	30	30	30	338	30	30	30	30	30	30	30	30	30	30	989	30	30	30	30	30	30	30	30	30	30	30	169	30	30	30	30	30	30	30	30	30	30	30	30	30	30	30	30	30	30	30	30	30	30	30	30	30	30	30	30	30	30	30	
2650000	30	30	30	30	30	30	30	7604	30	30	30	30	338	30	30	30	30	30	30	30	30	30	30	30	30	989	30	30	30	30	30	30	30	30	30	30	169	30	30	30	30	30	30	30	30	30	30	30	30	30	30	30	30	30	30	30	30	30	30	30	30	30	30	30	
2700000	30	30	30	7604	30	30	30	338	30	30	30	30	30	30	30	30	30	30	30	30	30	30	30	30	30	30	30	30	30	30	30	30	30	30	169	30	30	989	30	30	30	30	30	30	30	30	30	30	30	30	30	30	30	30	30	30	30	30	30	30	30	30	30	30	
2750000	30	30	30	8454	30	30	30	338	30	30	30	30	30	30	30	30	30	30	30	30	30	30	30	30	30	169	30	30	30	30	30	30	30	30	30	169	30	30	30	30	30	30	30	30	30	30	30	30	30	30	30	30	30	30	30	30	30	30	30	30	30	30	30	
2800000	30	7544	30	30	30	30	30	338	30	30	30	30	30	30	30	30	30	30	30	30	30	199	30	30	30	30	30	30	30	30	30	30	30	30	959	30	30	30	30	30	30	30	30	30	30	30	30	30	30	30	30	30	30	30	30	30	30	30	30	30	30	30	30	30	30	30	
2850000	30	30	7604	30	30	30	30	30	338	30	30	30	30	30	30	30	30	30	30	30	30	30	30	30	30	30	199	30	30	30	30	30	959	30	30	30	30	30	30	30	30	30	30	30	30	30	30	30	30	30	30	30	30	30	30	30	30	30	30	30	30	30	30	30	
2900000	30	30	30	7634	30	30	30	30	30	338	30	30	30	30	30	30	30	30	30	30	30	30	30	30	169	30	30	30	30	30	30	30	30	989	30	30	30	30	30	30	30	30	30	30	30	30	30	30	30	30	30	30	30	30	30	30	30	30	30	30	30	30	30	
2950000	30	30	30	7604	30	30	30	30	30	30	338	30	30	30	30	30	30	30	30	30	30	30	30	30	30	30	30	30	169	30	30	30	30	989	30	30	30	30	30	30	30	30	30	30	30	30	30	30	30	30	30	30	30	30	30	30	30	30	30	30	30	30	30	30	
3000000	338	30	30	8623	30	30	30	30	30	30	30	30	30	30	30	30	30	30	30	30	30	30	30	30	169	30	30	30	30	30	30	30	30	30	30	30	30	30	30	30	30	30	30	30	30	30	30	30	30	30	30	30	30	30	30	30	30	30	30	30	30	30	
3050000	30	30	30	7604	30	30	30	30	30	338	30	30	30	30	30	30	30	30	30	30	30	30	30	30	30	1019	169	30	30	30	30	30	30	30	30	30	30	30	30	30	30	30	30	30	30	30	30	30	30	30	30	30	30	30	30	30	30	30	30	30	30	30	30	
3100000	7604	30	30	30	30	30	30	30	30	30	30	30	30	30	30	30	30	30	30	30	30	30	30	1019	169	30	30	30	30	30	30	30	30	30	30	30	30	30	30	30	30	30	30	338	30	30	30	30	30	30	30	30	30	30	30	30	30	30	30	30	30	30	30	
3150000	8901	30	30	30	30	30	30	30	30	30	30	30	30	30	30	30	30	30	30	30	30	30	30	30	169	30	30	30	30	30	30	30	30	30	30	30	30	30	30	30	30	30	30	30	30	30	30	30	30	30	30	30	30	30	30	30	30	30	30	30	30	30	30	
3200000	8623	30	30	30	30	30	30	30	338	30	30	30	30	30	30	30	30	30	30	30	30	30	30	30	30	30	169	30	30	30	30	30	30	30	30	30	30	30	30	30	30	30	30	30	30	30	30	30	30	30	30	30	30	30	30	30	30	30	30	30	30	30	
3250000	30	7604	30	30	30	30	30	30	30	30	30	30	30	30	30	30	30	30	30	30	30	169	338	30	30	989	30	30	30	30	30	30	30	30	30	30	30	30	30	30	30	30	30	30	30	30	30	30	30	30	30	30	30	30	30	30	30	30	30	30	30	30	30	30	
3300000	30	30	7574	30	30	30	30	30	30	30	30	30	30	30	30	30	169	30	30	30	30	30	30	30	30	989	30	30	30	30	30	30	30	30	30	30	30	338	30	30	30	30	30	30	30	30	30	30	30	30	30	30	30	30	30	30	30	30	30	30	30	30	30	30	30	
3350000	7574	30	30	30	30	989	30	30	30	30	30	30	30	30	169	30	30	30	30	30	30	30	30	30	30	30	30	30	30	30	30	30	30	30	30	30	30	30	30	30	338	30	30	30	30	30	30	30	30	30	30	30	30	30	30	30	30	30	30	30	30	30	30	30	30	
3400000	7435	30	30	30	30	1019	30	169	30	30	30	30	30	30	30	169	30	30	30	30	30	30	30	30	30	30	30	30	30	30	30	30	30	30	30	338	30	30	30	30	30	30	30	30	30	30	30	30	30	30	30	30	30	30	30	30	30	30	30	30	30	30	30	30	
3450000	8931	30	30	30	30	30	30	30	30	30	30	30	30	169	30	30	30	30	30	30	30	30	30	30	30	30	30	30	30	30	30	30	30	30	30	30	30	30	30	30	30	30	30	30	30	30	30	30	30	30	30	30	30	30	30	30	30	30	30	30	30	30	
3500000	7852	30	30	30	30	30	30	1019	30	30	30	30	30	30	30	169	30	30	30	30	30	30	30	30	30	30	30	30	30	30	30	30	30	30	30	30	30	30	30	30	30	30	30	30	30	30	30	30	30	30	30	30	30	30	30	30	30	30	30	30	30	30	30	30	30	
3550000	7604	30	30	30	30	30	30	1019	30	30	30	30	169	30	30	30	30	30	30	30	30	30	30	30	30	30	30	30	30	30	30	30	30	30	338	30	30	30	30	30	30	30	30	30	30	30	30	30	30	30	30	30	30	30	30	30	30	30	30	30	30	30	30	
3600000	30	7574	30	30	30	30	30	1019	30	30	199	30	30	30	30	30	30	30	30	30	30	30	30	30	30	30	30	30	30	30	30	30	338	30	30	30	30	30	30	30	30	30	30	30	30	30	30	30	30	30	30	30	30	30	30	30	30	30	30	30	30	30	30	
3650000	7604	30	30	30	30	30	30	989	30	30	30	30	30	30	199	30	30	30	30	30	30	30	30	30	338	30	30	30	30	30	30	30	30	30	30	30	30	30	30	30	30	30	30	30	30	30	30	30	30	30	30	30	30	30	30	30	30	30	30	30	30	30	30	
3700000	7604	30	30	30	30	30	1019	30	30	30	30	139	30	30	30	30	30	30	30	30	30	30	30	30	30	338	30	30	30	30	30	30	30	30	30	30	30	30	30	30	30	30	30	30	30	30	30	30	30	30	30	30	30	30	30	30	30	30	30	30	30	30	30	30	
3750000	7604	30	30	30	30	30	30	1019	30	30	30	30	169	30	30	30	30	30	30	30	30	30	30	30	30	338	30	30	30	30	30	30	30	30	30	30	30	30	30	30	30	30	30	30	30	30	30	30	30	30	30	30	30	30	30	30	30	30	30	30	30	30	30	
3800000	8503	30	30	30	30	30	30	30	30	30	30	30	169	30	30	30	30	30	30	30	30	30	30	30	30	30	30	30	338	30	30	30	30	30	30	30	30	30	30	30	30	30	30	30	30	30	30	30	30	30	30	30	30	30	30	30	30	30	30	30	30	30	30	30	30	30	
3850000	7574	30	30	30	30	1019	30	30	30	30	30	30	30	169	30	30	30	30	30	30	30	30	30	30	30	30	30	338	30	30	30	30	30	30	30	30	30	30	30	30	30	30	30	30	30	30	30	30	30	30	30	30	30	30	30	30	30	30	30	30	30	30	30	30	
3900000	8593	30	30	30	30	30	30	30	30	30	30	30	30	30	30	169	30	30	30	30	30	30	30	30	30	30	30	338	30	30	30	30	30	30	30	30	30	30	30	30	30	30	30	30	30	30	30	30	30	30	30	30	30	30	30	30	30	30	30	30	30	30	30	
3950000	8563	30	30	30	30	30	30	30	30	30	30	30	169	30	30	30	30	30	30	338	30	30	30	30	30	30	30	30	30	30	30	30	30	30	30	30	30	30	30	30	30	30	30	30	30	30	30	30	30	30	30	30	30	30	30	30	30	30	30	30	30	30	30	30	
4000000	8503	30	30	30	30	30	30	30	30	30	30	30	30	30	169	30	30	30	30	30	30	30	338	30	30	30	30	30	30	30	30	30	30	30	30	30	30	30	30	30	30	30	30	30	30	30	30	30	30	30	30	30	30	30	30	30	30	30	30	30	30	30	30	30	30	30	
4050000	8503	30	30	30	30	30	30	30	30	30	30	30	30	30	30	30	169	30	30	30	30	30	30	30	338	30	30	30	30	30	30	30	30	30	30	30	30	30	30	30	30	30	30	30	30	30	30	30	30	30	30	30	30	30	30	30	30	30	30	30	30	30	30	30	30	30	
4100000	8563	30	30	30	30	30	30	30	30	30	30	30	30	169	30	30	30	30	30	338	30	30	30	30	30	30	30	30	30	30	30	30	30	30	30	30	30	30	30	30	30	30	30	30	30	30	30	30	30	30	30	30	30	30	30	30	30	30	30	30	30	30	30	30	
4150000	30	7544	30	30	30	338	989	30	30	30	30	30	30	30	30	30	169	30	30	30	30	30	30	30	30	30	30	30	30	30	30	30	30	30	30	30	30	30	30	30	30	30	30	30	30	30	30	30	30	30	30	30	30	30	30	30	30	30	30	30	30	30	30	30	30	30	
4200000	30	7514	30	30	30	30	1019	30	30	30	30	30	30	30	30	30	30	30	30	169	30	30	338	30	30	30	30	30	30	30	30	30	30	30	30	30	30	30	30	30	30	30	30	30	30	30	30	30	30	30	30	30	30	30	30	30	30	30	30	30	30	30	30	30	30	30	
4250000	7484	30	30	30	30	30	30	959	30	30	30	30	30	30	30	30	30	30	30	169	30	30	338	30	30	30	30	30	30	30	30	30	30	30	30	30	30	30	30	30	30	30	30	30	30	30	30	30	30	30	30	30	30	30	30	30	30	30	30	30	30	30	30	30	30	30	30	30	30	
4300000	30	30	7822	30	30	30	30	30	30	959	30	30	30	30	30	30	30	30	30	169	30	30	30	30	30	30	30	30	30	30	30	30	30	30	30	30	30	30	30	30	30	30	30	30	30	30	30	30	30	30	30	30	30	30	30	30	30	30	30	30	30	30	30	30	30	30	30	30	
4350000	30	30	30	7882	30	30	30	30	989	30	30	30	30	30	30	30	30	30	169	30	30	30	30	30	30	30	30	30	30	30	30	30	30	30	30	30	30	30	30	30	30	30	30	30	30	30	30	30	30	30	30	30	30	30	30	30	30	30	30	30	30	30	30	30	30	
4400000	30	30	30	7882	30	30	989	30	30	30	30	30	30	30	30	30	169	30	30	30	30	30	30	30	30	30	30	30	30	30	30	30	30	30	30	30	30	30	30	30	30	30	30	30	30	30	30	30	30	30	30	30	30	30	30	30	30	30	30	30	30	30	30	30	30	
4450000	30	30	989	7822	30	30	30	30	30	30	30	30	30	30	30	30	169	30	30	30	30	30	30	30	30	30	30	30	30	30	30	30	30	30	30	30	30	30	30	30	30	30	30	30	30	30	30	30	30	30	30	30	30	30	30	30	30	30	30	30	30	30	30	30	30	30	30	
4500000	7544	1297	30	30	30	30	30	30	30	30	30	30	30	30	30	169	30	30	30	30	30	30	30	30	30	30	30	30	30	30	30	30	30	30	30	30	30	30	30	30	30	30	30	30	30	30	30	30	30	30	30	30	30	30	30	30	30	30	30	30	30	30	30	30	30	30	
4550000	7454	30	929	30	30	30	30	30	30	30	30	30	30	30	30	169	30	30	30	30	30	30	30	30	30	338	30	30	30	30	30	30	30	30	30	30	30	30	30	30	30	30	30	30	30	30	30	30	30	30	30	30	30	30	30	30	30	30	30	30	30	30	30	30	30	30	30	30	30	30	30	
4600000	7574	959	30	30	30	30	30	30	30	30	30	30	30	169	30	30	30	30	30	338	30	30	30	30	30	30	30	30	30	30	30	30	30	30	30	30	30	30	30	30	30	30	30	30	30	30	30	30	30	30	30	30	30	30	30	30	30	30	30	30	30	30	30	30	30	30	
4650000	7514	959	30	30	30	30	30	30	30	30	30	30	169	30	30	30	30	30	30	30	30	30	338	30	30	30	30	30	30	30	30	30	30	30	30	30	30	30	30	30	30	30	30	30	30	30	30	30	30	30	30	30	30	30	30	30	30	30	30	30	30	30	30	30	30	30	30	30	
4700000	7574	989	30	30	30	30	30	30	30	30	30	30	169	30	30	30	30	30	30	30	30	30	30	30	30	30	30	30	30	30	30	30	30	30	338	30	30	30	30	30	30	30	30	30	30	30	30	30	30	30	30	30	30	30	30	30	30	30	30	30	30	30	30	30	30	
4750000	8413	30	30	30	30	30	30	30	30	30	30	30	30	30	169	30	30	30	30	30	30	30	30	30	30	30	30	30	30	30	30	30	30	30	30	30	30	30	30	30	338	30	30	30	30	30	30	30	30	30	30	30	30	30	30	30	30	30	30	30	30	30	30	30	30	30	30	30	30	
4800000	7544	1267	30	30	30	30	30	30	30	30	30	30	30	30	30	169	30	30	30	30	30	30	30	30	30	30	30	30	30	30	30	30	30	30	30	30	30	30	30	30	30	30	30	30	30	30	30	30	30	30	30	30	30	30	30	30	30	30	30	30	30	30	30	30	30	30	30	
4850000	7484	30	30	30	30	30	989	30	30	30	30	30	30	30	30	169	30	30	30	30	30	30	30	30	30	30	30	338	30	30	30	30	30	30	30	30	30	30	30	30	30	30	30	30	30	30	30	30	30	30	30	30	30	30	30	30	30	30	30	30	30	30	30	30	30	30	30	30	
4900000	8781	30	30	30	30	30	30	30	30	30	169	30	30	30	30	30	30	30	30	30	30	30	30	30	30	30	30	30	30	30	30	30	30	30	30	30	30	30	30	30	30	30	30	30	30	30	30	30	30	30	30	30	30	30	30	30	30	30	30	30	30	30	30	30	30	30	30	
4950000	7484	30	30	30	30	30	989	30	30	30	30	30	30	30	30	30	169	30	30	30	30	30	30	30	30	30	30	30	30	30	30	30	30	30	30	30	30	30	308	30	30	30	30	30	30	30	30	30	30	30	30	30	30	30	30	30	30	30	30	30	30	30	30	30	30	30	30	30	30	
5000000	7484	959	30	30	30	30	30	30	30	30	30	30	169	30	30	30	30	30	30	30	30	30	30	30	30	30	338	30	30	30	30	30	30	30	30	30	30	30	30	30	30	30	30	30	30	30	30	30	30	30	30	30	30	30	30	30	30	30	30	30	30	30	30	30	30	30	30	30	30	
5050000	7544	30	30	30	989	30	30	30	169	30	30	30	30	30	30	30	30	30	30	30	30	30	30	338	30	30	30	30	30	30	30	30	30	30	30	30	30	30	30	30	30	30	30	30	30	30	30	30	30	30	30	30	30	30	30	30	30	30	30	30	30	30	30	30	30	30	
5100000	7454	30	30	30	30	30	30	169	30	30	30	1327	30	30	30	30	30	30	30	30	30	30	30	30	30	30	30	30	30	30	30	30	30	30	30	30	30	30	30	30	30	30	30	30	30	30	30	30	30	30	30	30	30	30	30	30	30	30	30	30	30	30	30	30	30	30	30	30	
5150000	7454	30	30	30	30	30	959	30	30	30	30	30	169	30	30	30	30	30	30	30	30	30	30	30	30	30	30	30	30	30	30	30	30	30	30	30	338	30	30	30	30	30	30	30	30	30	30	30	30	30	30	30	30	30	30	30	30	30	30	30	30	30	30	30	30	30	30	30	30	30	
5200000	7514	30	30	959	30	30	30	169	30	30	30	30	30	30	30	30	30	30	30	30	30	30	30	30	30	30	30	30	30	30	30	30	30	30	30	30	338	30	30	30	30	30	30	30	30	30	30	30	30	30	30	30	30	30	30	30	30	30	30	30	30	30	30	30	30	30	30	30	
5250000	7315	30	30	30	169	30	169	30	30	30	30	30	30	30	30	30	989	30	30	30	30	30	30	30	30	30	30	30	30	30	30	30	30	30	30	30	30	30	30	30	30	30	30	30	30	30	30	30	30	30	30	338	30	30	30	30	30	30	30	30	30	30	30	30	30	30	30	30	30	
5300000	7364	30	30	30	30	30	169	1297	30	30	30	30	30	30	30	30	30	30	30	30	30	30	30	30	30	30	30	30	30	30	30	30	30	30	30	30	30	30	30	30	30	30	30	30	30	30	30	30	30	30	30	30	30	30	30	30	30	30	30	30	30	30	30	30	30	30	30	30	30	30	30	30	
5350000	30	7424	30	169	30	30	30	30	30	929	30	30	30	30	30	30	30	30	30	30	30	30	30	30	30	30	30	30	30	30	30	30	30	30	30	30	30	30	30	30	30	30	30	30	30	30	30	30	30	30	308	30	30	30	30	30	30	30	30	30	30	30	30	30	30	30	30	30	30	30	30	30	30	
5400000	7394	30	169	30	30	30	30	30	30	30	30	30	30	1327	30	30	30	30	30	30	30	30	30	30	30	30	30	30	30	30	30	30	30	30	30	30	30	30	30	30	30	30	30	30	30	30	30	30	30	30	30	30	30	30	30	30	30	30	30	30	30	30	30	30	30	30	30	30	30	30	
5450000	8533	30	169	30	30	30	30	30	30	30	30	30	30	30	30	30	30	30	30	30	30	30	30	30	30	30	30	30	30	30	30	30	30	30	30	30	30	30	30	30	338	30	30	30	30	30	30	30	30	30	30	30	30	30	30	30	30	30	30	30	30	30	30	30	30	
5500000	7394	30	30	30	169	30	30	30	30	959	30	30	30	30	30	30	30	30	30	30	30	30	30	30	30	30	30	30	30	30	30	30	30	30	30	30	30	30	30	30	30	30	30	30	30	338	30	30	30	30	30	30	30	30	30	30	30	30	30	30	30	30	30	30	30	30	30	30	30	30	30	30	
5550000	8473	30	30	199	30	30	30	30	30	30	30	30	30	30	30	30	30	30	30	30	30	30	30	30	30	30	30	30	30	30	30	338	30	30	30	30	30	30	30	30	30	30	30	30	30	30	30	30	30	30	30	30	30	30	30	30	30	30	30	30	30	30	30	30	30	30	
5600000	7484	30	30	199	30	30	30	30	30	30	959	30	30	30	30	30	30	30	30	30	30	30	30	30	30	30	30	30	30	30	30	30	30	308	30	30	30	30	30	30	30	30	30	30	30	30	30	30	30	30	30	30	30	30	30	30	30	30	30	30	30	30	30	30	30	30	30	30	30	
5650000	7454	30	199	30	929	30	30	30	30	30	30	30	30	30	30	30	30	30	30	30	30	30	30	30	30	30	30	30	30	30	30	30	30	30	30	30	30	30	30	30	30	30	30	30	30	30	30	30	30	30	30	308	30	30	30	30	30	30	30	30	30	30	30	30	30	30	30	30	30	30	30	
5700000	7424	30	169	30	30	30	30	30	959	30	30	30	30	30	30	30	30	30	30	30	30	30	30	30	30	30	30	30	30	30	30	30	30	30	30	30	30	30	30	30	30	30	30	30	30	308	30	30	30	30	30	30	30	30	30	30	30	30	30	30	30	30	30	30	30	30	30	30	30	30	30	30	
5750000	7484	199	30	30	30	30	989	30	30	30	30	30	30	30	30	30	30	30	30	30	30	30	30	30	30	30	30	30	30	30	30	30	30	30	338	30	30	30	30	30	30	30	30	30	30	30	30	30	30	30	30	30	30	30	30	30	30	30	30	30	30	30	30	30	30	30	30	
5800000	7454	199	30	30	30	989	30	30	30	30	30	30	30	30	30	30	30	30	30	30	30	30	30	30	30	30	30	30	30	30	30	30	30	30	30	30	30	30	30	30	30	338	30	30	30	30	30	30	30	30	30	30	30	30	30	30	30	30	30	30	30	30	30	30	30	30	30	30	
5850000	8443	199	30	30	30	30	30	30	30	30	30	30	30	30	30	30	30	30	30	30	30	30	30	30	30	30	30	30	30	30	30	30	30	30	30	30	30	30	30	30	30	30	30	338	30	30	30	30	30	30	30	30	30	30	30	30	30	30	30	30	30	30	30	30	30	30	30	
5900000	8473	30	30	199	30	30	30	30	30	30	30	30	30	30	30	30	30	30	30	30	30	30	30	30	30	30	30	30	338	30	30	30	30	30	30	30	30	30	30	30	30	30	30	30	30	30	30	30	30	30	30	30	30	30	30	30	30	30	30	30	30	30	30	30	30	30	
5950000	7454	30	30	989	30	30	30	30	30	30	199	30	30	30	30	30	30	30	30	30	30	30	30	30	30	30	30	30	30	30	30	308	30	30	30	30	30	30	30	30	30	30	30	30	30	30	30	30	30	30	30	30	30	30	30	30	30	30	30	30	30	30	30	30	30	30	30	30	30	
6000000	7315	30	30	30	989	169	30	30	30	30	30	30	30	30	30	30	30	30	199	30	30	30	30	30	30	30	30	30	30	30	30	30	338	30	30	30	30	30	30	30	30	30	30	30	30	30	30	30	30	30	30	30	30	30	30	30	30	30	30	30	30	30	30	30	30	30	30	30	
6050000	7484	30	929	30	30	30	30	30	30	30	199	30	30	30	30	30	30	30	30	30	30	30	30	30	30	338	30	30	30	30	30	30	30	30	30	30	30	30	30	30	30	30	30	30	30	30	30	30	30	30	30	30	30	30	30	30	30	30	30	30	30	30	30	30	30	30	30	30	30	
6100000	