10.000000 2.212437 1.844156 3.458743 2.608576
20.000000 0.576846 0.460327 0.385532 0.749484
30.000000 0.419533 0.297833 0.209187 0.717937
40.000000 0.349097 0.106528 0.081586 0.372023
50.000000 0.232488 0.090333 -0.008999 0.410574
60.000000 0.249528 0.092393 0.094159 0.441992
70.000000 0.209871 0.136840 0.164161 0.383698
80.000000 0.183707 0.284045 0.299108 0.403494
90.000000 0.169754 0.173033 0.334987 0.374170
100.000000 0.208354 0.146411 0.142987 0.245420
110.000000 0.160620 0.062060 0.294525 0.130838
120.000000 0.040306 0.046290 0.234359 0.241652
130.000000 0.138987 -0.006063 0.179389 0.383675
140.000000 0.214676 0.049632 0.120089 0.297695
150.000000 0.151298 0.156169 0.110763 0.236659
160.000000 0.138749 0.100888 0.061025 0.237283
170.000000 0.187500 0.191314 0.104646 0.236697
180.000000 0.125983 0.241502 0.062703 0.249924
190.000000 0.058243 0.140144 0.060394 0.207110
200.000000 0.048252 0.116531 0.024446 0.174165
210.000000 0.022563 0.082759 0.048569 0.104497
220.000000 0.171392 0.064945 0.123981 0.014242
230.000000 0.087723 0.110712 0.076778 0.353441
240.000000 0.019014 0.164066 0.045684 0.253754
250.000000 0.116925 0.053245 0.037717 0.197993
260.000000 0.066935 0.085530 0.067814 0.182274
270.000000 0.067511 0.098768 0.123572 0.227650
280.000000 0.008064 0.079794 0.196681 0.128420
290.000000 0.081500 0.122057 0.152318 0.216010
300.000000 0.128603 0.105845 0.125036 0.031078
310.000000 0.141656 0.128188 0.099578 0.049327
320.000000 0.093073 0.096461 0.066063 0.075343
330.000000 0.086887 0.065652 0.020833 0.140070
340.000000 0.222198 0.066459 0.058152 0.186216
350.000000 -0.078179 0.132660 0.125472 0.105153
360.000000 -0.024434 0.174650 0.042948 0.133156
370.000000 0.005249 0.154203 0.051167 0.130434
380.000000 0.029979 0.122910 0.183330 0.103039
390.000000 0.026782 0.055967 0.035919 0.131927
400.000000 -0.002960 0.027204 0.012139 0.036630
410.000000 0.071666 0.066221 -0.043628 0.062335
420.000000 0.085183 0.076094 0.061974 0.242268
430.000000 0.150224 0.163184 0.128645 0.108149
440.000000 0.016679 0.049115 0.004079 0.136952
450.000000 0.160085 0.026958 0.065813 0.134613
460.000000 -0.009653 0.122422 0.074569 0.105377
470.000000 -0.034231 0.064493 0.068562 0.028876
480.000000 0.134489 0.038751 0.063494 0.077221
490.000000 0.134761 0.019412 0.014480 0.122834
500.000000 0.015009 0.060740 0.061688 0.079787
510.000000 -0.003349 0.087289 0.069546 0.070152
550.000000 0.042219 0.104537 0.066712 0.070351
600.000000 0.017291 0.010228 0.049263 0.112854
650.000000 0.051675 0.094457 0.033932 0.023501
700.000000 0.097634 0.059264 0.105667 0.067591
750.000000 0.073841 0.068914 0.032531 -0.015204
800.000000 0.076528 0.051517 0.036214 0.048010
850.000000 0.018324 0.069539 0.032069 -0.039819
900.000000 -0.017676 0.073175 0.050322 -0.017135
950.000000 0.021439 0.088414 0.062580 -0.006245
1000.000000 0.020225 0.105533 0.024318 0.025504
1050.000000 0.023110 -0.012225 0.070255 0.015137
1100.000000 -0.012669 0.002102 0.011058 0.009701
1150.000000 0.036165 0.053816 0.051609 0.005484
1200.000000 0.073393 0.035807 0.017560 0.035252
1250.000000 0.079415 0.042049 -0.023508 0.047353
1300.000000 0.052258 0.041651 0.019533 0.055099
1350.000000 0.059547 0.025575 0.052495 0.056825
1400.000000 0.088248 0.027717 0.037988 0.071416
1450.000000 0.081341 0.076405 0.021466 0.054692
1500.000000 0.077687 0.068623 0.012706 0.006988
1550.000000 0.073380 0.062035 0.101540 0.077095
1600.000000 0.082422 0.037235 0.054972 0.040576
1650.000000 0.022724 0.016917 0.028651 0.024692
1700.000000 0.019318 0.057638 0.052541 0.061688
1750.000000 0.111188 0.023182 0.037820 0.055779
1800.000000 0.017454 0.044645 0.052646 0.032218
1850.000000 0.091505 0.083305 0.049291 0.007357
1900.000000 0.044934 0.043082 -0.010830 0.040157
1950.000000 0.040869 0.088145 -0.009381 0.046548
2000.000000 0.006854 0.039589 0.080993 0.115098
2050.000000 0.040689 0.021410 -0.025784 0.059540
2100.000000 0.029230 0.066181 0.020326 0.076090
2150.000000 0.085474 0.043706 0.092268 0.111552
2200.000000 -0.029666 0.059264 0.050471 0.118067
2250.000000 0.018202 0.046178 0.027060 0.029477
2300.000000 0.000430 0.049506 -0.021002 0.112384
2350.000000 0.066361 -0.007333 0.036594 0.069449
2400.000000 0.032796 -0.004896 0.038518 -0.021910
2450.000000 0.046870 0.016083 -0.034983 0.001845
2500.000000 -0.019360 0.027777 0.042994 -0.007447
2550.000000 0.014579 0.002676 -0.003398 0.037647
2600.000000 0.052617 0.039579 0.037209 0.043892
2650.000000 -0.021038 0.078930 0.053485 0.050064
2700.000000 0.038642 0.123608 0.004654 0.039174
2750.000000 0.045613 0.016914 -0.036801 0.091427
2800.000000 0.024311 0.056963 0.015121 0.032351
2850.000000 0.023608 0.041470 0.059840 0.090468
2900.000000 0.044109 0.030856 0.048385 0.057673
2950.000000 0.001956 0.009669 0.031323 0.025449
3000.000000 0.001286 0.044063 0.031889 0.036549
3050.000000 0.075669 0.068099 0.017709 0.012167
3100.000000 0.028688 0.030165 -0.026052 0.060635
3150.000000 0.062391 -0.017104 -0.028413 0.026119
3200.000000 0.134328 0.002710 0.004301 0.067683
3250.000000 0.069712 -0.008418 0.005113 0.016301
3300.000000 0.037443 0.016424 0.054739 -0.003499
3350.000000 0.028127 0.015377 0.012792 -0.030887
3400.000000 0.002322 0.075620 0.033111 0.008679
3450.000000 0.052697 0.059420 0.057100 -0.013567
3500.000000 0.032462 0.016596 -0.000864 0.050506
3550.000000 0.062366 -0.015846 0.037965 0.018883
3600.000000 0.049698 0.031633 0.061462 0.097771
3650.000000 -0.007051 0.132539 0.019149 0.086378
3700.000000 -0.000424 0.080600 0.024587 0.044652
3750.000000 0.019074 0.074697 0.033295 0.049684
3800.000000 0.024253 0.027582 0.062174 0.028346
3850.000000 0.017958 0.044883 0.039551 0.017223
3900.000000 0.071883 0.014021 0.013346 0.067860
3950.000000 0.053058 0.056575 -0.057600 -0.019515
4000.000000 0.006076 0.016855 0.024932 0.024720
4050.000000 0.023361 0.083927 0.063640 -0.048948
4100.000000 -0.026284 0.082836 0.070290 0.003370
4150.000000 0.076987 0.021343 0.032279 -0.034564
4200.000000 0.027801 0.010958 0.001331 0.041866
4250.000000 0.024946 0.024000 0.070940 0.038858
4300.000000 0.008673 -0.019336 0.035770 0.013235
4350.000000 0.025677 0.038433 0.021343 0.010435
4400.000000 0.056632 -0.042077 0.068967 0.035205
4450.000000 0.027729 0.024394 -0.048217 -0.042334
4500.000000 -0.002942 0.025824 0.026462 -0.045565
4550.000000 0.051227 0.028626 0.048165 -0.023997
4600.000000 0.026877 0.099446 0.019606 0.069614
4650.000000 0.025436 0.043815 0.032805 0.078685
4700.000000 0.051644 0.017534 0.007379 0.029610
4750.000000 0.057963 0.056607 -0.003738 0.026110
4800.000000 -0.005688 0.027239 0.030880 0.011695
4850.000000 0.019472 -0.080826 0.092706 -0.025872
4900.000000 0.033329 0.037777 0.045354 0.014301
4950.000000 0.068942 0.018144 0.008975 0.075986
5000.000000 0.077444 0.051585 0.028753 0.055101
5050.000000 0.019522 0.037876 0.046052 -0.000369
5100.000000 0.006020 0.020576 -0.036522 0.065337
5150.000000 0.027302 0.068957 0.036458 0.023020
5200.000000 0.003686 0.075419 0.032193 0.069602
5250.000000 0.028709 0.071195 0.019351 0.072759
5300.000000 -0.027722 0.040041 -0.019008 0.089175
5350.000000 0.004750 -0.035140 0.033683 0.000815
5400.000000 0.065907 0.039711 -0.007691 0.049151
5450.000000 0.054531 0.056279 0.020400 -0.028767
5500.000000 0.046997 0.046019 0.038473 -0.000989
5550.000000 0.053954 -0.018198 0.033395 0.048175
5600.000000 0.045128 0.016333 0.073943 0.002219
5650.000000 0.027833 0.018206 0.029547 0.019084
5700.000000 0.028549 0.041307 0.030104 0.042135
5750.000000 0.006387 0.007419 0.048417 0.009257
5800.000000 0.004895 -0.000821 -0.073087 -0.010741
5850.000000 -0.008120 0.039830 -0.056973 0.054227
5900.000000 -0.001002 0.000466 0.066857 0.050176
5950.000000 -0.004578 0.010890 0.057072 0.045176
6000.000000 0.049756 0.042280 0.068412 0.004120
6050.000000 0.032854 -0.001562 0.040874 0.021822
6100.000000 0.005412 0.032009 0.010863 0.074219
6150.000000 -0.002818 0.012155 0.003458 0.078570
6200.000000 0.005562 0.031702 0.047553 -0.027342
6250.000000 -0.024934 0.012623 0.039999 -0.004731
6300.000000 -0.001528 0.000231 0.039421 0.030427
6350.000000 0.044936 0.039632 0.006628 0.058181
6400.000000 -0.036827 0.030770 0.047155 0.018235
6450.000000 0.045319 -0.008354 -0.038002 0.048877
6500.000000 -0.029367 0.024542 -0.007242 0.087365
6550.000000 0.010875 -0.055926 -0.005318 0.081515
6600.000000 0.031795 -0.055752 0.081697 0.023588
6650.000000 0.011628 -0.012745 0.071654 0.056662
6700.000000 0.081894 0.025527 0.069577 0.029007
6750.000000 0.027423 -0.015556 0.006149 0.072313
6800.000000 0.023196 0.063534 0.017145 0.044005
6850.000000 -0.004180 -0.000742 0.010147 -0.011183
6900.000000 0.040431 -0.048021 0.053556 -0.022263
6950.000000 0.037640 -0.021615 -0.000673 0.064680
7000.000000 0.034551 0.038395 0.071475 -0.028605
7050.000000 0.008037 0.074293 0.000665 0.015440
7100.000000 0.021397 -0.003650 0.049465 0.052501
7150.000000 0.055733 -0.038579 0.020204 0.032850
7200.000000 0.018482 -0.020691 0.014591 0.045099
7250.000000 0.051190 0.069437 0.018470 0.002445
7300.000000 0.034212 0.019119 -0.036245 0.037245
7350.000000 0.072505 -0.026229 0.018080 0.009409
7400.000000 0.054435 0.072215 -0.001491 0.002626
7450.000000 0.002200 0.050634 0.043261 0.019213
7500.000000 0.019669 -0.015236 0.026369 -0.104169
7550.000000 -0.007781 -0.028129 0.013137 0.038626
7600.000000 0.030503 -0.041084 -0.011785 0.064457
7650.000000 -0.001623 -0.018818 0.008342 0.018654
7700.000000 0.009587 0.015498 0.036450 0.008271
7750.000000 0.033896 0.027946 0.064811 -0.010709
7800.000000 -0.005734 0.012934 0.043126 0.041857
7850.000000 0.065763 -0.056500 0.048551 0.029927
7900.000000 0.055036 -0.007851 0.003064 0.007033
7950.000000 0.042375 0.042285 -0.014549 0.004431
8000.000000 0.056985 0.044620 0.059973 0.005541
8050.000000 -0.023368 0.002081 -0.028019 0.010089
8100.000000 0.003125 0.051985 -0.001956 0.011457
8150.000000 -0.035141 0.032323 0.050957 0.067143
8200.000000 0.074358 -0.020126 0.008901 0.082025
8250.000000 0.041619 0.021982 -0.014180 -0.013722
8300.000000 0.070970 -0.027497 0.030356 0.029796
8350.000000 -0.003731 0.038693 -0.001957 0.033343
8400.000000 0.011440 0.037310 -0.023063 -0.019740
8450.000000 0.048933 0.076832 -0.005344 -0.054699
8500.000000 0.057887 0.018503 -0.029911 -0.069812
8550.000000 -0.000291 0.000451 0.032103 0.017690
8600.000000 0.017332 0.003188 0.038833 -0.031205
8650.000000 0.019636 -0.027215 0.026556 -0.017478
8700.000000 0.006596 0.015384 0.033870 0.017190
8750.000000 -0.027948 0.070768 0.001941 0.050277
8800.000000 -0.004093 0.049948 0.063691 0.110285
8850.000000 0.069106 0.053406 0.005529 0.076158
8900.000000 0.035941 0.062974 0.044147 0.076065
8950.000000 0.037766 0.007826 0.045846 -0.027220
9000.000000 0.026614 -0.016715 -0.004069 0.044871
9050.000000 0.031193 0.008785 0.018364 0.073888
9100.000000 0.042557 -0.018467 0.017234 0.033406
9150.000000 0.024729 0.039572 0.028038 0.058862
9200.000000 0.038056 0.018146 0.004606 0.006300
9250.000000 0.017549 0.044131 -0.063694 0.040753
9300.000000 -0.023191 0.072280 0.013365 0.029615
9350.000000 -0.013544 -0.005984 0.000484 0.021505
9400.000000 -0.024838 -0.014917 -0.026953 -0.014078
9450.000000 -0.020149 -0.003252 0.024284 -0.008851
9500.000000 -0.009789 -0.055592 -0.021819 -0.028541
9550.000000 -0.007672 0.034422 0.037672 -0.000979
9600.000000 -0.020139 -0.041967 -0.031293 0.017348
9650.000000 0.006696 -0.062744 -0.011341 0.013926
9700.000000 0.014550 -0.046326 0.004469 0.058788
9750.000000 0.028831 -0.009891 -0.008719 0.031644
9800.000000 0.022900 0.048809 -0.024838 0.023110
9850.000000 -0.002804 0.011674 0.013005 0.058193
9900.000000 0.016831 0.042595 0.044452 0.035271
9950.000000 -0.003512 0.042716 0.041319 0.063156
10000.000000 0.033932 0.011237 0.033333 0.015366
10090.000000 0.030981 -0.004621 0.049886 0.082759
10240.000000 0.012635 0.023503 0.020370 -0.003492
10390.000000 0.021446 -0.001784 -0.000882 0.004546
10540.000000 0.024322 0.012388 -0.003910 -0.033538
10690.000000 0.022452 -0.009003 -0.010647 -0.000236
10840.000000 0.018244 -0.034290 0.003185 0.015453
10990.000000 0.044513 -0.004907 0.060976 0.003435
11140.000000 0.007099 -0.004047 0.004950 0.042367
11290.000000 -0.002994 -0.006238 0.027325 0.069510
11440.000000 0.040391 -0.005208 0.022525 0.013302
11590.000000 0.009092 -0.069286 0.054716 0.006569
11740.000000 0.009607 0.029822 0.024420 0.019107
11890.000000 0.001637 -0.002679 0.037889 0.046285
12040.000000 0.036227 -0.000364 0.028850 0.023567
12190.000000 -0.008128 0.013473 0.018764 0.014992
12340.000000 0.002868 -0.010288 -0.009814 0.027315
12490.000000 0.004310 0.029334 0.024687 0.024314
12640.000000 0.030143 -0.002127 0.019148 0.051498
12790.000000 -0.004175 0.008513 0.034811 -0.011066
12940.000000 0.008753 -0.001744 -0.025763 -0.017876
13090.000000 0.040077 0.002847 0.017475 0.031035
13240.000000 -0.007024 0.040828 0.020536 0.002491
13390.000000 0.021955 -0.012487 0.034361 0.009323
13540.000000 -0.013147 0.016087 0.025093 0.038143
13690.000000 0.013602 0.019310 -0.020065 0.024694
13840.000000 0.013396 -0.015838 0.010246 0.009187
13990.000000 -0.015048 0.011173 0.011039 0.002163
14140.000000 -0.003279 -0.003177 0.074665 0.021197
14290.000000 0.005374 -0.000073 0.039888 0.049579
14440.000000 0.033161 -0.021499 -0.012680 0.031549
14590.000000 0.064567 0.004164 0.018377 -0.020601
14740.000000 0.024399 0.007946 -0.016550 0.019476
14890.000000 0.017044 -0.010864 0.031525 -0.042078
15040.000000 -0.016151 -0.024162 0.010784 -0.000687
15190.000000 0.029789 -0.003281 0.004303 -0.009058
15340.000000 0.019624 0.025128 0.000043 0.002126
15490.000000 0.003030 0.008589 0.006855 0.005908
15640.000000 0.014637 0.019879 0.021886 0.036145
15790.000000 0.047812 -0.000617 -0.011849 -0.005548
15940.000000 0.006701 -0.018210 0.056151 -0.003619
16090.000000 0.008207 0.031446 0.007158 0.020686
16240.000000 0.043999 0.059811 -0.024147 0.052785
16390.000000 0.016419 0.045749 0.027869 -0.007634
16540.000000 0.020986 0.015727 0.045451 -0.020977
16690.000000 -0.020079 0.002845 -0.031203 -0.000545
16840.000000 0.015021 0.026588 0.013921 0.021865
16990.000000 -0.034972 0.039877 0.009706 0.077053
17140.000000 0.042376 0.053864 0.014836 0.050643
17290.000000 -0.006758 0.004224 0.049050 -0.005656
17440.000000 -0.009050 -0.007486 0.017598 0.037769
17590.000000 0.034481 -0.026635 0.030444 0.022407
17740.000000 0.026546 -0.009721 0.031516 -0.021936
17890.000000 0.007581 -0.007585 0.008988 0.033928
18040.000000 -0.006098 -0.019726 -0.012033 0.045431
18190.000000 0.033894 0.014839 0.023832 0.024720
18340.000000 0.004762 0.010604 0.003750 0.037687
18490.000000 0.011284 -0.009072 -0.035834 0.036658
18640.000000 0.060720 -0.002618 0.019459 0.023303
18790.000000 0.037020 -0.004174 -0.002279 -0.031480
18940.000000 -0.000496 -0.006561 0.029379 -0.017347
19090.000000 -0.005550 -0.004027 -0.031403 0.037852
19240.000000 0.035338 -0.014633 -0.011605 0.018114
19390.000000 0.001332 0.003289 0.025788 0.002173
19540.000000 0.007826 -0.001674 -0.025522 0.057141
19690.000000 0.039468 0.007832 0.044944 -0.018979
19840.000000 -0.004112 0.020933 -0.025326 -0.015975
19990.000000 0.018289 0.008151 0.002732 -0.008373
20140.000000 -0.004742 0.026057 -0.040155 0.012435
20290.000000 0.025849 -0.001858 0.028269 -0.010499
20440.000000 -0.024366 0.018385 0.002545 0.017071
20590.000000 -0.011186 0.000782 0.020791 0.025922
20740.000000 0.053994 0.019205 0.009465 0.021177
20890.000000 0.007463 0.014385 0.023240 0.036584
21040.000000 0.004143 -0.010552 0.037300 0.033440
21190.000000 -0.002181 0.002215 0.021015 -0.004379
21340.000000 0.024342 -0.026429 0.013645 0.030786
21490.000000 -0.000781 -0.034408 0.021996 0.010777
21640.000000 0.027563 0.016017 0.018972 0.018246
21790.000000 0.025066 0.039923 0.015672 0.057916
21940.000000 0.000513 0.032379 0.022746 0.016263
22090.000000 0.021704 0.032166 0.031086 0.038188
22240.000000 0.032043 0.031250 0.012770 0.060246
22390.000000 0.005033 -0.040626 0.052186 0.073265
22540.000000 0.049317 0.030856 0.007027 0.026532
22690.000000 0.037868 -0.019094 0.017577 0.006861
22840.000000 0.020030 0.020693 0.016805 0.059614
22990.000000 0.047467 0.048725 0.029615 -0.003776
23140.000000 0.016450 0.036856 0.056326 0.017535
23290.000000 0.001720 -0.031839 0.017711 0.046315
23440.000000 0.038598 0.019869 0.025207 0.031918
23590.000000 0.006108 -0.022383 -0.008500 0.016732
23740.000000 0.014960 0.029735 -0.008108 0.035166
23890.000000 -0.014028 -0.000814 0.045434 0.016723
24040.000000 -0.037850 -0.001325 0.015473 0.003817
24190.000000 -0.001128 0.018963 0.032713 0.013931
24340.000000 0.026020 0.022219 -0.005213 0.055879
24490.000000 0.024661 -0.044640 0.018141 0.022441
24640.000000 -0.038513 0.002068 0.015710 0.042700
24790.000000 0.022440 0.026283 0.024125 -0.010721
24940.000000 -0.001020 -0.000485 0.046547 -0.017725
25090.000000 0.004148 0.037268 -0.006517 0.009028
25240.000000 0.008765 0.008201 -0.002094 0.042583
25390.000000 -0.016368 0.005753 -0.003095 0.000022
25540.000000 0.023408 0.030220 -0.014178 0.038451
25690.000000 0.006576 -0.007385 -0.006815 -0.009089
25840.000000 0.014205 -0.004421 0.005849 0.025997
25990.000000 -0.032919 0.014811 -0.016020 0.045866
26140.000000 -0.008564 -0.008321 0.042140 0.062895
26290.000000 0.006087 -0.008986 0.018450 -0.006752
26440.000000 0.065403 0.003697 0.045681 0.035081
26590.000000 0.010612 0.005250 0.030503 0.023628
26740.000000 0.007912 0.043445 0.005241 0.031136
26890.000000 -0.016424 0.016026 0.020832 -0.014467
27040.000000 0.011630 -0.020444 0.023386 -0.036138
27190.000000 0.013179 -0.015133 0.021064 0.022007
27340.000000 0.030242 0.011271 -0.030651 -0.022312
27490.000000 -0.021747 0.031133 0.014289 0.014460
27640.000000 -0.025879 -0.003916 0.042820 0.004178
27790.000000 -0.017130 0.004400 0.024107 0.008469
27940.000000 -0.033680 0.011617 0.035208 0.042641
28090.000000 0.013065 0.013099 0.026033 -0.021961
28240.000000 -0.007898 0.004988 -0.009233 0.038456
28390.000000 -0.018919 0.033799 -0.007584 0.011345
28540.000000 -0.010122 0.003591 -0.029472 0.007908
28690.000000 0.027779 -0.018496 0.002525 0.056974
28840.000000 0.013001 0.019328 0.003489 0.018765
28990.000000 0.008604 -0.012012 -0.000407 -0.015419
29140.000000 0.022474 0.021721 0.030243 -0.013079
29290.000000 0.005735 0.037552 0.029474 0.015632
29440.000000 0.000525 0.006050 -0.024640 0.022795
29590.000000 0.005545 0.025974 0.007521 -0.034569
29740.000000 0.042901 0.026652 0.023421 -0.053239
29890.000000 -0.001994 0.007884 0.011769 -0.002752
30040.000000 -0.003346 -0.013974 0.017690 -0.013902
30190.000000 0.003613 0.005488 -0.004263 0.025480
30340.000000 -0.001081 -0.021312 0.020820 0.010068
30490.000000 0.001938 0.010777 -0.014485 0.043590
30640.000000 -0.000920 -0.057450 -0.026147 0.016007
30790.000000 0.044982 -0.001778 -0.002194 0.005880
30940.000000 0.039253 0.010096 0.051791 0.008025
31090.000000 0.011844 -0.013170 0.029469 0.038660
31240.000000 0.010004 0.019272 0.004349 -0.032444
31390.000000 0.014814 0.023294 0.019205 -0.006439
31540.000000 -0.015518 0.026657 -0.012341 -0.002324
31690.000000 0.010779 -0.001938 -0.017455 0.021862
31840.000000 0.008534 -0.033434 0.035555 0.005818
31990.000000 0.033641 0.040465 -0.004272 0.029327
32140.000000 0.056784 0.015228 0.004286 -0.008299
32290.000000 -0.012398 -0.016248 -0.031840 0.050686
32440.000000 -0.007819 -0.006857 0.067089 0.005998
32590.000000 0.058579 -0.000183 0.024273 0.009902
32740.000000 0.005583 0.011478 -0.011828 0.016492
32890.000000 -0.007658 0.014801 0.001126 0.020792
33040.000000 0.005659 -0.000391 0.015423 0.013901
33190.000000 -0.024337 0.018720 0.006107 -0.011755
33340.000000 0.013343 0.007527 0.020182 0.013759
33490.000000 -0.001918 0.000092 0.014009 0.000522
33640.000000 0.004225 -0.049633 0.021493 -0.030267
33790.000000 0.004177 0.011087 -0.014062 -0.017241
33940.000000 -0.005755 -0.011639 -0.000746 -0.001464
34090.000000 0.003170 0.036647 -0.021409 0.036927
34240.000000 -0.005281 0.021756 0.018850 0.050234
34390.000000 0.022483 -0.003465 -0.001465 0.030221
34540.000000 -0.001333 -0.031860 0.043559 -0.008314
34690.000000 0.001042 -0.024270 0.014064 -0.003343
34840.000000 0.027296 -0.025740 0.011528 0.079211
34990.000000 -0.027511 0.014848 -0.002173 0.000516
35140.000000 0.010542 0.003374 0.003986 0.008568
35290.000000 0.004376 0.026199 -0.013109 -0.013688
35440.000000 -0.000134 -0.011231 0.008719 0.030664
35590.000000 0.016278 0.014072 0.021135 0.022264
35740.000000 -0.021808 -0.027843 0.016217 0.030486
35890.000000 0.034250 0.002971 -0.025082 0.038491
36040.000000 0.030520 0.003080 -0.001320 0.040277
36190.000000 0.010824 -0.010935 -0.001129 -0.030342
36340.000000 -0.005134 0.020429 -0.012273 -0.000330
36490.000000 0.026588 0.030766 0.020394 -0.008350
36640.000000 0.010882 0.013027 -0.003626 0.043669
36790.000000 0.004639 0.028819 0.036208 0.017266
36940.000000 0.036739 0.016419 0.004334 -0.017971
37090.000000 0.040921 0.027161 -0.021799 0.033236
37240.000000 0.000830 -0.015701 0.000461 0.033771
37390.000000 -0.015975 0.032418 0.041983 0.039624
37540.000000 -0.011167 0.045743 0.023848 0.011264
37690.000000 0.002400 -0.011851 -0.000351 0.009174
37840.000000 0.022156 0.019265 -0.017908 0.018702
37990.000000 0.007954 0.001228 0.026715 -0.006970
38140.000000 -0.010682 0.033955 0.014701 0.039631
38290.000000 0.025642 -0.009366 -0.028541 -0.000866
38440.000000 0.024551 0.026808 -0.036999 0.027194
38590.000000 -0.016492 0.001444 0.003460 0.050540
38740.000000 0.022003 0.020308 0.031917 0.061133
38890.000000 0.009457 0.024494 0.037578 -0.024167
39040.000000 -0.022286 -0.022934 0.022753 0.021237
39190.000000 0.020596 0.000162 0.040091 -0.008561
39340.000000 0.010110 0.058796 0.000590 0.069452
39490.000000 -0.014925 0.000465 0.015450 -0.052051
39640.000000 0.036470 -0.001400 -0.049037 0.006625
39790.000000 -0.013896 0.031919 0.033226 0.038284
39940.000000 -0.000023 0.017234 0.035037 0.013544
40090.000000 -0.003708 0.006223 0.003888 0.033505
40240.000000 0.016479 0.042149 -0.005566 0.030684
40390.000000 0.022654 0.025895 0.004284 -0.018066
40540.000000 0.034929 0.015446 -0.018820 0.061232
40690.000000 -0.030219 -0.013679 0.041146 0.024099
40840.000000 -0.026524 0.040872 0.023694 -0.013551
40990.000000 0.004612 0.016615 0.041944 0.038659
41140.000000 -0.008698 0.014689 0.004808 0.028489
41290.000000 -0.016149 0.055907 -0.001504 0.019535
41440.000000 0.044643 0.024922 0.016696 0.017691
41590.000000 0.017198 0.040593 -0.007724 -0.004671
41740.000000 -0.026567 -0.000429 0.023954 0.009859
41890.000000 0.005202 0.010700 0.013305 0.030964
42040.000000 -0.016426 -0.006874 0.026624 0.029825
42190.000000 0.022578 -0.015559 -0.002019 0.060942
42340.000000 0.034500 0.033943 0.009801 0.027490
42490.000000 -0.017723 0.004205 0.018861 0.019092
42640.000000 0.014159 0.005833 0.049235 0.013270
42790.000000 0.018882 0.008138 0.004053 0.017665
42940.000000 0.025063 -0.050230 -0.020045 0.000453
43090.000000 -0.009529 0.001870 0.012474 0.026988
43240.000000 0.004836 0.006078 -0.006829 0.000970
43390.000000 0.000969 -0.020517 0.013394 -0.000205
43540.000000 -0.017215 -0.003823 0.014718 0.021025
43690.000000 0.006931 -0.005706 0.002373 0.024658
43840.000000 -0.009678 0.040724 0.012900 0.007710
43990.000000 -0.028099 -0.031107 0.025080 0.038198
44140.000000 -0.039610 -0.021070 0.026218 0.029251
44290.000000 0.003428 0.002665 0.011648 0.029643
44440.000000 -0.004850 -0.017933 0.023389 0.057214
44590.000000 0.014548 -0.037657 -0.000969 0.035368
44740.000000 -0.018545 -0.001013 0.035446 0.063691
44890.000000 -0.000030 -0.004476 0.022771 0.004014
45040.000000 0.018589 0.016352 0.013236 0.007268
45190.000000 0.016784 -0.024159 0.050782 0.012985
45340.000000 0.002915 0.023065 0.018454 0.001178
45490.000000 -0.035306 0.022703 0.003114 0.015665
45640.000000 0.021082 0.015173 0.013524 -0.031576
45790.000000 0.017538 -0.005483 -0.005872 -0.005143
45940.000000 0.011315 0.002871 0.009498 -0.000376
46090.000000 0.010267 0.022911 -0.011969 -0.032750
46240.000000 -0.014081 -0.002181 0.029899 0.016885
46390.000000 0.005967 0.045752 0.014701 0.032976
46540.000000 -0.018922 -0.006104 -0.021096 -0.023249
46690.000000 0.024308 0.022429 0.037483 0.002071
46840.000000 0.026798 0.039387 0.017182 0.021964
46990.000000 0.011379 0.034415 0.003494 0.053899
47140.000000 -0.004568 -0.010721 -0.005013 0.025098
47290.000000 -0.005173 -0.024043 0.003925 0.063220
47440.000000 0.035691 0.007944 0.020181 -0.003353
47590.000000 0.001273 0.019215 -0.009872 -0.004023
47740.000000 -0.009307 0.008199 -0.051867 0.046060
47890.000000 0.013249 0.010593 0.015149 0.039722
48040.000000 0.027034 -0.012916 -0.021086 -0.014421
48190.000000 -0.009625 -0.004427 0.015141 0.042431
48340.000000 -0.009947 0.034210 0.002303 0.058657
48490.000000 0.000063 0.016123 0.024760 0.064417
48640.000000 -0.003553 -0.016169 0.019313 0.005837
48790.000000 0.011317 0.028652 0.002067 -0.019704
48940.000000 -0.014152 -0.042557 0.009468 0.031916
49090.000000 0.013620 0.017058 0.013618 0.023903
49240.000000 -0.005000 0.000447 0.021370 -0.010730
49390.000000 -0.013795 -0.030309 0.008259 -0.028378
49540.000000 -0.019072 -0.003393 0.038389 -0.011200
49690.000000 -0.005077 0.032047 -0.010228 0.021247
49840.000000 0.028085 0.000506 0.022746 -0.011964
49990.000000 0.014554 0.021319 0.019545 0.039305
50140.000000 0.003143 0.013254 0.005093 0.015404
50290.000000 0.020923 0.037707 0.007858 -0.001502
50440.000000 -0.030989 -0.020218 0.003375 -0.025767
50590.000000 0.023998 -0.023751 0.008512 0.013671
50740.000000 0.022341 0.010209 0.036654 -0.029385
50890.000000 0.027068 -0.029632 -0.043306 0.035628
51040.000000 0.022383 0.042719 0.017487 0.003730
51190.000000 0.032782 -0.009530 0.013137 -0.047852
51340.000000 -0.030155 0.004741 -0.022830 -0.008675
51490.000000 -0.005836 -0.046597 0.008781 -0.024425
51640.000000 -0.001804 -0.015760 -0.009029 0.006453
51790.000000 -0.024534 0.022380 0.012935 -0.001460
51940.000000 -0.054835 0.016416 -0.006227 0.037155
52090.000000 0.010836 0.035210 0.014329 0.014239
52240.000000 0.031725 0.011078 -0.003081 0.037755
52390.000000 -0.001797 0.007458 -0.015557 -0.003015
52540.000000 -0.040958 -0.004687 -0.016652 0.025788
52690.000000 0.017979 0.020674 0.009875 -0.012009
52840.000000 0.024365 -0.004697 -0.028772 -0.051531
52990.000000 0.004859 0.000661 0.029375 0.002427
53140.000000 0.003888 -0.009019 -0.019383 -0.006526
53290.000000 0.009603 -0.017257 0.021759 -0.017272
53440.000000 0.016818 0.016336 0.018321 -0.021478
53590.000000 -0.014942 -0.023689 0.046852 -0.022458
53740.000000 -0.005228 0.017698 0.025335 -0.021153
53890.000000 -0.025417 0.003116 0.007558 0.013354
54040.000000 -0.015526 0.000291 0.016371 0.029178
54190.000000 0.003944 0.005612 0.020158 -0.004872
54340.000000 0.040675 0.030571 0.013625 -0.005106
54490.000000 -0.019491 0.012372 0.012764 -0.002702
54640.000000 -0.018414 -0.003853 0.027279 -0.001764
54790.000000 -0.031816 0.015368 -0.032437 0.023765
54940.000000 0.010189 0.033155 0.004340 0.028896
55090.000000 0.020552 -0.006121 0.013495 0.028019
55240.000000 0.009201 0.016782 -0.002235 0.048888
55390.000000 -0.018852 -0.015640 -0.007672 0.037436
55540.000000 -0.003805 0.015168 0.001229 0.023789
55690.000000 0.005358 0.002200 0.015808 0.041627
55840.000000 -0.000416 -0.000801 0.040173 0.026742
55990.000000 -0.009395 0.021054 0.032585 -0.011882
56140.000000 -0.007390 0.007432 0.001437 0.011682
56290.000000 -0.017898 0.024081 0.043281 0.041564
56440.000000 -0.028465 0.012846 -0.008260 0.041234
56590.000000 0.015666 -0.008472 0.023362 0.001323
56740.000000 0.063042 -0.023355 0.021747 -0.009353
56890.000000 0.007028 0.016822 -0.016635 -0.003175
57040.000000 0.040571 0.025921 -0.026524 -0.020412
57190.000000 0.032480 -0.031636 -0.018868 -0.029545
57340.000000 0.047304 -0.049965 0.010002 -0.046808
57490.000000 0.013663 -0.015885 -0.025562 -0.022179
57640.000000 0.013499 0.021099 0.014512 -0.021135
57790.000000 0.001697 0.012300 -0.008049 0.017885
57940.000000 0.010616 0.019050 -0.025326 0.017003
58090.000000 -0.014393 -0.001035 0.018423 0.021061
58240.000000 -0.002833 -0.017500 0.015624 0.057837
58390.000000 -0.046565 0.023188 -0.001108 0.039335
58540.000000 -0.006848 -0.007938 0.037992 0.011658
58690.000000 0.021044 -0.038454 0.029001 0.022752
58840.000000 0.025655 -0.010810 0.031929 0.020779
58990.000000 -0.013310 0.015452 0.004324 0.013120
59140.000000 -0.005825 0.016977 -0.023430 0.031202
59290.000000 0.014544 -0.014572 0.018348 0.011705
59440.000000 -0.007286 0.004393 0.011234 -0.018295
59590.000000 -0.000196 -0.044626 -0.013630 0.018236
59740.000000 -0.005461 0.002940 0.050109 -0.026812
59890.000000 0.015026 0.007672 0.002549 0.022946
60040.000000 -0.010181 -0.006876 0.004498 0.011726
60190.000000 -0.035433 0.014235 -0.019699 0.022639
60340.000000 0.002806 0.011094 0.018949 0.035929
60490.000000 0.003728 0.025448 0.002213 -0.037611
60640.000000 0.007747 0.002905 -0.017915 -0.020033
60790.000000 -0.008137 0.009181 0.041671 -0.006381
60940.000000 0.029416 -0.020791 0.016156 0.031308
61090.000000 0.046432 -0.002079 0.040996 0.049579
61240.000000 -0.017693 0.004243 0.010181 0.048621
61390.000000 0.013601 0.016745 0.001229 0.062642
61540.000000 0.009282 0.005104 0.044488 0.044069
61690.000000 0.003798 -0.008043 0.021830 -0.004491
61840.000000 0.019132 -0.018983 -0.013031 0.011589
61990.000000 -0.002075 0.019991 0.049210 -0.011179
62140.000000 -0.027856 -0.024914 0.004791 0.003887
62290.000000 -0.015703 0.034260 -0.000463 -0.031801
62440.000000 0.003660 0.028434 -0.005548 0.001037
62590.000000 -0.018592 -0.007942 0.032621 0.017100
62740.000000 -0.019889 0.032110 -0.002487 0.019407
62890.000000 0.013432 0.023030 0.032589 -0.001619
63040.000000 0.009557 0.010135 0.031911 0.011308
63190.000000 0.031269 -0.006150 0.016617 0.030605
63340.000000 -0.011532 0.025604 0.020480 -0.023194
63490.000000 -0.000587 0.032654 0.014033 0.007130
63640.000000 0.001088 -0.004511 0.011731 0.009721
63790.000000 0.004107 0.025229 0.008626 0.009992
63940.000000 -0.003286 0.006142 0.040440 -0.007780
64090.000000 -0.008378 -0.019836 0.005024 0.012460
64240.000000 -0.029433 0.038674 0.001771 0.029162
64390.000000 -0.022460 0.012818 0.006135 0.041171
64540.000000 -0.028932 -0.007787 0.029560 0.019265
64690.000000 0.022539 0.009239 -0.017199 -0.006048
64840.000000 -0.044140 -0.000946 0.007980 0.007581
64990.000000 0.005251 -0.027429 0.063689 0.004986
65140.000000 -0.052396 -0.013066 -0.007919 0.015203
65290.000000 -0.004624 0.022955 0.002649 0.056674
65440.000000 -0.014588 -0.010228 0.017418 0.022049
65590.000000 0.018892 0.030549 0.035971 0.011350
65740.000000 0.015996 -0.012261 0.017229 0.063141
65890.000000 0.004136 0.012189 0.023647 0.028370
66040.000000 -0.010633 0.021150 0.026673 -0.033036
66190.000000 -0.041373 0.029214 0.031573 0.025463
66340.000000 -0.008455 0.022564 0.030857 0.005655
66490.000000 0.036143 0.066747 0.030950 -0.008081
66640.000000 0.029010 0.008272 -0.008105 -0.039881
66790.000000 -0.000421 0.005557 0.015302 0.031588
66940.000000 -0.002967 -0.005348 0.037777 -0.010136
67090.000000 0.018082 -0.002907 -0.001468 -0.007750
67240.000000 -0.009210 0.001245 0.025906 0.031350
67390.000000 0.017273 -0.001416 -0.012789 0.008112
67540.000000 0.003884 -0.017009 0.004957 0.013119
67690.000000 -0.008974 -0.022952 0.018291 -0.009985
67840.000000 -0.001077 0.006597 -0.019237 0.006133
67990.000000 -0.006751 0.013515 0.052026 -0.026639
68140.000000 0.022572 0.021980 -0.009255 0.017682
68290.000000 0.016311 0.036799 -0.019994 -0.012053
68440.000000 -0.013824 -0.038186 -0.004127 -0.044599
68590.000000 0.012744 -0.023724 0.023594 -0.017401
68740.000000 -0.012529 0.047024 0.012005 0.011576
68890.000000 0.015251 0.017126 -0.007407 -0.009138
69040.000000 0.008163 -0.004506 -0.030200 0.029372
69190.000000 -0.028746 -0.027197 0.025602 -0.032931
69340.000000 -0.007472 -0.006001 -0.000936 0.043572
69490.000000 -0.020740 -0.043165 -0.020916 0.045646
69640.000000 -0.011183 -0.033569 0.014552 0.028462
69790.000000 0.011973 -0.023362 0.055879 0.019116
69940.000000 -0.005975 0.005099 0.028929 0.005622
70090.000000 -0.002182 0.019359 -0.009286 0.033489
70240.000000 0.029744 0.011538 0.050943 -0.013228
70390.000000 0.012185 0.000128 0.016119 0.024036
70540.000000 0.018034 -0.014375 -0.032643 -0.001407
70690.000000 -0.017293 -0.003677 -0.021960 0.037524
70840.000000 -0.040831 0.007061 -0.012213 0.030898
70990.000000 0.017064 0.002567 -0.011802 -0.002997
71140.000000 -0.001669 -0.008659 0.007980 0.043814
71290.000000 -0.037691 0.041776 0.044632 0.020417
71440.000000 0.011233 0.006401 -0.007548 0.007159
71590.000000 0.000498 0.012365 -0.016447 -0.019090
71740.000000 -0.018481 -0.009818 0.028229 0.042711
71890.000000 0.003477 0.011333 0.003354 0.003791
72040.000000 0.012675 0.022238 0.040853 0.027391
72190.000000 0.019796 -0.010233 0.030439 0.042736
72340.000000 -0.029819 0.019490 0.008264 -0.025482
72490.000000 -0.027640 0.008084 0.034648 0.001722
72640.000000 0.034448 0.034589 0.002532 0.033464
72790.000000 -0.003637 -0.016860 0.012211 0.013960
72940.000000 0.013656 -0.013092 0.040607 0.001933
73090.000000 0.006246 -0.037436 0.004582 0.027428
73240.000000 0.018236 0.020364 -0.006465 -0.001416
73390.000000 -0.001437 -0.009015 -0.006850 0.011413
73540.000000 -0.080501 0.014795 -0.002747 -0.006084
73690.000000 0.000217 -0.029895 -0.018020 0.014847
73840.000000 0.022775 -0.022106 0.037977 -0.001330
73990.000000 -0.004918 0.008467 0.002088 0.021570
74140.000000 -0.037726 0.027582 -0.003492 -0.007187
74290.000000 0.039660 -0.012353 0.004479 0.021174
74440.000000 0.006484 0.027283 -0.004715 -0.002404
74590.000000 -0.018720 -0.010490 0.017598 -0.006966
74740.000000 0.008217 0.007115 0.008629 -0.006457
74890.000000 0.010895 -0.010753 -0.004285 -0.011387
75040.000000 -0.011790 0.018556 0.007880 -0.017771
75190.000000 -0.017056 -0.029462 0.031140 -0.011881
75340.000000 0.038047 -0.037572 0.002592 0.026284
75490.000000 0.015602 -0.009673 -0.007955 -0.013148
75640.000000 0.015798 -0.012802 0.029420 -0.021497
75790.000000 -0.008304 -0.021704 0.023544 0.012435
75940.000000 -0.021903 0.027971 0.002257 0.020390
76090.000000 -0.003719 0.035759 0.012685 0.007501
76240.000000 -0.006960 0.008618 0.041255 0.013205
76390.000000 0.032988 -0.017952 0.022394 0.014929
76540.000000 0.036297 -0.024459 0.009157 0.030204
76690.000000 0.008592 0.010351 0.031013 0.037919
76840.000000 0.004416 0.024563 0.023183 -0.032141
76990.000000 -0.006937 0.000426 -0.009483 0.024434
77140.000000 0.013008 0.018443 -0.003987 0.032770
77290.000000 -0.043982 -0.010561 0.000699 0.016042
77440.000000 0.001304 0.006928 0.027766 0.010527
77590.000000 -0.004501 -0.025936 0.041291 0.024655
77740.000000 -0.031438 0.001202 0.005151 0.006804
77890.000000 -0.027022 0.014233 0.013858 0.035798
78040.000000 -0.005862 0.012693 0.005313 0.020237
78190.000000 0.014847 -0.007125 0.004684 0.025367
78340.000000 -0.019114 -0.002000 0.029106 -0.012752
78490.000000 0.049392 0.026060 0.006194 0.046492
78640.000000 0.015943 0.019669 0.003493 -0.038554
78790.000000 -0.040092 0.017748 0.033470 -0.029674
78940.000000 -0.011597 0.028836 0.008803 0.021459
79090.000000 0.001817 -0.003163 -0.016484 0.006459
79240.000000 0.015999 -0.000518 0.008913 0.008142
79390.000000 0.042591 -0.016227 0.020329 -0.008126
79540.000000 -0.006467 -0.029529 -0.011942 0.012690
79690.000000 0.026720 0.004271 0.011705 0.024540
79840.000000 0.013081 -0.028862 0.033641 -0.016091
79990.000000 0.014676 -0.004745 0.017283 0.022804
80140.000000 -0.008986 -0.001596 0.018263 0.016670
80290.000000 -0.000926 0.002132 0.004977 -0.014923
80440.000000 -0.001847 -0.036176 0.013026 0.018207
80590.000000 0.005001 0.001460 -0.009633 0.005258
80740.000000 -0.006188 -0.024702 0.020851 0.032408
80890.000000 -0.006238 -0.039058 -0.023805 -0.001829
81040.000000 -0.009728 -0.031712 0.017363 0.027115
81190.000000 -0.021667 -0.013005 0.000096 0.022472
81340.000000 -0.011981 0.008841 0.030919 0.031180
81490.000000 -0.007284 -0.026674 0.008740 -0.049556
81640.000000 0.004762 -0.022797 -0.002910 -0.015273
81790.000000 0.001085 -0.004006 0.025534 -0.025597
81940.000000 -0.016956 -0.021462 0.033085 0.007911
82090.000000 -0.001089 -0.011133 0.008295 0.004854
82240.000000 0.018121 0.044676 0.025665 0.019179
82390.000000 -0.016839 0.032395 -0.011518 -0.010294
82540.000000 0.002976 0.023472 0.007578 0.039669
82690.000000 0.008534 -0.018519 -0.011920 0.098038
82840.000000 0.009678 0.032188 0.000846 -0.003043
82990.000000 0.025675 0.010913 0.030790 -0.004810
83140.000000 0.003447 -0.013173 0.018097 0.040428
83290.000000 0.017297 0.003126 0.018030 0.008781
83440.000000 0.036228 0.010652 0.041374 -0.001581
83590.000000 0.000951 -0.018204 0.016714 0.008520
83740.000000 -0.004670 -0.013177 0.011032 0.002932
83890.000000 0.005286 0.022138 -0.035249 0.004828
84040.000000 0.007924 0.000808 0.007360 0.013272
84190.000000 -0.023225 0.043620 -0.007392 0.051475
84340.000000 -0.004193 -0.074917 -0.023993 -0.006634
84490.000000 -0.020124 0.001865 0.029028 -0.000386
84640.000000 -0.034427 0.034834 0.013349 -0.009387
84790.000000 -0.037921 -0.016603 0.020643 0.028344
84940.000000 0.011401 0.020704 0.008138 -0.031829
85090.000000 -0.052220 -0.028060 0.050528 0.018534
85240.000000 0.010016 0.027384 0.014529 0.023155
85390.000000 0.013524 0.009977 -0.017354 0.015225
85540.000000 0.005195 0.009625 -0.002734 0.017523
85690.000000 -0.004765 -0.001249 -0.013873 0.039889
85840.000000 0.008498 -0.003577 -0.019053 0.012974
85990.000000 -0.028731 -0.005880 -0.048868 -0.018732
86140.000000 -0.013040 0.012425 0.048974 -0.016480
86290.000000 0.023710 0.003831 0.009893 -0.005953
86440.000000 -0.013024 -0.025456 0.022769 0.018012
86590.000000 0.019128 0.002654 -0.015783 0.067960
86740.000000 -0.001296 -0.048566 0.003252 0.021661
86890.000000 0.036642 -0.000467 -0.006830 0.029218
87040.000000 -0.010327 -0.008311 0.014341 0.016057
87190.000000 -0.015485 -0.001625 0.005137 0.037305
87340.000000 0.007780 0.006528 0.015414 0.022115
87490.000000 -0.017332 0.012257 0.014322 0.026568
87640.000000 0.043957 -0.004409 0.036797 0.007826
87790.000000 0.016992 -0.024696 -0.004863 -0.003373
87940.000000 0.019200 0.003927 0.025139 -0.012921
88090.000000 -0.025650 -0.001792 0.014961 0.009849
88240.000000 0.000232 0.026067 -0.008734 -0.001225
88390.000000 0.005349 0.009371 0.013860 -0.008211
88540.000000 0.016590 -0.047411 0.053274 -0.007128
88690.000000 -0.016421 -0.009667 0.019564 0.030404
88840.000000 0.003859 0.014747 0.039854 0.016658
88990.000000 -0.014221 -0.005161 0.053153 -0.010469
89140.000000 0.007937 -0.015857 0.050272 -0.029616
89290.000000 -0.005390 0.009370 0.020313 0.020109
89440.000000 0.013375 0.010782 0.035033 0.027180
89590.000000 0.050441 -0.009043 0.021469 0.028125
89740.000000 -0.004805 0.002029 0.016944 0.023256
89890.000000 0.007850 0.009977 0.017475 0.011396
90040.000000 0.006067 -0.021321 -0.016888 0.021275
90190.000000 0.006077 0.031332 0.032147 0.001515
90340.000000 -0.006939 0.011336 0.038108 0.007910
90490.000000 0.021638 0.011101 -0.005468 -0.001188
90640.000000 0.005720 -0.025296 0.041239 0.038251
90790.000000 0.015943 0.016860 0.029440 0.045359
90940.000000 0.012374 0.016160 -0.032063 0.032965
91090.000000 -0.013616 0.027780 0.008357 0.016297
91240.000000 -0.016862 0.058002 -0.010116 -0.003496
91390.000000 -0.012208 -0.008658 0.010364 0.017740
91540.000000 -0.000402 -0.002004 0.009663 0.016778
91690.000000 0.004323 -0.027204 0.028417 0.006749
91840.000000 -0.041518 0.032185 -0.003879 -0.005105
91990.000000 0.001620 0.007486 0.002154 -0.034847
92140.000000 0.006713 0.007133 0.012312 -0.011984
92290.000000 0.020754 0.003322 0.016918 0.038955
92440.000000 0.010521 -0.002962 0.026083 -0.045884
92590.000000 0.036389 -0.002121 0.026702 0.006644
92740.000000 0.011385 0.014939 0.034095 0.020923
92890.000000 0.011117 0.000107 0.036812 -0.013969
93040.000000 0.013869 -0.001695 -0.006813 0.008516
93190.000000 0.039412 -0.011802 0.002236 -0.014884
93340.000000 0.027025 -0.032736 -0.012928 0.008210
93490.000000 -0.010980 0.019636 0.026746 -0.002963
93640.000000 0.002737 0.011577 0.093903 0.026164
93790.000000 0.028301 0.027452 0.012802 -0.017219
93940.000000 0.020492 0.017806 -0.006632 0.019352
94090.000000 -0.016928 -0.017289 0.004255 -0.016245
94240.000000 -0.013935 -0.013812 -0.026300 0.031840
94390.000000 0.035456 0.004513 -0.046482 0.009065
94540.000000 0.000813 0.010510 0.002628 0.034097
94690.000000 0.005192 -0.005587 0.039376 -0.004767
94840.000000 0.000369 -0.001389 -0.006605 -0.011712
94990.000000 0.016576 0.012892 0.029570 0.012836
95140.000000 0.031864 0.034450 0.009622 0.027034
95290.000000 0.017203 0.034904 -0.003967 0.050847
95440.000000 0.000617 0.025833 0.042044 0.050850
95590.000000 0.019897 -0.027792 -0.015164 -0.007244
95740.000000 -0.007874 -0.007996 -0.013551 -0.014787
95890.000000 -0.002296 -0.042492 0.028784 -0.017575
96040.000000 0.041433 -0.056408 -0.007519 -0.002336
96190.000000 0.005028 0.021838 -0.000906 0.017827
96340.000000 -0.002285 0.010899 -0.044773 -0.029918
96490.000000 -0.029218 0.008834 0.017981 0.020741
96640.000000 0.015883 0.009593 -0.008510 0.001264
96790.000000 0.018296 -0.025797 0.000814 -0.014243
96940.000000 -0.019648 -0.007908 -0.032906 0.004126
97090.000000 0.007140 -0.020905 0.017372 0.045094
97240.000000 0.015969 -0.006722 -0.013870 -0.004739
97390.000000 0.006908 -0.053475 0.023215 0.007393
97540.000000 0.007287 0.020612 -0.009786 -0.008648
97690.000000 -0.013572 0.023260 -0.006368 0.016443
97840.000000 -0.001293 0.019947 -0.015350 -0.005134
97990.000000 0.019544 -0.017588 -0.001303 -0.014613
98140.000000 0.015312 -0.010551 0.005676 -0.036839
98290.000000 0.002644 -0.003495 0.001189 -0.010300
98440.000000 -0.031187 -0.015099 -0.003497 -0.044896
98590.000000 -0.002410 -0.020728 -0.019585 -0.042720
98740.000000 0.002504 -0.020939 0.040747 0.014872
98890.000000 -0.009865 -0.010880 -0.013141 -0.010859
99040.000000 -0.012437 0.026668 -0.040665 -0.018175
99190.000000 0.025623 0.011604 0.019079 -0.018210
99340.000000 0.028889 -0.005840 -0.014117 0.027794
99490.000000 0.025218 0.010695 0.000268 -0.016623
99640.000000 0.012043 0.029565 -0.022889 -0.009984
99790.000000 0.036178 0.042067 0.019976 0.025886
99940.000000 0.001053 0.014170 0.020999 -0.006540
