10.000000 2.344230 2.244986 3.166139 3.099650
20.000000 0.549467 0.605875 0.422727 0.527018
30.000000 0.517019 0.371220 0.302171 0.456257
40.000000 0.356364 0.236451 0.182622 0.223330
50.000000 0.280429 0.163198 0.087775 0.132655
60.000000 0.283031 0.185451 0.128231 0.260874
70.000000 0.336176 0.180673 0.123599 0.179702
80.000000 0.280825 0.114586 0.158314 0.292082
90.000000 0.234692 0.216229 0.121779 0.252705
100.000000 0.114273 0.145929 0.307396 0.211869
110.000000 0.076683 0.207006 0.352598 0.243802
120.000000 0.102153 0.308374 0.163376 0.074807
130.000000 0.207818 0.167810 0.220083 0.117894
140.000000 0.038004 0.081430 0.131221 0.160795
150.000000 0.113394 0.150621 0.041595 0.264500
160.000000 0.176745 0.091778 0.240018 0.000625
170.000000 0.036201 0.116231 0.184900 -0.011376
180.000000 0.090767 0.150569 0.170651 0.145091
190.000000 0.046520 0.112568 -0.031971 0.090554
200.000000 0.107499 0.165556 -0.025013 0.032624
210.000000 0.027392 0.116181 0.172365 0.111184
220.000000 0.065424 0.031772 0.126639 0.028585
230.000000 0.022899 0.096880 0.157688 0.085427
240.000000 0.051203 0.054287 0.157527 0.001557
250.000000 0.093137 0.010179 0.147861 -0.023414
260.000000 0.107756 -0.037646 0.099657 0.077695
270.000000 0.181819 0.058739 0.109158 0.148012
280.000000 0.047415 0.032691 0.066131 0.065663
290.000000 0.028472 0.143033 0.084208 0.049075
300.000000 0.038903 0.039491 0.083373 0.153979
310.000000 -0.014294 0.056466 0.264199 0.108147
320.000000 0.069737 0.129673 0.148672 0.100932
330.000000 0.136406 0.055018 0.127015 0.081464
340.000000 0.147196 0.135608 0.106532 0.082603
350.000000 0.025154 0.058565 0.208550 0.047651
360.000000 0.102716 0.070454 0.111907 0.105186
370.000000 0.056462 0.040334 0.107189 0.100789
380.000000 -0.038351 0.118229 0.187665 0.011068
390.000000 0.044570 0.094329 0.076031 0.083350
400.000000 0.140077 0.066465 0.051464 0.066874
410.000000 0.170116 0.046502 0.000932 0.015625
420.000000 0.107634 0.005700 0.198531 0.079576
430.000000 0.019956 0.068317 0.041480 0.135244
440.000000 0.024076 0.113192 0.144423 0.066903
450.000000 -0.005910 0.032997 0.150940 0.176604
460.000000 0.093314 0.048106 0.111941 0.139495
470.000000 0.044414 0.019932 0.155002 -0.000742
480.000000 0.064229 0.073563 0.041750 0.063488
490.000000 0.189535 0.057099 0.138636 0.025064
500.000000 0.097118 0.155172 0.124224 0.107022
510.000000 0.088962 0.109609 0.138713 0.067909
550.000000 0.081980 0.063303 0.094325 0.120335
600.000000 0.047269 0.095058 0.077782 0.088800
650.000000 0.028044 0.071145 0.046842 0.076018
700.000000 0.057657 0.105756 0.036196 0.043101
750.000000 0.040872 0.132738 0.067812 0.112635
800.000000 0.049110 0.056752 0.049204 0.112511
850.000000 0.104028 -0.003812 0.018661 0.126431
900.000000 0.029961 0.007783 0.087282 0.047741
950.000000 0.058779 0.083761 0.098865 -0.023016
1000.000000 0.081823 0.116175 0.064957 0.074462
1050.000000 0.007206 0.015565 0.043822 0.050118
1100.000000 0.036611 0.044330 -0.011150 0.044511
1150.000000 0.041800 0.043978 0.018445 0.061140
1200.000000 0.025120 0.040673 0.035234 0.105221
1250.000000 0.069354 -0.004807 0.065697 0.110481
1300.000000 0.102841 0.040462 0.058723 0.010542
1350.000000 0.068144 0.042041 0.037520 0.051597
1400.000000 0.036108 0.105334 0.100802 0.083322
1450.000000 0.052092 0.064216 0.071758 0.089012
1500.000000 0.052411 0.055809 0.079288 0.072373
1550.000000 0.085994 0.075275 0.061062 -0.023928
1600.000000 -0.005019 0.048964 0.083543 0.059259
1650.000000 0.036967 0.112047 -0.001134 -0.005455
1700.000000 0.061630 0.031467 0.035397 0.022005
1750.000000 0.066526 0.087393 0.075573 0.039871
1800.000000 -0.005967 0.083618 0.062369 0.041069
1850.000000 0.036822 0.026312 0.002120 -0.007638
1900.000000 0.009924 0.023711 0.027139 0.016777
1950.000000 0.042573 -0.001318 0.014784 0.077995
2000.000000 0.035472 0.023106 0.082766 0.076805
2050.000000 0.030888 0.047797 0.033523 0.017668
2100.000000 0.059672 0.048218 0.035887 0.006879
2150.000000 0.034155 0.020803 0.014439 0.047686
2200.000000 0.017862 0.034865 0.014758 0.036573
2250.000000 0.013389 0.059989 0.027020 0.082666
2300.000000 0.067089 0.044993 0.085254 0.046447
2350.000000 0.036953 -0.025917 -0.033435 0.020639
2400.000000 0.043290 0.042254 -0.012952 0.045270
2450.000000 0.027957 0.058595 0.022773 0.032160
2500.000000 0.003894 -0.027234 0.024231 0.025780
2550.000000 0.070052 -0.016034 0.047620 -0.049585
2600.000000 0.045164 0.030243 0.044286 0.032012
2650.000000 0.037393 0.061488 0.067059 0.048476
2700.000000 0.102145 -0.014891 0.082214 0.016189
2750.000000 0.033459 0.005864 0.055051 0.005579
2800.000000 0.036285 -0.043870 0.060697 0.057623
2850.000000 0.025034 0.034373 0.106044 0.023051
2900.000000 0.072125 0.003670 0.034150 0.009052
2950.000000 0.090332 -0.014844 0.046138 0.040982
3000.000000 0.091866 -0.002861 -0.030612 0.021380
3050.000000 0.129991 0.015118 0.039309 0.017735
3100.000000 0.110758 0.070319 0.070713 0.013754
3150.000000 0.068128 0.017758 0.085966 0.013276
3200.000000 0.088910 0.006722 0.012849 0.011608
3250.000000 0.031767 0.020820 -0.004143 0.061314
3300.000000 0.061650 0.053144 0.086688 0.027118
3350.000000 0.006970 0.050490 0.020381 0.145324
3400.000000 0.023678 0.044592 0.069084 0.009943
3450.000000 0.030672 0.026289 0.060169 0.081727
3500.000000 0.057201 0.057905 0.080109 -0.006132
3550.000000 0.052810 0.013054 0.064965 0.021213
3600.000000 0.034482 0.049133 0.032640 0.023004
3650.000000 0.033898 0.034418 0.045092 0.021194
3700.000000 0.010909 0.020885 0.063528 0.126630
3750.000000 0.004929 0.062438 0.007354 0.026725
3800.000000 -0.007751 -0.014730 0.020832 0.035319
3850.000000 0.036194 0.001953 -0.013730 -0.000568
3900.000000 0.041189 0.065919 0.078500 0.007354
3950.000000 0.009143 -0.004396 0.028258 0.071601
4000.000000 -0.005596 -0.010952 -0.024228 0.035527
4050.000000 -0.036194 0.038004 0.021466 0.018612
4100.000000 0.045831 0.009344 0.044123 0.100261
4150.000000 0.023714 0.001684 0.031378 0.029526
4200.000000 -0.046394 0.043087 0.035965 0.049590
4250.000000 0.020481 0.053187 -0.024045 0.050531
4300.000000 -0.023268 0.026652 0.108289 0.008598
4350.000000 0.047499 0.041879 0.070823 -0.001294
4400.000000 0.044354 0.074725 0.034228 -0.033666
4450.000000 0.007442 0.097460 -0.006937 -0.017199
4500.000000 0.013955 0.016530 0.021853 -0.016504
4550.000000 0.043830 0.039490 0.003134 0.039800
4600.000000 0.026068 0.003477 0.002876 0.074259
4650.000000 -0.021946 0.048173 -0.003538 0.002987
4700.000000 0.007885 0.027024 0.076699 0.002587
4750.000000 0.002808 0.043128 -0.035499 -0.021368
4800.000000 0.019765 0.097483 0.014818 0.025272
4850.000000 0.034608 -0.012207 0.043689 0.047066
4900.000000 0.054449 0.014990 0.059833 0.005953
4950.000000 0.030882 0.080562 0.043398 -0.024213
5000.000000 0.019931 0.053681 0.038283 0.066133
5050.000000 0.037052 0.065316 0.037809 0.072559
5100.000000 0.011926 0.038730 0.040227 0.043841
5150.000000 -0.025217 -0.046195 0.052308 0.013983
5200.000000 0.008097 -0.038541 0.041688 0.079573
5250.000000 0.036067 -0.001049 0.057372 0.073875
5300.000000 -0.011123 0.029344 0.035848 -0.025952
5350.000000 -0.013079 0.033930 0.056207 0.025770
5400.000000 -0.014589 -0.003872 -0.001384 0.006374
5450.000000 0.022389 0.089688 -0.025121 0.026597
5500.000000 -0.014146 0.029910 0.007398 -0.031458
5550.000000 0.066483 -0.013714 0.011888 0.085958
5600.000000 0.041644 -0.013463 0.049948 0.037131
5650.000000 0.012839 -0.005747 -0.054755 0.024736
5700.000000 0.013694 0.023272 0.073889 0.001425
5750.000000 0.005419 -0.004406 0.041932 0.001488
5800.000000 0.049623 0.043140 0.015427 0.030528
5850.000000 0.012588 0.004528 -0.029041 -0.039961
5900.000000 -0.038627 0.049319 0.090627 0.031651
5950.000000 0.061916 0.085103 0.014955 0.055388
6000.000000 0.074507 0.066558 -0.062185 0.012803
6050.000000 0.049356 -0.035425 0.052170 -0.018011
6100.000000 0.096511 -0.005940 0.066313 0.042080
6150.000000 0.029059 -0.016210 -0.027280 0.053189
6200.000000 0.036628 0.027811 0.039164 0.043422
6250.000000 0.077192 -0.013572 0.000737 0.028510
6300.000000 0.036268 0.041451 0.007933 0.056698
6350.000000 0.027823 -0.054031 -0.036022 0.036501
6400.000000 0.046956 -0.012437 0.027074 0.035869
6450.000000 0.036896 0.069774 0.032790 -0.026176
6500.000000 0.017613 0.015663 0.016169 0.059233
6550.000000 0.015466 0.010731 0.051164 0.070896
6600.000000 0.012829 0.038897 0.014319 0.073364
6650.000000 0.033760 0.065287 0.022589 0.059716
6700.000000 -0.001898 -0.012717 0.026477 0.015466
6750.000000 0.022878 0.030370 0.059999 -0.010534
6800.000000 0.021784 0.031293 0.059056 0.031469
6850.000000 -0.002785 -0.040690 0.002570 0.058513
6900.000000 0.014417 0.020942 -0.063222 0.089140
6950.000000 -0.012103 0.041703 0.025662 0.004882
7000.000000 0.023337 0.076237 0.031957 -0.039371
7050.000000 -0.034096 -0.027778 0.056692 0.031964
7100.000000 -0.007961 0.013909 0.059648 0.058370
7150.000000 0.005875 0.004644 0.043919 0.039876
7200.000000 0.043654 -0.008015 0.010819 -0.018032
7250.000000 0.011474 0.000833 0.061881 0.039107
7300.000000 0.008121 0.006731 0.113123 0.044632
7350.000000 0.016678 0.056272 0.033315 -0.015697
7400.000000 0.025820 -0.005050 0.006788 0.074964
7450.000000 0.036247 -0.035956 0.075843 0.127971
7500.000000 0.037167 0.012395 0.094628 0.076483
7550.000000 -0.024545 0.039830 0.073505 -0.017747
7600.000000 0.012878 -0.002445 -0.024053 -0.016542
7650.000000 -0.008958 0.033635 0.027618 0.017789
7700.000000 0.040921 0.011755 -0.005185 0.032584
7750.000000 0.043228 0.038871 0.002970 0.016911
7800.000000 0.052443 0.009232 0.003308 0.017582
7850.000000 -0.001949 0.028941 0.015364 0.011756
7900.000000 0.010556 -0.006572 0.042562 -0.013292
7950.000000 0.014980 -0.004513 0.044698 -0.043616
8000.000000 0.019573 -0.004390 -0.033421 -0.003284
8050.000000 0.003389 0.037822 -0.007284 0.034286
8100.000000 0.025608 0.023113 -0.033255 0.034942
8150.000000 0.054225 0.034634 -0.028666 0.009047
8200.000000 0.065354 0.011438 -0.023370 0.087591
8250.000000 0.041435 -0.004393 0.027861 0.023036
8300.000000 0.048412 0.038233 0.016565 0.101298
8350.000000 0.019296 0.053949 0.050628 0.003133
8400.000000 0.029350 0.002371 0.045429 0.029278
8450.000000 -0.012840 -0.018651 0.038876 -0.061141
8500.000000 -0.023523 0.009487 -0.044257 0.043602
8550.000000 0.087242 0.012233 -0.021984 -0.002647
8600.000000 0.014201 0.010895 -0.013823 -0.007600
8650.000000 0.062157 0.024762 -0.059392 0.011510
8700.000000 -0.009647 -0.044774 0.062919 -0.002713
8750.000000 0.035886 -0.005245 -0.013656 0.098822
8800.000000 0.046442 -0.048883 0.021818 0.063911
8850.000000 0.065648 0.017906 -0.041643 0.052791
8900.000000 0.025778 0.061962 0.001939 -0.011542
8950.000000 0.050534 0.027615 0.045988 -0.022028
9000.000000 0.028349 -0.032025 0.016117 0.049324
9050.000000 -0.020983 0.031441 0.111274 0.036774
9100.000000 -0.010840 0.050386 0.032844 0.058865
9150.000000 0.003482 0.046746 0.006312 0.048607
9200.000000 -0.007578 0.022353 -0.020475 0.029406
9250.000000 0.025450 -0.018848 0.008648 0.077364
9300.000000 0.038368 0.049318 -0.012005 0.067281
9350.000000 0.084324 -0.024678 -0.027753 0.062539
9400.000000 0.036485 -0.014058 -0.001982 0.018781
9450.000000 -0.007219 -0.022669 0.037116 0.048188
9500.000000 0.025847 0.008076 0.037211 0.000728
9550.000000 0.017035 0.013865 0.049967 -0.048936
9600.000000 0.036224 -0.030173 0.037071 0.034476
9650.000000 0.040331 0.007992 0.037978 0.019866
9700.000000 0.024612 0.044614 0.000315 0.040378
9750.000000 0.008065 -0.054056 0.030393 0.016486
9800.000000 0.033441 -0.037470 0.049375 0.049816
9850.000000 0.037760 -0.008205 0.060296 0.037411
9900.000000 -0.006015 0.003326 0.028957 0.066680
9950.000000 0.022197 0.044386 -0.014461 0.045014
10000.000000 -0.004720 -0.024085 0.006294 0.008976
10090.000000 0.003083 -0.006000 -0.005217 0.036900
10240.000000 0.013114 0.018991 0.010570 0.021301
10390.000000 0.028567 0.016017 -0.003452 0.009319
10540.000000 0.025613 0.039704 0.027242 0.018955
10690.000000 -0.022501 -0.006760 0.013605 -0.034633
10840.000000 -0.011600 0.014661 0.026500 0.033496
10990.000000 -0.043508 -0.010124 0.018145 0.038636
11140.000000 0.014992 0.057625 0.026496 0.026173
11290.000000 0.025933 0.035317 0.016878 -0.012363
11440.000000 0.002420 0.054102 0.005101 0.009439
11590.000000 0.004313 0.012952 0.034347 0.016244
11740.000000 0.016243 -0.006624 0.038514 0.045236
11890.000000 0.017619 -0.004981 0.007775 0.013870
12040.000000 0.026434 -0.016989 0.018624 -0.021521
12190.000000 0.041076 0.024006 0.009639 0.044797
12340.000000 0.029749 0.002965 0.010934 0.007833
12490.000000 0.025632 -0.030306 0.040786 -0.000998
12640.000000 -0.004538 0.013386 -0.003690 0.009214
12790.000000 -0.009200 0.035002 0.029570 0.030289
12940.000000 0.009331 -0.013387 -0.003605 0.055222
13090.000000 0.019207 -0.000934 0.023128 -0.003343
13240.000000 0.045678 0.006101 0.000800 0.011439
13390.000000 0.024230 0.010154 -0.027852 0.039090
13540.000000 0.028506 0.023566 0.009618 0.034731
13690.000000 -0.006971 0.028895 0.017339 0.018181
13840.000000 -0.000144 0.030689 0.002483 0.015881
13990.000000 0.000684 -0.036796 0.030169 0.019351
14140.000000 0.015607 -0.012931 0.013058 0.061126
14290.000000 -0.007986 0.013919 0.043936 0.009807
14440.000000 -0.019253 -0.005280 0.003623 0.049657
14590.000000 0.017318 0.004321 0.004571 0.023984
14740.000000 0.004765 -0.014971 0.036084 -0.013000
14890.000000 0.012245 0.026106 0.037406 0.048291
15040.000000 0.007600 -0.012230 0.028555 0.014215
15190.000000 0.021535 0.031070 0.052286 0.007635
15340.000000 -0.008726 0.036925 0.013934 0.003737
15490.000000 0.026812 -0.007449 -0.017216 0.010453
15640.000000 0.029984 0.043748 0.004700 -0.016716
15790.000000 0.024535 0.010227 0.024432 -0.006835
15940.000000 0.029555 0.024496 0.056749 -0.017424
16090.000000 0.023512 0.006628 0.010160 0.023506
16240.000000 0.044241 0.043458 0.002893 0.030191
16390.000000 0.043178 0.021561 0.032523 -0.008790
16540.000000 0.014730 0.014400 0.009092 0.015523
16690.000000 0.007344 0.024905 0.013172 0.020603
16840.000000 0.019013 0.008064 0.033589 -0.018672
16990.000000 0.035661 0.019845 0.003868 0.043133
17140.000000 -0.015956 0.042904 0.023229 0.002569
17290.000000 -0.025909 0.025687 0.044636 -0.010201
17440.000000 -0.011928 0.004831 -0.003772 0.011459
17590.000000 -0.000235 0.003679 0.014387 0.001369
17740.000000 0.053332 0.040953 -0.001837 0.021098
17890.000000 0.030828 -0.005047 -0.017862 0.022885
18040.000000 -0.009288 0.050563 -0.000567 -0.008552
18190.000000 -0.064747 -0.022855 0.049493 0.023461
18340.000000 0.005901 -0.016966 0.003563 0.010392
18490.000000 -0.005194 0.008907 -0.003551 0.020401
18640.000000 0.021821 0.029043 0.041712 0.047573
18790.000000 -0.006968 0.001062 0.035258 0.039660
18940.000000 0.006781 0.002387 0.051089 0.021486
19090.000000 0.035090 0.032487 0.015507 0.000311
19240.000000 0.019888 0.005259 -0.020985 0.026644
19390.000000 0.032259 -0.004154 0.011071 0.060533
19540.000000 0.008477 0.009427 0.009560 0.039924
19690.000000 0.035818 0.026156 0.009095 -0.006358
19840.000000 0.049011 0.026664 0.037051 0.048814
19990.000000 0.032732 0.023134 0.008844 0.015806
20140.000000 0.026507 0.038899 0.022530 -0.018596
20290.000000 0.015606 0.001842 0.014732 0.019340
20440.000000 -0.011264 -0.007223 0.003509 -0.008849
20590.000000 -0.016758 -0.007373 0.021927 0.019638
20740.000000 0.011048 0.003337 0.033114 -0.010029
20890.000000 0.009911 0.023894 -0.022683 -0.017475
21040.000000 0.008550 -0.003134 0.019737 -0.014833
21190.000000 0.012310 -0.008052 -0.007031 0.014745
21340.000000 0.033224 0.039040 -0.015346 0.001210
21490.000000 0.036108 0.002030 -0.003541 0.036608
21640.000000 0.043827 0.033617 0.051163 0.014522
21790.000000 -0.032226 0.043419 0.007733 0.042257
21940.000000 0.008339 -0.000008 0.006747 0.044915
22090.000000 0.012166 0.035566 0.035550 0.001208
22240.000000 0.042501 -0.011778 0.011224 -0.002845
22390.000000 -0.002851 0.001415 -0.013631 0.030341
22540.000000 0.002327 0.037494 -0.010103 0.008016
22690.000000 -0.009306 0.027320 0.020024 0.007217
22840.000000 -0.027875 0.050852 0.006648 -0.005826
22990.000000 -0.021835 0.012383 0.029879 0.004760
23140.000000 0.011288 0.013789 0.007583 0.013726
23290.000000 -0.007070 -0.000113 0.008901 0.051608
23440.000000 -0.036704 -0.029341 -0.008015 0.035953
23590.000000 0.029372 0.017054 -0.007762 -0.006934
23740.000000 0.044100 0.003238 0.028831 0.006910
23890.000000 0.007009 0.019543 -0.020769 -0.011621
24040.000000 0.012053 0.044448 0.015683 0.007646
24190.000000 0.034810 -0.015864 0.003360 0.013898
24340.000000 -0.002737 0.017616 0.032829 0.044007
24490.000000 -0.022012 0.005159 0.005267 -0.010952
24640.000000 -0.017852 -0.014269 -0.014460 -0.019841
24790.000000 0.017551 -0.004943 -0.010797 0.026261
24940.000000 0.023534 -0.010763 0.038648 0.059687
25090.000000 0.034571 0.024082 -0.005758 -0.007084
25240.000000 -0.033329 -0.022310 0.041787 -0.063716
25390.000000 -0.003903 -0.009864 0.025100 0.054149
25540.000000 0.026083 -0.006582 0.055340 0.063242
25690.000000 -0.010436 0.019835 0.000587 0.026608
25840.000000 -0.010454 -0.014736 -0.055044 0.028197
25990.000000 0.000782 0.009236 -0.005560 -0.006209
26140.000000 -0.000295 0.018831 0.014221 0.048933
26290.000000 0.017054 0.013066 0.063535 0.017416
26440.000000 0.007623 -0.028998 -0.001229 0.042705
26590.000000 -0.013351 -0.013440 0.063424 0.037030
26740.000000 0.025709 0.026933 0.003243 0.018393
26890.000000 0.000758 0.012590 -0.000663 -0.010193
27040.000000 -0.022537 0.013477 0.001440 -0.004391
27190.000000 0.023574 0.021754 0.015870 -0.010673
27340.000000 -0.032708 0.009536 0.004055 -0.011264
27490.000000 -0.021345 -0.024865 0.011630 0.018686
27640.000000 0.039571 -0.003782 0.000352 0.025079
27790.000000 -0.006778 0.072518 0.021093 0.049081
27940.000000 -0.015526 0.023497 0.037071 0.022485
28090.000000 0.010251 0.019493 -0.044958 0.015944
28240.000000 0.026941 0.005566 -0.017108 -0.024399
28390.000000 0.010007 -0.006967 0.029464 0.014576
28540.000000 0.000645 0.009813 0.006546 0.023632
28690.000000 0.070513 -0.009368 0.026950 0.033852
28840.000000 -0.010244 0.041570 0.003499 0.009215
28990.000000 0.004906 0.008391 0.033607 0.000574
29140.000000 -0.000481 0.027958 -0.007095 0.037283
29290.000000 -0.019817 0.019550 0.016810 0.006672
29440.000000 0.021356 0.023019 0.003985 0.013870
29590.000000 0.003907 0.014360 0.003725 0.040823
29740.000000 0.012396 0.047119 0.045420 0.039527
29890.000000 0.022627 0.004409 0.016398 0.004833
30040.000000 0.011991 0.014985 0.010226 0.004235
30190.000000 0.020020 -0.012260 0.033363 0.028952
30340.000000 0.003059 -0.003407 -0.022756 0.002442
30490.000000 0.019515 0.011686 0.010013 0.001327
30640.000000 0.007842 0.004078 0.016766 0.001806
30790.000000 0.003252 0.009745 0.005637 -0.004444
30940.000000 0.003060 0.021155 0.029300 -0.006241
31090.000000 -0.002100 0.023602 0.029213 0.001863
31240.000000 -0.008085 0.017357 -0.016176 -0.005109
31390.000000 0.064998 -0.010333 -0.011157 0.003659
31540.000000 0.001839 0.029642 0.047110 0.031243
31690.000000 0.013197 -0.023041 0.024501 0.021361
31840.000000 0.002062 0.041645 -0.007677 -0.028559
31990.000000 -0.046329 -0.005407 0.005813 0.006888
32140.000000 0.013095 -0.026541 -0.012500 -0.010652
32290.000000 0.042691 0.016521 -0.003355 -0.014882
32440.000000 0.009679 -0.021838 -0.012861 -0.025023
32590.000000 0.016611 0.023045 0.018986 -0.046870
32740.000000 0.021852 -0.027358 0.016822 -0.003738
32890.000000 0.010239 -0.022534 0.002358 0.040400
33040.000000 -0.001285 -0.001132 -0.019150 -0.023997
33190.000000 0.020305 0.028046 0.003607 0.008490
33340.000000 0.041535 0.015582 0.010825 -0.014384
33490.000000 0.007684 0.011767 -0.000740 0.005738
33640.000000 0.008240 0.019520 0.032346 0.036467
33790.000000 0.021073 0.001451 0.043156 0.015340
33940.000000 0.022165 0.003768 0.013753 0.001754
34090.000000 0.007911 0.012223 -0.007592 -0.003736
34240.000000 -0.000043 -0.010102 -0.009461 -0.025384
34390.000000 0.020705 -0.012725 0.014811 0.024904
34540.000000 0.000218 -0.003739 0.000484 0.037344
34690.000000 0.012130 -0.001291 -0.006893 0.004270
34840.000000 0.024147 -0.014193 0.007214 0.022290
34990.000000 -0.026306 -0.010302 -0.031226 0.017196
35140.000000 0.001321 0.009654 0.007866 0.018516
35290.000000 -0.005610 0.004072 0.006071 0.019933
35440.000000 -0.017367 0.036519 0.005715 -0.027168
35590.000000 0.033641 -0.020642 -0.000591 -0.016059
35740.000000 -0.010528 -0.011003 -0.003315 0.013917
35890.000000 -0.010063 -0.006291 0.022166 0.024164
36040.000000 0.004808 -0.002430 -0.036005 -0.034319
36190.000000 0.001596 -0.002822 -0.023250 0.015229
36340.000000 0.017061 0.019809 -0.008091 0.021846
36490.000000 0.011284 0.004769 -0.017603 -0.012063
36640.000000 0.009540 -0.011800 -0.037986 -0.013333
36790.000000 0.020216 -0.014490 0.021132 0.014321
36940.000000 0.019495 0.007860 0.000257 0.020656
37090.000000 -0.001089 -0.019996 -0.014506 0.017722
37240.000000 0.023440 -0.023064 0.027496 -0.016053
37390.000000 0.003792 0.001839 0.041255 0.034599
37540.000000 -0.031180 -0.006721 0.017710 0.011921
37690.000000 -0.006251 0.026075 0.015522 -0.026071
37840.000000 0.052562 0.004848 0.005401 0.030607
37990.000000 0.050949 0.013476 -0.026795 0.001538
38140.000000 0.006522 -0.045882 0.006600 0.032588
38290.000000 0.011370 -0.007967 0.019385 0.029827
38440.000000 0.019061 0.013235 0.000923 -0.019292
38590.000000 0.045453 0.015342 0.012016 -0.001390
38740.000000 0.037063 0.034792 0.007737 0.001763
38890.000000 0.028728 0.003807 0.014251 0.015802
39040.000000 -0.018637 0.037282 -0.006951 -0.020312
39190.000000 0.037761 -0.032258 0.000529 0.039588
39340.000000 0.020203 0.021457 -0.001057 0.003101
39490.000000 -0.002707 0.034055 0.011790 -0.005178
39640.000000 0.019953 0.004501 0.007676 -0.014643
39790.000000 0.012746 -0.005946 0.004940 -0.029913
39940.000000 0.023124 0.009548 0.030554 0.010826
40090.000000 0.034350 -0.045739 0.016739 -0.010844
40240.000000 0.001543 0.004864 0.014557 -0.025706
40390.000000 -0.003077 0.030614 0.053508 0.007519
40540.000000 0.027903 -0.026850 0.014613 0.032345
40690.000000 0.009429 -0.000795 -0.045897 0.003612
40840.000000 -0.006190 -0.002745 0.007933 -0.014126
40990.000000 0.032628 -0.013008 0.045581 0.017147
41140.000000 0.010855 0.007478 0.039845 0.007393
41290.000000 0.014727 0.016684 -0.014110 -0.035669
41440.000000 0.036713 -0.005545 0.033633 0.008460
41590.000000 0.006251 0.010981 0.058141 0.034855
41740.000000 -0.009425 -0.001659 0.018700 -0.012873
41890.000000 -0.010591 0.001736 0.049423 0.015549
42040.000000 0.011595 0.032624 0.044032 0.006238
42190.000000 -0.019894 0.025332 0.000133 -0.033736
42340.000000 0.008384 0.022816 0.023746 -0.005463
42490.000000 0.020917 0.015405 0.006009 0.033702
42640.000000 0.007019 0.011796 -0.023203 0.007639
42790.000000 -0.001958 -0.007718 0.011563 0.052915
42940.000000 -0.014863 0.006568 0.013285 0.051103
43090.000000 0.020888 -0.020001 0.003970 0.054038
43240.000000 0.007063 0.031888 -0.000549 0.036706
43390.000000 0.023383 0.021527 -0.006703 0.004808
43540.000000 -0.000354 0.012785 0.023396 0.031946
43690.000000 0.010260 0.014281 0.016748 -0.000692
43840.000000 -0.021006 0.022699 -0.017808 0.025466
43990.000000 -0.010500 -0.025925 0.026753 0.007410
44140.000000 -0.024864 0.007109 0.020174 0.021416
44290.000000 0.008775 -0.013438 0.026206 0.037858
44440.000000 0.012067 0.017270 0.024081 -0.009852
44590.000000 0.011065 -0.009847 0.057936 0.023312
44740.000000 -0.008877 0.044319 0.024696 -0.010361
44890.000000 -0.019211 0.045714 -0.020413 0.007683
45040.000000 0.045269 0.031585 0.024859 -0.039217
45190.000000 -0.011222 0.022049 -0.014562 0.013682
45340.000000 0.036264 0.005878 0.039875 -0.009172
45490.000000 0.001516 0.009321 0.003708 0.019671
45640.000000 -0.009434 -0.005865 -0.012141 -0.001776
45790.000000 0.040940 -0.007489 -0.005475 -0.024363
45940.000000 -0.010863 0.003308 0.013632 0.006034
46090.000000 -0.030164 0.008726 0.039459 0.002489
46240.000000 -0.006738 -0.002600 0.001860 0.039099
46390.000000 -0.003209 0.004374 0.003359 -0.059093
46540.000000 -0.006500 0.018783 0.036986 0.025441
46690.000000 -0.013672 0.029785 0.012191 0.052171
46840.000000 -0.043724 0.023442 0.015883 -0.048067
46990.000000 0.022749 -0.003648 0.006099 0.040871
47140.000000 0.000472 0.012637 -0.004896 0.024663
47290.000000 0.022562 0.030340 -0.011677 0.014062
47440.000000 -0.011455 -0.017633 -0.004868 0.014429
47590.000000 0.012276 0.002544 -0.005062 0.009640
47740.000000 -0.011848 -0.009414 -0.027645 -0.020020
47890.000000 -0.053993 -0.036504 -0.015176 0.025353
48040.000000 0.009565 -0.017279 0.019442 -0.022770
48190.000000 0.034178 0.002150 0.001206 0.018064
48340.000000 0.006868 -0.005878 0.021165 0.016116
48490.000000 -0.008136 0.003998 0.017173 -0.019622
48640.000000 0.021018 0.008470 -0.009388 -0.011173
48790.000000 -0.018276 0.012802 -0.010256 -0.018813
48940.000000 -0.005147 0.045567 0.026847 -0.014240
49090.000000 -0.013480 0.005646 0.024781 -0.009358
49240.000000 -0.037035 -0.018330 0.050426 0.011047
49390.000000 -0.026817 -0.003312 0.039516 0.006703
49540.000000 -0.004473 0.029058 0.030307 0.026698
49690.000000 0.023790 -0.010725 -0.020408 -0.000188
49840.000000 0.025524 -0.033307 0.002271 0.059851
49990.000000 0.005951 0.003455 -0.020515 -0.021237
50140.000000 0.007864 0.016281 -0.006506 0.024493
50290.000000 0.016076 -0.047315 0.004270 0.002225
50440.000000 0.016754 0.018728 0.009507 0.008482
50590.000000 -0.006105 -0.008495 -0.009747 0.059512
50740.000000 -0.020825 0.015969 0.028595 0.013815
50890.000000 0.004786 0.025674 0.027556 0.016012
51040.000000 0.007999 0.043214 -0.030983 0.009821
51190.000000 0.043189 -0.009964 0.034059 0.032000
51340.000000 0.032035 0.029767 -0.003891 0.009975
51490.000000 0.024859 0.032975 0.008765 -0.020978
51640.000000 0.028878 -0.009683 -0.020343 -0.003380
51790.000000 -0.016348 -0.001587 -0.012887 -0.016756
51940.000000 -0.000308 0.036812 0.016554 -0.006414
52090.000000 0.004020 0.046273 -0.011395 -0.000904
52240.000000 0.008335 0.024927 -0.019887 0.013043
52390.000000 0.018538 0.043746 -0.022835 0.035763
52540.000000 -0.015508 -0.021840 -0.009789 -0.047598
52690.000000 0.007608 0.010906 -0.007820 0.004750
52840.000000 -0.000008 0.047251 0.010504 0.011088
52990.000000 0.002285 0.013990 0.012606 0.008638
53140.000000 0.026379 0.008901 0.000735 0.032978
53290.000000 -0.010810 0.000309 0.009765 -0.006954
53440.000000 -0.011611 -0.000611 -0.035911 0.006159
53590.000000 -0.015881 0.021183 -0.015825 0.017967
53740.000000 0.017440 0.013564 0.014359 0.017447
53890.000000 -0.000796 -0.005940 0.017568 0.035659
54040.000000 -0.000898 -0.042075 -0.035171 -0.015900
54190.000000 0.002675 -0.000042 0.019310 0.001023
54340.000000 0.028595 0.003707 0.020998 0.020679
54490.000000 0.032072 -0.004475 0.004523 0.016518
54640.000000 0.023006 0.014814 -0.012979 -0.003298
54790.000000 0.005229 -0.001677 -0.007994 0.032331
54940.000000 -0.011592 -0.001718 0.012474 0.032143
55090.000000 -0.027940 -0.036781 0.009228 0.008080
55240.000000 0.001374 -0.062849 0.008854 0.005906
55390.000000 0.005793 0.003833 0.022887 0.027733
55540.000000 -0.014628 -0.011260 0.024938 -0.015892
55690.000000 0.049086 0.023838 0.029833 0.067145
55840.000000 0.001320 0.020303 -0.002902 -0.020561
55990.000000 0.016866 0.018474 0.031677 -0.012067
56140.000000 0.004456 0.011519 0.011196 -0.019342
56290.000000 0.014646 -0.018577 -0.049928 -0.023071
56440.000000 -0.026125 -0.010782 -0.005765 -0.032833
56590.000000 -0.010873 -0.027955 0.031596 0.034604
56740.000000 0.025726 -0.017541 0.026695 -0.023428
56890.000000 0.010474 -0.000659 0.042065 0.009477
57040.000000 -0.020541 0.003573 -0.004310 0.015466
57190.000000 -0.005182 -0.024253 -0.004973 0.011480
57340.000000 -0.034519 -0.031564 0.044407 -0.008912
57490.000000 0.001467 -0.019179 -0.009087 0.015283
57640.000000 0.006633 -0.028099 0.040476 -0.005978
57790.000000 0.000550 -0.004311 0.018198 0.014021
57940.000000 -0.019370 0.003491 0.004355 0.039508
58090.000000 -0.001869 -0.011458 0.006564 0.019293
58240.000000 -0.026335 -0.020831 0.037629 0.001658
58390.000000 -0.017657 -0.012125 0.010040 0.011326
58540.000000 -0.013613 0.006094 -0.004736 0.004155
58690.000000 0.009131 0.007351 -0.016243 -0.010541
58840.000000 0.004030 -0.009822 0.022248 0.039139
58990.000000 0.012941 0.008886 0.030576 0.012763
59140.000000 0.008533 -0.006136 0.038605 0.032765
59290.000000 0.032418 -0.005327 0.050592 -0.001745
59440.000000 -0.052020 -0.003472 0.024951 0.025696
59590.000000 -0.005215 0.020158 -0.004963 0.023385
59740.000000 0.006701 0.008109 0.023335 -0.005788
59890.000000 -0.020559 -0.014144 -0.005663 0.019237
60040.000000 -0.002981 -0.027467 0.022904 0.004470
60190.000000 -0.021921 -0.006901 -0.023873 0.033927
60340.000000 0.001274 0.009601 0.003748 -0.028083
60490.000000 0.001368 0.021805 -0.010719 -0.029578
60640.000000 -0.016907 -0.020256 0.026424 -0.010782
60790.000000 0.027038 0.038245 0.025143 -0.003400
60940.000000 0.003607 -0.002128 0.000200 0.018549
61090.000000 0.002234 0.001757 0.042418 0.009254
61240.000000 0.032592 -0.016658 -0.037331 -0.035926
61390.000000 0.014369 0.017704 0.035705 0.039615
61540.000000 -0.024681 0.007382 0.016621 0.018104
61690.000000 -0.029817 -0.017137 0.018434 0.033464
61840.000000 -0.013369 0.028869 0.003735 0.020362
61990.000000 -0.040199 0.010946 -0.008901 0.036528
62140.000000 0.004533 0.031521 -0.013910 0.038254
62290.000000 0.042129 0.009832 0.020035 0.025413
62440.000000 0.021649 -0.012351 0.011531 0.010749
62590.000000 -0.003029 0.004292 0.022833 -0.035955
62740.000000 -0.013328 0.009358 0.031229 0.021605
62890.000000 -0.002265 -0.010165 0.008092 -0.025027
63040.000000 -0.005865 -0.001625 0.008094 -0.040594
63190.000000 -0.024411 -0.032965 -0.000242 -0.030986
63340.000000 -0.027303 0.018352 0.003276 -0.027540
63490.000000 0.001284 -0.000108 -0.019982 -0.034439
63640.000000 -0.001459 -0.009787 0.038662 0.004243
63790.000000 0.003467 -0.004493 0.009476 -0.021795
63940.000000 -0.006969 0.031115 0.030322 -0.006465
64090.000000 -0.019018 0.024177 -0.007034 0.016425
64240.000000 -0.033548 -0.011876 0.025162 -0.051136
64390.000000 0.014103 -0.003621 0.003097 -0.004396
64540.000000 -0.015605 -0.022483 -0.005263 -0.034466
64690.000000 -0.020593 -0.010626 0.030751 -0.005585
64840.000000 -0.012646 0.023471 0.018733 -0.031201
64990.000000 -0.031742 -0.016543 0.016891 -0.009171
65140.000000 -0.043128 0.003525 0.005994 -0.006013
65290.000000 -0.037932 0.006656 -0.007967 -0.003435
65440.000000 -0.010442 -0.031711 0.038243 0.019273
65590.000000 0.010817 -0.050271 -0.014835 -0.032549
65740.000000 0.009781 -0.015119 -0.017105 -0.016067
65890.000000 -0.013788 0.026050 0.002994 -0.011638
66040.000000 -0.008440 -0.020949 0.002830 0.000781
66190.000000 -0.018710 0.007741 0.021954 0.000455
66340.000000 -0.009172 0.008293 0.004103 0.016340
66490.000000 0.002378 0.025336 0.011435 0.033328
66640.000000 -0.039763 -0.013886 0.028676 0.043459
66790.000000 0.007631 0.015367 -0.005141 -0.007096
66940.000000 -0.008070 0.002338 -0.012021 0.038550
67090.000000 -0.026886 -0.018542 0.020482 0.029316
67240.000000 -0.000757 -0.047558 0.026804 -0.008427
67390.000000 0.002664 -0.004225 0.008875 0.005795
67540.000000 0.012111 0.036662 -0.006042 0.004413
67690.000000 -0.005602 0.004028 0.026124 0.010816
67840.000000 -0.022737 0.016775 -0.009061 -0.039810
67990.000000 0.027777 0.032285 0.020141 -0.003463
68140.000000 -0.030885 0.015744 0.052653 0.036001
68290.000000 0.010298 -0.032719 -0.018704 0.000639
68440.000000 -0.002718 0.015767 0.003827 -0.018568
68590.000000 0.013061 -0.010612 0.050137 0.009485
68740.000000 -0.000325 0.009921 -0.008265 0.007282
68890.000000 -0.027228 0.016278 0.026537 -0.019139
69040.000000 0.001032 0.007560 0.015267 0.021500
69190.000000 0.015603 0.015283 -0.034601 0.011268
69340.000000 -0.051026 0.020712 -0.021551 0.010323
69490.000000 -0.047494 0.012420 0.032070 -0.010121
69640.000000 -0.019046 0.007019 0.034596 0.014546
69790.000000 -0.017880 0.047123 0.011708 0.031992
69940.000000 -0.020301 -0.008759 0.014296 -0.005382
70090.000000 0.001686 -0.001080 0.003711 0.013774
70240.000000 0.022343 0.001193 -0.001530 -0.027618
70390.000000 0.004779 0.006566 -0.013481 0.024108
70540.000000 -0.017002 0.010748 0.001771 0.024280
70690.000000 -0.003472 0.014495 -0.018554 -0.031735
70840.000000 0.034899 0.033685 0.017706 -0.022663
70990.000000 0.018366 0.003861 0.007149 -0.009297
71140.000000 0.020216 0.031306 -0.010818 -0.038044
71290.000000 0.037739 0.003071 -0.016967 0.025630
71440.000000 -0.024572 0.014000 0.016756 0.013507
71590.000000 0.012250 -0.018005 0.000114 0.010872
71740.000000 -0.001703 0.037440 0.037554 0.004786
71890.000000 -0.018737 0.000910 0.002135 0.005893
72040.000000 0.020650 0.001977 -0.017389 0.014121
72190.000000 0.000961 0.020338 0.081707 -0.010769
72340.000000 0.032107 0.015470 0.022980 -0.007467
72490.000000 -0.014409 0.008159 0.031793 -0.026147
72640.000000 0.016956 -0.005701 0.012557 -0.033910
72790.000000 -0.012342 0.011991 -0.039897 -0.008822
72940.000000 -0.035665 0.004779 -0.016803 0.038628
73090.000000 -0.022532 -0.016523 -0.024993 0.012449
73240.000000 -0.004901 0.004242 -0.047821 0.026012
73390.000000 -0.011250 0.004010 -0.059671 -0.003083
73540.000000 0.016813 0.002483 0.026586 -0.017622
73690.000000 -0.020039 -0.010519 -0.007741 0.005040
73840.000000 0.002148 0.009894 -0.005523 0.018653
73990.000000 -0.035664 0.013394 0.018379 0.008439
74140.000000 -0.006985 0.007603 0.017386 0.003174
74290.000000 0.002843 -0.004112 -0.046322 0.006346
74440.000000 0.032350 0.012089 0.016181 0.011654
74590.000000 -0.034401 0.007266 0.000699 -0.029722
74740.000000 0.004335 0.021672 0.035316 0.003290
74890.000000 -0.021990 -0.014078 0.013169 -0.017135
75040.000000 -0.015176 -0.006256 0.007148 -0.052274
75190.000000 0.041076 -0.002968 0.030819 -0.009850
75340.000000 0.034513 -0.022324 -0.013489 0.004513
75490.000000 0.007346 -0.002633 -0.030150 0.032219
75640.000000 0.002854 0.003911 0.013881 -0.014440
75790.000000 -0.021880 0.034850 0.016544 0.013976
75940.000000 -0.013425 0.005446 0.024827 0.016772
76090.000000 -0.034137 0.022385 -0.031821 -0.004603
76240.000000 0.023982 0.014227 -0.045713 0.030616
76390.000000 0.010366 0.008276 0.002751 0.055575
76540.000000 -0.023411 0.003423 0.001475 0.015110
76690.000000 -0.014469 0.009049 -0.005817 -0.010491
76840.000000 0.021673 0.008205 0.002551 -0.017170
76990.000000 -0.014145 -0.003150 -0.006580 -0.034089
77140.000000 -0.005311 0.007004 -0.011758 0.031456
77290.000000 0.006869 -0.020748 0.035376 -0.032212
77440.000000 0.017531 0.014530 0.013948 -0.014850
77590.000000 0.016102 -0.008598 0.036072 0.003638
77740.000000 0.026571 -0.010550 -0.005037 0.052644
77890.000000 0.003281 0.023092 0.019084 0.004040
78040.000000 0.010760 -0.005196 0.008761 -0.021718
78190.000000 -0.012076 0.005204 0.024119 0.040067
78340.000000 -0.014427 0.010307 -0.007943 0.018518
78490.000000 0.024750 -0.001119 -0.027738 -0.010201
78640.000000 0.025206 0.017441 0.022917 0.028810
78790.000000 0.010449 0.024566 0.032332 0.003920
78940.000000 -0.017955 0.009932 -0.016673 -0.016925
79090.000000 -0.036600 -0.000824 -0.016124 0.023938
79240.000000 -0.023989 0.003977 -0.000945 0.011173
79390.000000 -0.034019 -0.004988 0.007385 -0.011754
79540.000000 0.003844 0.028054 0.010372 0.055698
79690.000000 0.014921 -0.013424 0.015672 0.015558
79840.000000 -0.019507 0.030296 0.006225 0.016774
79990.000000 -0.001371 -0.004743 0.021871 0.023855
80140.000000 -0.011868 -0.020889 0.021413 -0.027872
80290.000000 0.001318 0.013137 0.027342 0.027038
80440.000000 0.010252 -0.011985 -0.027164 0.004745
80590.000000 -0.045053 0.020814 -0.006675 -0.010934
80740.000000 0.010030 0.022813 -0.002430 -0.025940
80890.000000 0.003863 0.024081 0.025698 -0.005851
81040.000000 -0.016069 0.021784 -0.019262 -0.009861
81190.000000 0.015808 0.003079 0.007858 0.003115
81340.000000 0.012241 -0.028675 -0.023319 0.039725
81490.000000 0.013797 0.007563 0.012939 0.028600
81640.000000 0.013228 -0.006149 -0.015555 0.001417
81790.000000 0.026005 -0.013610 0.004556 -0.017715
81940.000000 0.037813 0.004261 -0.008477 0.006435
82090.000000 -0.012065 0.033186 -0.006427 -0.001904
82240.000000 0.005171 -0.033670 0.014658 0.049597
82390.000000 0.017506 0.004673 -0.003966 0.033611
82540.000000 -0.016564 0.012615 0.025757 0.001013
82690.000000 0.010053 0.012910 0.014152 -0.024293
82840.000000 0.036201 0.001339 -0.020066 0.050180
82990.000000 0.005183 0.019612 0.021790 -0.000066
83140.000000 -0.028371 -0.008632 0.024685 0.023952
83290.000000 -0.007366 -0.028699 -0.016914 -0.001555
83440.000000 0.038740 0.029056 -0.011181 0.002751
83590.000000 0.029118 -0.010550 0.013164 0.000843
83740.000000 0.023385 0.017516 0.034867 -0.008526
83890.000000 0.024662 0.017433 -0.004343 0.061120
84040.000000 -0.005359 -0.008809 -0.020391 0.035948
84190.000000 -0.002617 0.015448 -0.002486 0.017271
84340.000000 0.011814 -0.004027 -0.018939 -0.012212
84490.000000 0.028355 0.000484 0.020249 0.059920
84640.000000 -0.010419 -0.020384 -0.010285 0.046642
84790.000000 0.000023 0.017783 0.010428 0.005475
84940.000000 -0.000978 0.046372 0.024990 0.023594
85090.000000 0.001921 -0.013156 0.001196 0.057383
85240.000000 -0.037835 0.015016 0.015411 0.030915
85390.000000 -0.007823 0.009220 -0.015128 -0.002256
85540.000000 0.002745 0.002147 0.005848 0.024156
85690.000000 0.005867 0.017861 -0.007463 0.012010
85840.000000 0.006574 0.024966 0.009623 0.031289
85990.000000 -0.030913 0.005996 -0.003467 0.013864
86140.000000 -0.004255 0.023907 -0.008240 0.025293
86290.000000 -0.011371 0.003268 0.020782 0.040516
86440.000000 0.005073 -0.023770 0.029774 -0.007220
86590.000000 0.020145 0.011598 -0.013847 0.052542
86740.000000 -0.004267 -0.006197 0.061646 0.026689
86890.000000 0.005907 -0.002313 0.030479 0.022022
87040.000000 0.019708 0.004847 0.001035 0.018004
87190.000000 -0.032719 0.012234 0.011314 -0.009377
87340.000000 0.013582 0.001223 0.000686 0.007413
87490.000000 -0.022149 -0.007560 0.000855 0.014792
87640.000000 0.000252 -0.011027 0.034318 -0.020111
87790.000000 0.034897 0.026796 -0.018547 0.037706
87940.000000 -0.016039 -0.022037 0.019639 0.059830
88090.000000 0.012956 -0.006521 0.016818 0.060673
88240.000000 -0.010943 -0.010615 0.022721 0.030895
88390.000000 -0.005815 -0.004734 -0.006322 0.017722
88540.000000 0.048044 0.000950 0.015651 0.011139
88690.000000 0.057555 0.009326 -0.017034 0.045891
88840.000000 0.016037 0.011575 0.017016 0.022484
88990.000000 0.039584 -0.003918 -0.000275 -0.002471
89140.000000 0.013036 -0.026079 -0.008504 0.020731
89290.000000 -0.032883 -0.019098 -0.029920 0.031597
89440.000000 0.019792 0.020010 -0.030460 -0.030651
89590.000000 -0.024614 0.000511 0.003697 0.023800
89740.000000 -0.002392 -0.031446 0.020720 -0.002190
89890.000000 -0.020064 0.004747 0.038574 0.053514
90040.000000 0.000066 0.033735 0.012144 -0.010582
90190.000000 -0.002658 -0.010029 0.060359 -0.001245
90340.000000 0.014441 0.002032 0.016305 0.020888
90490.000000 -0.010027 -0.010957 0.013071 0.035143
90640.000000 0.033852 0.007489 0.056543 -0.004121
90790.000000 -0.013759 0.001312 -0.000617 0.006498
90940.000000 -0.012879 -0.006902 0.012661 -0.005489
91090.000000 0.010369 -0.004938 0.010727 0.021892
91240.000000 -0.001931 -0.022843 0.018153 0.065377
91390.000000 0.019854 -0.005154 0.009029 -0.007871
91540.000000 -0.012023 0.009125 -0.005927 0.007677
91690.000000 -0.003762 -0.014605 0.002401 0.002661
91840.000000 0.038644 -0.006565 0.029814 0.010961
91990.000000 -0.005001 -0.001392 0.025549 0.041845
92140.000000 -0.018832 0.016798 -0.003725 -0.009870
92290.000000 0.014443 -0.013092 -0.009997 0.000459
92440.000000 0.021382 0.026608 -0.040135 0.001731
92590.000000 -0.006701 0.009239 -0.018201 0.008694
92740.000000 -0.006324 -0.004608 -0.046730 0.015298
92890.000000 -0.025869 0.012707 0.041689 0.042760
93040.000000 -0.029721 0.010975 -0.023770 -0.035285
93190.000000 -0.008885 -0.043605 0.016837 0.017371
93340.000000 -0.006573 0.018287 0.001511 0.009514
93490.000000 0.032245 -0.024786 0.001137 -0.005625
93640.000000 -0.014129 0.030519 0.001696 0.019469
93790.000000 -0.005566 0.009220 -0.012203 0.022346
93940.000000 0.005857 -0.013641 0.045734 -0.004746
94090.000000 0.051052 -0.020320 0.029228 -0.001534
94240.000000 -0.009789 -0.040793 0.025846 0.025693
94390.000000 -0.006261 0.024814 0.012415 0.003565
94540.000000 0.017122 -0.008950 0.017875 0.016955
94690.000000 -0.004939 0.008394 -0.003741 0.014257
94840.000000 0.007345 0.021226 0.005310 0.059592
94990.000000 0.031085 0.031245 0.029343 -0.005982
95140.000000 -0.034279 -0.022511 0.004932 0.036109
95290.000000 -0.027671 -0.034306 -0.011852 0.031728
95440.000000 0.041517 0.019539 -0.007589 -0.023206
95590.000000 -0.024990 -0.017165 0.005252 -0.020388
95740.000000 -0.010716 -0.004657 0.005470 0.026634
95890.000000 0.002000 0.003737 0.010801 0.015325
96040.000000 -0.007839 0.005962 -0.029727 0.010840
96190.000000 -0.033716 -0.030101 0.043903 -0.042554
96340.000000 -0.044326 0.008672 0.033479 0.023085
96490.000000 0.003578 0.016977 0.017745 0.000291
96640.000000 -0.014119 -0.020199 -0.006241 -0.005962
96790.000000 -0.013802 0.012371 -0.020297 -0.011672
96940.000000 0.001571 -0.013689 -0.014952 -0.020023
97090.000000 -0.011177 -0.029067 0.058586 0.065013
97240.000000 -0.008622 -0.013277 0.005479 0.062395
97390.000000 0.016096 -0.000923 0.036924 -0.006521
97540.000000 0.010523 0.028198 0.003090 0.027159
97690.000000 -0.013584 0.016093 -0.010870 -0.006083
97840.000000 -0.027037 -0.006772 0.025581 0.010443
97990.000000 0.011258 -0.028088 0.016032 0.010306
98140.000000 -0.003562 0.040204 0.006595 -0.015116
98290.000000 0.034665 -0.016138 -0.010449 0.003474
98440.000000 -0.015646 -0.020820 0.035258 -0.017130
98590.000000 -0.024755 0.013783 -0.018101 0.015193
98740.000000 0.016013 0.034088 -0.004812 -0.025053
98890.000000 0.008434 0.004368 -0.010720 0.041393
99040.000000 0.002338 -0.006404 0.009773 0.026314
99190.000000 -0.041151 0.017410 -0.001916 0.017595
99340.000000 0.022888 0.007034 0.015747 0.041839
99490.000000 -0.019150 -0.024159 0.009631 -0.004622
99640.000000 0.009825 -0.028312 0.004902 0.020204
99790.000000 0.003068 -0.026152 0.014330 0.023768
99940.000000 -0.021741 -0.005444 0.001026 0.017218
