200	5.074645
700	0.128269
1200	0.103787
1700	0.019755
2200	0.040200
2700	0.046872
3200	0.017094
3700	0.031966
4200	0.027718
4700	0.049492
5200	0.027115
5700	-0.013929
6200	0.123036
6700	0.064879
7200	0.000471
7700	0.072902
8200	0.101356
8700	0.061016
9200	0.083482
9700	0.066471
10200	0.013022
10700	-0.011117
11200	0.052297
11700	0.096530
12200	0.079075
12700	-0.002873
13200	0.047350
13700	0.021025
14200	-0.024253
14700	0.060672
15200	0.046617
15700	0.026504
16200	-0.116541
16700	0.025411
17200	-0.032227
17700	0.081005
18200	-0.019946
18700	0.058703
19200	0.004220
19700	0.065125
20200	-0.011500
20700	0.095839
21200	-0.013547
21700	0.004954
22200	-0.035781
22700	0.011245
23200	0.053040
23700	-0.011015
24200	0.039338
24700	-0.008858
25200	0.000609
25700	0.012374
26200	-0.006759
26700	0.010378
27200	0.000136
27700	0.036503
28200	-0.036185
28700	-0.029808
29200	-0.017255
29700	0.073813
30200	0.111596
30700	0.054767
31200	0.024409
31700	0.010243
32200	0.033055
32700	0.138477
33200	-0.004627
33700	0.081794
34200	-0.083876
34700	-0.027489
35200	-0.044091
35700	-0.055261
36200	0.003035
36700	0.020861
37200	-0.041083
37700	0.071425
38200	0.074880
38700	0.057162
39200	0.040652
39700	-0.039191
40200	0.048951
40700	-0.022674
41200	0.091964
41700	-0.011400
42200	-0.041535
42700	-0.064073
43200	-0.018517
43700	0.027836
44200	0.009881
44700	0.076189
45200	0.062045
45700	0.053224
46200	0.007742
46700	-0.012189
47200	0.075951
47700	0.107778
48200	0.025741
48700	-0.008924
49200	0.042644
49700	0.028776
50200	0.052450
50700	0.004801
51200	0.050259
51700	0.088195
52200	-0.010090
52700	-0.000641
53200	0.039719
53700	-0.013707
54200	0.014190
54700	-0.017099
55200	-0.009495
55700	0.137526
56200	-0.027131
56700	-0.014464
57200	0.006340
57700	-0.013091
58200	0.089347
58700	-0.015965
59200	0.004703
59700	0.113881
60200	-0.000350
60700	-0.000471
61200	0.086741
61700	0.043386
62200	0.067619
62700	0.080177
63200	-0.001378
63700	-0.010527
64200	0.078330
64700	0.074297
65200	-0.003192
65700	-0.039740
66200	0.096668
66700	0.000977
67200	0.033707
67700	0.052136
68200	0.095325
68700	0.067696
69200	0.106069
69700	0.006933
70200	-0.032764
70700	-0.047826
71200	-0.022580
71700	-0.044559
72200	-0.072002
72700	-0.033143
73200	0.023772
73700	0.024141
74200	-0.073564
74700	-0.008889
75200	0.042571
75700	0.106650
76200	-0.055333
76700	0.008999
77200	0.029392
77700	0.054820
78200	-0.017431
78700	0.118277
79200	0.020750
79700	0.030692
80200	0.014355
80700	-0.011131
81200	0.027234
81700	0.044741
82200	-0.035627
82700	0.067771
83200	-0.083432
83700	-0.022925
84200	-0.060283
84700	0.033137
85200	-0.020378
85700	0.024303
86200	0.014822
86700	0.042362
87200	0.044792
87700	0.066178
88200	0.084162
88700	0.043588
89200	-0.023707
89700	-0.031461
90200	0.039505
90700	0.021063
91200	-0.042965
91700	-0.035768
92200	0.011375
92700	-0.016320
93200	0.016409
93700	0.045711
94200	-0.041180
94700	0.013450
95200	-0.014612
95700	0.023071
96200	0.030592
96700	0.009097
97200	0.027408
97700	0.064313
98200	-0.020203
98700	0.051226
99200	-0.106795
99700	-0.026493
100200	0.027053
100700	0.012530
101200	-0.011135
101700	0.063805
102200	0.016875
102700	0.089941
103200	0.054422
103700	0.081849
104200	-0.038802
104700	-0.028515
105200	0.038626
105700	-0.024688
106200	0.059631
106700	0.037149
107200	0.014883
107700	0.101827
108200	0.048428
108700	0.058400
109200	0.062640
109700	0.004377
110200	0.116490
110700	0.023412
111200	0.020263
111700	-0.012708
112200	-0.019880
112700	-0.004568
113200	-0.022441
113700	-0.019369
114200	-0.017563
114700	-0.002613
115200	0.028134
115700	0.053324
116200	0.034008
116700	0.029593
117200	0.015285
117700	0.002204
118200	-0.002294
118700	-0.037403
119200	-0.082702
119700	0.023676
120200	-0.114982
120700	-0.050462
121200	-0.023353
121700	0.043457
122200	-0.008236
122700	0.100677
123200	0.051448
123700	-0.011167
124200	0.022801
124700	-0.041956
125200	-0.027603
125700	0.085547
126200	0.156733
126700	-0.005494
127200	-0.001111
127700	-0.008142
128200	-0.008700
128700	0.021377
129200	0.001083
129700	-0.023095
130200	0.003919
130700	-0.085135
131200	0.045924
131700	-0.051092
132200	0.076664
132700	-0.036154
133200	-0.052021
133700	-0.021581
134200	-0.015159
134700	0.019692
135200	0.045460
135700	-0.010221
136200	0.015764
136700	0.022027
137200	-0.010460
137700	-0.048458
138200	-0.100474
138700	0.022515
139200	-0.016579
139700	-0.051589
140200	0.071493
140700	0.015119
141200	0.000874
141700	0.040690
142200	-0.091134
142700	0.037452
143200	-0.001532
143700	-0.003319
144200	0.052941
144700	0.038293
145200	-0.019941
145700	0.046258
146200	0.051837
146700	0.005858
147200	-0.077662
147700	0.064614
148200	0.011649
148700	0.033601
149200	-0.084968
149700	0.020965
150200	-0.032659
150700	-0.085669
151200	-0.027859
151700	0.064376
152200	-0.070231
152700	0.023625
153200	-0.057135
153700	0.003816
154200	-0.029410
154700	-0.003844
155200	-0.007038
155700	-0.034959
156200	0.017491
156700	0.010812
157200	-0.025926
157700	-0.092250
158200	0.002807
158700	-0.068617
159200	0.046081
159700	0.065930
160200	0.011294
160700	-0.043615
161200	-0.031198
161700	-0.032223
162200	-0.106855
162700	-0.010395
163200	-0.056675
163700	-0.017946
164200	0.014030
164700	0.013453
165200	0.020465
165700	-0.017078
166200	-0.007094
166700	0.014369
167200	0.011941
167700	-0.001246
168200	0.011304
168700	-0.022937
169200	-0.008590
169700	0.014920
170200	-0.017146
170700	0.045154
171200	-0.041074
171700	0.001778
172200	0.021445
172700	-0.081754
173200	0.003969
173700	0.031522
174200	0.072197
174700	-0.045049
175200	0.037134
175700	-0.027680
176200	-0.033420
176700	-0.028231
177200	-0.020980
177700	0.009960
178200	-0.037789
178700	-0.013111
179200	-0.055735
179700	0.017647
180200	-0.026034
180700	-0.000559
181200	-0.003262
181700	-0.012246
182200	0.030931
182700	-0.064496
183200	-0.007720
183700	-0.082331
184200	0.100714
184700	0.033533
185200	-0.054751
185700	-0.050236
186200	0.092291
186700	0.042982
187200	-0.029679
187700	-0.011695
188200	0.009367
188700	-0.054918
189200	0.045183
189700	0.077335
190200	-0.018046
190700	0.056313
191200	-0.011511
191700	-0.019130
192200	0.003422
192700	-0.011173
193200	-0.042738
193700	0.000202
194200	-0.050407
194700	-0.084954
195200	-0.023546
195700	-0.003396
196200	-0.035825
196700	0.053143
197200	-0.078224
197700	0.046515
198200	-0.046802
198700	-0.045416
199200	-0.024740
199700	-0.015267
