0	47.265003
50	1.415465
100	0.483956
150	0.488538
200	0.219832
250	0.172677
300	0.085876
350	0.202516
400	0.174137
450	0.238450
500	0.100837
550	-0.117730
600	0.237954
650	0.248920
700	-0.123349
750	0.012466
800	0.240342
850	0.098696
900	0.281883
950	0.302671
1000	0.023923
1050	0.240056
1100	-0.020108
1150	0.052994
1200	0.218743
1250	0.055810
1300	0.228951
1350	-0.191489
1400	0.184990
1450	0.244004
1500	0.240300
1550	0.239407
1600	0.051085
1650	-0.235978
1700	0.058140
1750	-0.081524
1800	-0.165791
1850	0.154515
1900	-0.025924
1950	-0.036685
2000	-0.036948
2050	0.060813
2100	-0.010441
2150	0.040399
2200	0.079542
2250	0.012232
2300	-0.036271
2350	0.061088
2400	-0.070643
2450	0.302230
2500	-0.043552
2550	-0.218839
2600	-0.017067
2650	0.115732
2700	0.368226
2750	-0.040163
2800	0.029754
2850	0.106385
2900	0.016771
2950	0.151474
3000	-0.012300
3050	-0.088578
3100	-0.031480
3150	-0.138780
3200	0.188971
3250	0.158865
3300	0.049643
3350	0.152410
3400	0.053861
3450	-0.161673
3500	-0.153873
3550	-0.088781
3600	-0.087997
3650	0.148366
3700	0.251854
3750	-0.152442
3800	0.318150
3850	-0.212334
3900	0.145764
3950	0.150952
4000	0.207555
4050	0.240238
4100	-0.069247
4150	-0.101975
4200	0.077592
4250	0.147244
4300	0.052220
4350	-0.095125
4400	0.031621
4450	-0.212946
4500	-0.065024
4550	0.094418
4600	-0.170218
4650	0.149527
4700	0.243263
4750	0.098242
4800	-0.183569
4850	0.159444
4900	-0.036111
4950	0.204945
5000	0.100345
5050	-0.136357
5100	-0.029864
5150	0.149297
5200	0.156414
5250	-0.201686
5300	0.060695
5350	0.097545
5400	0.190279
5450	-0.115515
5500	-0.179612
5550	-0.120193
5600	0.192767
5650	0.071421
5700	0.130752
5750	0.089267
5800	-0.180752
5850	0.054933
5900	-0.182609
5950	-0.015259
6000	0.000728
6050	0.314196
6100	-0.012144
6150	0.195044
6200	-0.055500
6250	0.187735
6300	-0.162557
6350	0.360596
6400	0.306613
6450	0.095647
6500	0.096497
6550	0.154300
6600	0.219153
6650	0.075002
6700	-0.094539
6750	-0.033179
6800	0.135667
6850	0.107621
6900	-0.110772
6950	0.099039
7000	-0.003215
7050	0.080017
7100	-0.336633
7150	0.053731
7200	0.031011
7250	0.086258
7300	0.040636
7350	0.066641
7400	-0.111172
7450	0.097431
7500	0.005064
7550	-0.187925
7600	0.297096
7650	0.209685
7700	0.039173
7750	0.148741
7800	0.178918
7850	0.127531
7900	-0.038963
7950	-0.050303
8000	0.160797
8050	-0.114574
8100	-0.034903
8150	-0.006024
8200	0.178452
8250	0.189100
8300	-0.003207
8350	0.176971
8400	0.190555
8450	0.276395
8500	0.107134
8550	0.173675
8600	-0.107462
8650	-0.044432
8700	-0.007184
8750	0.069014
8800	0.036285
8850	0.025320
8900	0.200148
8950	0.157664
9000	0.216771
9050	0.018302
9100	-0.198780
9150	-0.002055
9200	0.291652
9250	0.215290
9300	0.123679
9350	0.011720
9400	0.121319
9450	0.036919
9500	-0.004866
9550	0.093676
9600	0.033444
9650	0.016994
9700	0.280577
9750	0.173006
9800	0.237576
9850	-0.024376
9900	0.116710
9950	-0.258027
10000	-0.167662
10050	-0.069516
10100	-0.178232
10150	-0.033802
10200	-0.032559
10250	0.253924
10300	-0.045775
10350	0.071495
10400	0.135859
10450	0.196489
10500	-0.097609
10550	-0.027745
10600	0.161555
10650	-0.016919
10700	0.084452
10750	-0.178856
10800	0.168524
10850	-0.065009
10900	-0.001307
10950	-0.138254
11000	0.339044
11050	0.113197
11100	0.127837
11150	-0.094982
11200	0.150146
11250	0.012696
11300	-0.245976
11350	0.160046
11400	-0.003199
11450	-0.035838
11500	0.119499
11550	-0.040260
11600	-0.154354
11650	0.172375
11700	0.301580
11750	0.110060
11800	0.078397
11850	0.020112
11900	0.110840
11950	0.247045
12000	-0.038705
12050	-0.050298
12100	0.302530
12150	0.037713
12200	0.037748
12250	0.182744
12300	0.034189
12350	0.121061
12400	0.084613
12450	0.079157
12500	-0.072939
12550	0.077371
12600	0.045820
12650	0.064904
12700	-0.028790
12750	0.039923
12800	0.071410
12850	0.022742
12900	-0.202655
12950	-0.046519
13000	0.342357
13050	-0.048065
13100	0.051605
13150	-0.016832
13200	0.205929
13250	0.170223
13300	-0.194492
13350	-0.048481
13400	0.090213
13450	-0.078955
13500	0.056775
13550	-0.021538
13600	0.102557
13650	-0.033634
13700	0.113618
13750	0.140822
13800	0.044424
13850	0.063282
13900	-0.061783
13950	-0.194271
14000	0.081100
14050	-0.082695
14100	-0.216805
14150	-0.081503
14200	0.093134
14250	0.054553
14300	0.273670
14350	0.091611
14400	-0.165248
14450	-0.290351
14500	-0.114112
14550	-0.052691
14600	-0.198591
14650	0.170862
14700	0.220457
14750	0.266272
14800	0.128960
14850	-0.082564
14900	-0.060931
14950	0.329055
15000	0.076797
15050	0.067191
15100	0.084509
15150	-0.030892
15200	0.108521
15250	-0.053810
15300	-0.142372
15350	0.157828
15400	0.207897
15450	-0.009497
15500	-0.218738
15550	0.061659
15600	-0.050797
15650	-0.032634
15700	0.106425
15750	-0.029612
15800	0.104606
15850	0.104232
15900	0.094814
15950	0.125087
16000	-0.217253
16050	-0.219752
16100	-0.223871
16150	0.049720
16200	-0.233314
16250	-0.145900
16300	0.009700
16350	-0.120163
16400	-0.105751
16450	0.041172
16500	-0.111594
16550	-0.076961
16600	0.084314
16650	0.062008
16700	0.118357
16750	-0.286005
16800	-0.005751
16850	0.294423
16900	0.119232
16950	0.056084
17000	-0.107588
17050	-0.035977
17100	-0.101548
17150	-0.115449
17200	-0.084512
17250	-0.031077
17300	-0.127908
17350	0.074319
17400	-0.019840
17450	0.227312
17500	0.176421
17550	-0.109214
17600	0.251710
17650	0.152385
17700	0.290365
17750	0.064591
17800	0.042294
17850	0.016952
17900	0.008361
17950	-0.083813
18000	0.270694
18050	0.067802
18100	-0.118711
18150	0.005903
18200	-0.024441
18250	0.321651
18300	-0.154780
18350	-0.165681
18400	-0.168108
18450	-0.233787
18500	0.002825
18550	0.260901
18600	-0.160716
18650	0.064820
18700	-0.008049
18750	0.116111
18800	0.018244
18850	-0.014809
18900	0.063986
18950	0.243711
19000	-0.038308
19050	0.135083
19100	0.075040
19150	-0.042633
19200	-0.173856
19250	-0.044277
19300	0.054858
19350	0.088615
19400	-0.028458
19450	0.016135
19500	0.005743
19550	0.066773
19600	0.277558
19650	0.079360
19700	0.007908
19750	0.027101
19800	0.087117
19850	0.117913
19900	-0.184934
19950	0.166712
20000	0.040733
20050	-0.038483
20100	-0.274225
20150	-0.141257
20200	-0.021560
20250	0.234167
20300	0.083927
20350	-0.030069
20400	-0.064550
20450	0.096318
20500	0.171758
20550	0.203438
20600	0.111224
20650	-0.008467
20700	0.066936
20750	0.112415
20800	0.051176
20850	0.094323
20900	-0.108853
20950	0.264436
21000	0.360321
21050	-0.184318
21100	-0.028263
21150	-0.075167
21200	-0.194357
21250	-0.029137
21300	0.110127
21350	-0.026349
21400	0.005265
21450	-0.073587
21500	0.003505
21550	-0.008377
21600	0.051439
21650	0.123944
21700	0.087237
21750	0.202959
21800	-0.033664
21850	-0.114165
21900	-0.248600
21950	-0.014745
22000	-0.004550
22050	-0.057206
22100	0.087786
22150	-0.135521
22200	-0.065549
22250	0.246589
22300	-0.118152
22350	-0.205953
22400	0.044537
22450	-0.149794
22500	0.108504
22550	-0.201367
22600	0.021359
22650	-0.065540
22700	0.051724
22750	0.071882
22800	-0.047845
22850	-0.143271
22900	-0.018276
22950	0.335276
23000	0.263824
23050	0.162972
23100	-0.007750
23150	0.192307
23200	-0.051437
23250	-0.151711
23300	0.209658
23350	-0.088750
23400	0.176446
23450	-0.175155
23500	-0.063850
23550	-0.188125
23600	0.098897
23650	-0.108667
23700	-0.087871
23750	-0.058959
23800	0.023713
23850	0.182399
23900	0.085836
23950	0.006474
24000	0.083489
24050	-0.062109
24100	0.035587
24150	0.019033
24200	0.225790
24250	0.172772
24300	0.002396
24350	-0.000079
24400	-0.161485
24450	0.077991
24500	0.279700
24550	0.157581
24600	-0.008373
24650	-0.047673
24700	-0.109369
24750	-0.085156
24800	-0.137909
24850	-0.246730
24900	0.141619
24950	-0.032267
25000	-0.023978
25050	0.102316
25100	0.016816
25150	0.014337
25200	-0.371513
25250	-0.103054
25300	0.056559
25350	0.067956
25400	0.271536
25450	-0.024880
25500	0.109866
25550	-0.179426
25600	-0.129023
25650	-0.086329
25700	0.048656
25750	-0.145418
25800	0.221060
25850	-0.059070
25900	0.179059
25950	0.164369
26000	0.256197
26050	-0.077103
26100	-0.097459
26150	0.101231
26200	0.231157
26250	-0.210281
26300	-0.033149
26350	-0.234143
26400	-0.164583
26450	0.160545
26500	-0.067689
26550	0.110367
26600	-0.068158
26650	0.012590
26700	-0.079882
26750	0.009297
26800	0.081907
26850	0.261402
26900	0.035364
26950	-0.191414
27000	0.154901
27050	0.037358
27100	-0.088391
27150	-0.222632
27200	0.075074
27250	0.070527
27300	-0.021622
27350	-0.181697
27400	-0.044115
27450	0.221959
27500	-0.172014
27550	-0.031569
27600	-0.214889
27650	0.113691
27700	0.250018
27750	-0.007819
27800	0.216707
27850	0.129644
27900	0.033735
27950	0.047531
28000	0.093461
28050	-0.021799
28100	0.034304
28150	0.214895
28200	-0.170290
28250	-0.126263
28300	-0.006008
28350	-0.138843
28400	-0.126419
28450	-0.114884
28500	0.067559
28550	-0.224619
28600	-0.114302
28650	-0.035930
28700	-0.093345
28750	0.002013
28800	0.093157
28850	0.156275
28900	-0.153583
28950	0.004697
29000	0.148803
29050	-0.012480
29100	-0.005877
29150	-0.128285
29200	0.032474
29250	-0.050562
29300	-0.048278
29350	-0.224712
29400	0.120544
29450	-0.004173
29500	0.222454
29550	0.118080
29600	0.056430
29650	-0.162660
29700	0.167550
29750	0.046607
29800	0.080728
29850	-0.017987
29900	0.406786
29950	-0.179854
30000	0.217422
30050	0.202898
30100	0.110946
30150	-0.211202
30200	0.166238
30250	0.115355
30300	0.156809
30350	0.129747
30400	0.127811
30450	0.099934
30500	0.074857
30550	0.035083
30600	0.038926
30650	0.028887
30700	-0.084294
30750	0.087177
30800	0.267315
30850	0.023685
30900	0.077853
30950	-0.001817
31000	0.003112
31050	0.129436
31100	0.039912
31150	-0.002431
31200	-0.110729
31250	0.020872
31300	0.001965
31350	-0.122083
31400	0.084989
31450	0.199043
31500	0.079753
31550	-0.053361
31600	0.021309
31650	-0.054083
31700	-0.003506
31750	0.075885
31800	0.013354
31850	0.238958
31900	0.023726
31950	-0.239607
32000	-0.004338
32050	-0.142821
32100	-0.069465
32150	-0.032266
32200	0.242448
32250	0.061025
32300	0.078442
32350	0.025401
32400	-0.039163
32450	0.211288
32500	0.040585
32550	0.137249
32600	0.277179
32650	0.115303
32700	0.151112
32750	0.267062
32800	-0.023436
32850	0.144869
32900	0.056587
32950	0.218259
33000	0.015654
33050	0.138736
33100	-0.030188
33150	-0.090734
33200	0.023911
33250	-0.103587
33300	0.059028
33350	0.168816
33400	-0.155693
33450	-0.072212
33500	-0.016654
33550	0.143993
33600	-0.038418
33650	-0.030734
33700	0.095698
33750	0.128910
33800	0.000880
33850	0.079446
33900	0.127590
33950	0.327233
34000	-0.094513
34050	-0.242305
34100	-0.030155
34150	0.096775
34200	-0.089030
34250	0.058637
34300	-0.133332
34350	-0.045130
34400	-0.048217
34450	-0.311490
34500	-0.141601
34550	-0.078320
34600	0.041452
34650	-0.205021
34700	-0.126203
34750	0.131213
34800	-0.039571
34850	0.028658
34900	0.082094
34950	0.032406
35000	0.016958
35050	0.001165
35100	-0.163408
35150	0.059941
35200	0.084330
35250	-0.106015
35300	-0.068953
35350	-0.116475
35400	0.045668
35450	-0.194125
35500	0.019331
35550	-0.163213
35600	-0.057894
35650	-0.005124
35700	0.065523
35750	-0.138448
35800	-0.223728
35850	-0.051562
35900	-0.005054
35950	0.007560
36000	-0.121929
36050	0.080482
36100	0.034989
36150	0.061869
36200	-0.101974
36250	-0.027909
36300	-0.067570
36350	0.183456
36400	-0.062453
36450	0.051385
36500	0.149787
36550	0.039978
36600	0.107379
36650	0.116829
36700	-0.066015
36750	0.064283
36800	-0.078939
36850	0.034879
36900	-0.161295
36950	0.001723
37000	-0.085979
37050	-0.066922
37100	-0.115853
37150	-0.087129
37200	-0.027918
37250	0.070198
37300	0.161079
37350	-0.202594
37400	-0.022432
37450	-0.033278
37500	0.058725
37550	0.348680
37600	-0.052111
37650	0.204655
37700	0.041367
37750	-0.095233
37800	-0.108075
37850	0.095066
37900	0.068456
37950	0.152716
38000	-0.022982
38050	0.201656
38100	0.221149
38150	0.175381
38200	-0.029166
38250	0.134092
38300	-0.121576
38350	0.178130
38400	-0.342214
38450	0.354326
38500	-0.015957
38550	-0.203231
38600	0.227505
38650	0.030978
38700	0.181588
38750	0.190149
38800	0.092306
38850	0.017384
38900	0.181264
38950	-0.130362
39000	0.015309
39050	0.229839
39100	0.058097
39150	0.069905
39200	-0.040563
39250	-0.021865
39300	0.007592
39350	-0.039537
39400	0.027693
39450	0.100053
39500	-0.115713
39550	-0.088391
39600	-0.135932
39650	-0.109138
39700	-0.032649
39750	0.108600
39800	0.045519
39850	-0.060521
39900	-0.036225
39950	0.032539
40000	0.189230
40050	0.234831
40100	-0.124584
40150	0.165113
40200	-0.208363
40250	-0.016767
40300	-0.010197
40350	0.088044
40400	0.059662
40450	0.112542
40500	-0.041483
40550	-0.042851
40600	-0.058632
40650	0.194410
40700	-0.160269
40750	-0.042830
40800	-0.041177
40850	0.161069
40900	-0.125244
40950	-0.069738
41000	0.046140
41050	-0.064986
41100	0.174964
41150	0.040438
41200	0.276418
41250	0.073582
41300	0.135457
41350	0.146129
41400	-0.002698
41450	0.094197
41500	0.003110
41550	0.076690
41600	0.044685
41650	0.072578
41700	-0.011475
41750	-0.231632
41800	0.084662
41850	-0.141727
41900	0.122695
41950	-0.133588
42000	-0.152518
42050	0.141504
42100	-0.021779
42150	0.127608
42200	-0.201066
42250	-0.121843
42300	-0.087532
42350	-0.232128
42400	0.000715
42450	0.131692
42500	0.067335
42550	-0.254903
42600	0.058900
42650	-0.059616
42700	0.107301
42750	-0.066250
42800	-0.187078
42850	-0.259242
42900	-0.056981
42950	0.009802
43000	-0.062486
43050	0.087746
43100	-0.078142
43150	-0.055936
43200	-0.159129
43250	0.033010
43300	-0.132666
43350	0.207907
43400	0.025642
43450	-0.051116
43500	-0.130217
43550	0.020228
43600	0.255019
43650	0.071044
43700	-0.081381
43750	-0.010259
43800	0.033696
43850	-0.210774
43900	0.309966
43950	0.021039
44000	0.134821
44050	-0.006740
44100	-0.061912
44150	0.062148
44200	-0.060826
44250	0.127376
44300	-0.080218
44350	-0.045809
44400	-0.041880
44450	0.071846
44500	0.129677
44550	0.274273
44600	-0.120529
44650	0.130158
44700	0.005472
44750	0.212858
44800	0.087230
44850	0.073446
44900	-0.031913
44950	0.001219
45000	0.071324
45050	0.338271
45100	-0.022199
45150	0.042066
45200	0.028657
45250	0.012220
45300	0.267530
45350	-0.253529
45400	0.053022
45450	0.083091
45500	0.167053
45550	0.143753
45600	0.041293
45650	0.305636
45700	0.042381
45750	-0.279937
45800	-0.035112
45850	0.020204
45900	0.045371
45950	0.081601
46000	0.131162
46050	0.002467
46100	-0.081515
46150	0.049597
46200	0.015575
46250	-0.116336
46300	0.001401
46350	0.024886
46400	-0.005356
46450	0.055538
46500	-0.176352
46550	-0.377924
46600	0.281486
46650	-0.174108
46700	0.148231
46750	-0.031827
46800	-0.070355
46850	0.328387
46900	0.024992
46950	-0.074418
47000	0.354271
47050	0.099818
47100	-0.046221
47150	0.017977
47200	0.020594
47250	0.153729
47300	0.292997
47350	0.067049
47400	-0.129559
47450	-0.071142
47500	0.124328
47550	0.125404
47600	0.194038
47650	0.200748
47700	-0.096071
47750	0.266714
47800	0.110326
47850	0.034509
47900	-0.096937
47950	0.214726
48000	-0.020745
48050	0.014552
48100	0.052933
48150	0.048669
48200	0.207644
48250	0.092971
48300	0.070603
48350	-0.133819
48400	-0.058877
48450	-0.016518
48500	-0.032437
48550	0.284850
48600	0.043961
48650	-0.035857
48700	0.053432
48750	-0.093239
48800	0.011148
48850	-0.283382
48900	-0.267450
48950	0.229729
49000	0.092793
49050	0.247132
49100	-0.136329
49150	0.011747
49200	0.063873
49250	0.102057
49300	-0.044192
49350	0.054184
49400	-0.134916
49450	0.170087
49500	0.004031
49550	0.052968
49600	0.359625
49650	-0.185386
49700	0.166913
49750	-0.068461
49800	-0.147434
49850	0.149728
49900	0.003240
49950	-0.047462
50000	0.013236
50050	-0.202783
50100	0.235145
50150	0.042698
50200	0.225214
50250	-0.019265
50300	0.055924
50350	-0.004268
50400	0.056522
50450	0.122079
50500	-0.170627
50550	0.008234
50600	0.044660
50650	0.046719
50700	-0.045672
50750	-0.066070
50800	0.014861
50850	0.020260
50900	0.245038
50950	-0.049391
51000	0.121235
51050	0.147416
51100	0.074714
51150	0.106399
51200	0.069498
51250	0.019107
51300	-0.125859
51350	-0.200047
51400	0.047897
51450	0.242229
51500	0.204979
51550	0.242202
51600	-0.138842
51650	0.102469
51700	-0.053394
51750	0.061791
51800	0.124802
51850	-0.040197
51900	0.237052
51950	0.141086
52000	0.159983
52050	0.166865
52100	-0.233210
52150	0.037377
52200	0.128882
52250	-0.045849
52300	-0.100406
52350	0.131230
52400	-0.124807
52450	-0.220966
52500	-0.013286
52550	-0.259273
52600	0.031297
52650	-0.063176
52700	-0.047706
52750	-0.078785
52800	0.036035
52850	0.144991
52900	0.155864
52950	0.087629
53000	-0.030357
53050	0.086805
53100	0.063424
53150	0.162448
53200	-0.067113
53250	0.153540
53300	0.017295
53350	-0.073408
53400	0.048553
53450	0.036010
53500	-0.055292
53550	0.048227
53600	-0.113493
53650	-0.018264
53700	-0.016432
53750	0.033344
53800	-0.015318
53850	-0.040177
53900	-0.073435
53950	0.113770
54000	-0.026455
54050	0.077680
54100	0.108382
54150	-0.164964
54200	0.067353
54250	0.170110
54300	0.040399
54350	-0.252067
54400	0.052468
54450	0.068991
54500	0.034969
54550	-0.088024
54600	0.075100
54650	0.019812
54700	0.155374
54750	-0.087222
54800	-0.053406
54850	0.086040
54900	-0.131913
54950	-0.181716
55000	0.226038
55050	-0.029478
55100	-0.148647
55150	-0.122453
55200	0.068454
55250	-0.198174
55300	0.137493
55350	-0.061601
55400	0.178868
55450	-0.145447
55500	0.043694
55550	0.046925
55600	0.120968
55650	-0.072992
55700	0.173484
55750	0.209683
55800	0.154588
55850	0.131055
55900	0.295215
55950	0.272639
56000	0.082009
56050	0.006996
56100	-0.252873
56150	0.110963
56200	-0.116743
56250	0.035430
56300	-0.012190
56350	0.027904
56400	0.037297
56450	-0.190103
56500	-0.088627
56550	-0.152379
56600	-0.029729
56650	0.153854
56700	-0.178920
56750	-0.153927
56800	-0.110569
56850	0.230126
56900	0.231308
56950	-0.045778
57000	0.188932
57050	0.074640
57100	0.033431
57150	-0.129267
57200	-0.094504
57250	-0.007678
57300	-0.038929
57350	0.018575
57400	0.022970
57450	-0.004773
57500	0.038295
57550	-0.013261
57600	0.108599
57650	-0.007079
57700	0.149518
57750	-0.219920
57800	-0.350424
57850	0.289550
57900	-0.041355
57950	-0.084832
58000	-0.063152
58050	0.019345
58100	0.341936
58150	-0.098402
58200	0.097053
58250	0.259046
58300	0.047714
58350	-0.209541
58400	0.271088
58450	0.228382
58500	0.250809
58550	0.009077
58600	-0.177653
58650	0.034082
58700	0.023145
58750	-0.224607
58800	0.280349
58850	-0.104807
58900	-0.094248
58950	-0.155797
59000	0.160177
59050	0.250417
59100	-0.206730
59150	-0.138574
59200	-0.027621
59250	0.018442
59300	-0.073868
59350	-0.143497
59400	0.083888
59450	0.124395
59500	-0.044925
59550	0.168203
59600	0.203440
59650	0.124013
59700	-0.149391
59750	0.215432
59800	0.193916
59850	0.281887
59900	0.125861
59950	0.020378
60000	0.104178
60050	-0.101193
60100	0.041084
60150	0.110815
60200	0.114021
60250	-0.057482
60300	0.037414
60350	-0.180875
60400	0.029726
60450	-0.101189
60500	-0.330935
60550	-0.033107
60600	0.047063
60650	0.122471
60700	-0.068076
60750	0.207726
60800	0.065865
60850	0.114945
60900	-0.061709
60950	-0.068956
61000	0.192477
61050	0.119128
61100	0.367869
61150	0.047996
61200	0.061955
61250	0.294404
61300	-0.303542
61350	0.155540
61400	-0.188227
61450	0.119809
61500	0.195103
61550	-0.041287
61600	-0.119011
61650	-0.019133
61700	-0.042951
61750	0.125671
61800	0.035132
61850	0.133412
61900	0.042806
61950	0.124116
62000	0.190929
62050	0.155841
62100	0.073549
62150	0.242596
62200	0.059914
62250	0.131766
62300	0.032242
62350	-0.112786
62400	-0.106115
62450	0.008252
62500	0.199135
62550	-0.159599
62600	-0.013535
62650	0.132008
62700	0.127972
62750	0.101580
62800	0.133911
62850	0.186012
62900	0.013424
62950	0.080862
63000	0.092755
63050	0.029991
63100	-0.229880
63150	-0.030817
63200	0.052655
63250	-0.083662
63300	-0.000168
63350	0.166031
63400	-0.047503
63450	0.036814
63500	-0.120864
63550	0.075446
63600	-0.005927
63650	0.162375
63700	-0.263000
63750	0.145938
63800	-0.057285
63850	0.119430
63900	0.060091
63950	-0.221475
64000	-0.007392
64050	0.083648
64100	-0.153084
64150	0.230511
64200	0.140998
64250	0.232892
64300	0.216067
64350	0.149691
64400	-0.157498
64450	0.047470
64500	0.061092
64550	0.083806
64600	0.067430
64650	-0.105372
64700	0.172806
64750	0.066495
64800	0.196221
64850	-0.155792
64900	0.116624
64950	0.239665
65000	0.021732
65050	0.118794
65100	-0.059624
65150	-0.028659
65200	0.106903
65250	-0.006381
65300	0.271824
65350	-0.175043
65400	-0.117576
65450	-0.163892
65500	-0.209550
65550	0.031535
65600	-0.063153
65650	-0.011034
65700	0.102325
65750	0.042030
65800	-0.099019
65850	0.038056
65900	0.001172
65950	-0.229766
66000	-0.152452
66050	0.014549
66100	0.130346
66150	0.186571
66200	0.252004
66250	0.047253
66300	0.185011
66350	0.199067
66400	0.012699
66450	0.091630
66500	-0.193032
66550	0.061843
66600	0.140284
66650	-0.134280
66700	0.047314
66750	0.052384
66800	-0.202657
66850	0.243518
66900	-0.188552
66950	0.182953
67000	-0.007128
67050	0.278904
67100	0.152445
67150	-0.069654
67200	0.096027
67250	0.101093
67300	-0.045658
67350	0.000784
67400	-0.187822
67450	0.018078
67500	-0.224313
67550	-0.066893
67600	0.166304
67650	-0.166236
67700	0.229719
67750	0.118106
67800	-0.023666
67850	0.279369
67900	0.393313
67950	-0.184344
68000	0.277273
68050	-0.043949
68100	0.159736
68150	0.086862
68200	0.157883
68250	0.054252
68300	-0.027285
68350	0.202864
68400	0.149934
68450	-0.064320
68500	0.022857
68550	0.022753
68600	0.020776
68650	0.139004
68700	-0.012683
68750	0.199453
68800	-0.032122
68850	0.038282
68900	0.150701
68950	0.127938
69000	0.114116
69050	0.119677
69100	0.257803
69150	0.238790
69200	0.169757
69250	0.083083
69300	0.153069
69350	-0.232688
69400	0.163603
69450	-0.006517
69500	-0.001148
69550	-0.054424
69600	-0.145498
69650	-0.109667
69700	-0.075063
69750	-0.068825
69800	0.332766
69850	0.248322
69900	-0.090956
69950	0.033822
70000	0.222615
70050	0.072969
70100	0.096222
70150	-0.157375
70200	-0.101232
70250	-0.163263
70300	-0.251502
70350	0.038208
70400	-0.036565
70450	-0.047722
70500	0.058668
70550	-0.060073
70600	-0.103954
70650	-0.064113
70700	-0.166052
70750	0.151538
70800	-0.164741
70850	-0.047555
70900	0.044001
70950	-0.125980
71000	-0.265964
71050	0.188859
71100	-0.096313
71150	-0.065994
71200	-0.329732
71250	0.010169
71300	0.170500
71350	-0.005318
71400	0.046888
71450	0.121110
71500	0.038267
71550	0.037033
71600	0.118926
71650	-0.023359
71700	-0.140862
71750	0.000616
71800	-0.152397
71850	-0.092524
71900	-0.343780
71950	0.112495
72000	-0.001328
72050	-0.096987
72100	-0.304604
72150	-0.094268
72200	0.051614
72250	0.057661
72300	-0.018868
72350	0.075738
72400	-0.119621
72450	-0.269354
72500	-0.289635
72550	0.053262
72600	-0.087241
72650	-0.069226
72700	-0.006037
72750	0.053095
72800	0.073015
72850	0.111837
72900	-0.183983
72950	0.013479
73000	0.046938
73050	0.262547
73100	-0.017132
73150	0.030655
73200	0.095398
73250	-0.105762
73300	-0.123673
73350	-0.100359
73400	0.024764
73450	0.124348
73500	0.001305
73550	-0.002750
73600	0.056348
73650	0.058694
73700	-0.077964
73750	0.075280
73800	-0.030123
73850	0.073341
73900	0.045227
73950	0.042050
74000	0.030673
74050	0.161770
74100	-0.455766
74150	-0.091304
74200	0.164442
74250	-0.003981
74300	-0.116145
74350	-0.159030
74400	0.058149
74450	-0.324448
74500	0.069334
74550	0.080010
74600	-0.108989
74650	0.063051
74700	0.011752
74750	-0.232842
74800	0.099847
74850	0.062777
74900	-0.185031
74950	0.051206
75000	0.016677
75050	0.288149
75100	-0.023662
75150	-0.070627
75200	-0.099553
75250	-0.080851
75300	-0.036475
75350	0.037174
75400	0.266816
75450	0.128063
75500	0.024992
75550	0.309130
75600	0.031981
75650	0.146284
75700	0.133953
75750	0.240257
75800	-0.175428
75850	0.106741
75900	0.066091
75950	0.182499
76000	-0.011413
76050	-0.110637
76100	0.189265
76150	-0.071935
76200	-0.202425
76250	-0.168194
76300	-0.214794
76350	-0.037146
76400	0.096924
76450	-0.022979
76500	-0.043106
76550	0.126742
76600	-0.024851
76650	0.205195
76700	-0.111057
76750	0.060134
76800	0.050056
76850	-0.055628
76900	-0.080140
76950	-0.037350
77000	-0.019408
77050	0.187562
77100	-0.007082
77150	0.244290
77200	0.235956
77250	-0.140829
77300	-0.013909
77350	-0.311919
77400	0.170259
77450	-0.050998
77500	0.017746
77550	-0.143986
77600	0.126219
77650	0.183472
77700	0.109690
77750	0.110969
77800	-0.092006
77850	0.162764
77900	0.051198
77950	0.022138
78000	0.048658
78050	0.005682
78100	0.155456
78150	-0.043231
78200	0.021964
78250	-0.235392
78300	-0.091448
78350	-0.053100
78400	-0.023910
78450	0.041013
78500	0.120044
78550	0.158029
78600	0.032526
78650	0.134394
78700	0.157433
78750	0.033606
78800	0.096100
78850	0.277978
78900	0.034510
78950	0.138148
79000	0.149078
79050	-0.033897
79100	0.057057
79150	-0.238963
79200	0.136917
79250	-0.100306
79300	0.037412
79350	0.182865
79400	0.059048
79450	-0.041711
79500	0.111715
79550	-0.113889
79600	-0.065241
79650	-0.051760
79700	0.202895
79750	0.143711
79800	-0.113871
79850	-0.047756
79900	0.213490
79950	0.027627
80000	-0.007013
80050	0.150547
80100	-0.013281
80150	-0.012535
80200	-0.032015
80250	-0.129477
80300	0.018157
80350	0.104496
80400	0.082495
80450	-0.017820
80500	-0.010729
80550	-0.036740
80600	0.096607
80650	-0.102467
80700	-0.035901
80750	-0.165281
80800	0.299929
80850	0.002906
80900	-0.237833
80950	0.078202
81000	0.056856
81050	-0.004917
81100	0.085475
81150	0.059112
81200	-0.012278
81250	-0.073198
81300	-0.005623
81350	-0.164255
81400	0.257982
81450	0.073183
81500	0.302370
81550	0.108730
81600	0.010870
81650	-0.094892
81700	0.145518
81750	0.164092
81800	0.184412
81850	-0.165876
81900	-0.143771
81950	-0.064044
82000	-0.013238
82050	0.226676
82100	-0.227800
82150	-0.047620
82200	-0.100660
82250	-0.163218
82300	-0.095144
82350	-0.008921
82400	0.168433
82450	-0.094779
82500	0.014944
82550	-0.038514
82600	-0.005112
82650	0.114798
82700	0.049481
82750	0.247557
82800	0.093522
82850	0.119639
82900	-0.213754
82950	0.295153
83000	-0.012651
83050	-0.136458
83100	-0.268845
83150	-0.157315
83200	-0.277084
83250	0.029510
83300	-0.113226
83350	-0.070166
83400	0.103472
83450	0.068447
83500	-0.131643
83550	-0.037813
83600	0.067244
83650	-0.005990
83700	-0.042243
83750	-0.137077
83800	0.245160
83850	0.005561
83900	-0.069953
83950	-0.122494
84000	0.012410
84050	0.027019
84100	0.071073
84150	-0.125832
84200	-0.072719
84250	-0.048235
84300	-0.131347
84350	-0.123114
84400	-0.130677
84450	-0.081411
84500	0.105243
84550	0.128132
84600	0.096346
84650	0.016758
84700	0.086751
84750	-0.152419
84800	0.076042
84850	-0.132074
84900	0.059507
84950	0.047086
85000	0.132593
85050	-0.247554
85100	0.170147
85150	0.007590
85200	0.129460
85250	-0.017405
85300	-0.101039
85350	-0.069132
85400	-0.120611
85450	-0.087829
85500	-0.081451
85550	0.122251
85600	-0.046669
85650	0.142719
85700	0.099211
85750	0.069961
85800	0.154126
85850	-0.077894
85900	-0.081456
85950	-0.057770
86000	0.089537
86050	-0.132611
86100	0.050756
86150	-0.029231
86200	0.153504
86250	-0.036730
86300	-0.093033
86350	0.180108
86400	0.002200
86450	-0.036281
86500	-0.016711
86550	0.153972
86600	0.050317
86650	0.175344
86700	0.007428
86750	-0.054967
86800	0.039403
86850	-0.024102
86900	0.078811
86950	0.014127
87000	-0.158876
87050	-0.039714
87100	-0.219409
87150	-0.009672
87200	0.267062
87250	0.272210
87300	0.083893
87350	0.082371
87400	0.259517
87450	-0.089465
87500	-0.007290
87550	0.137084
87600	-0.138188
87650	0.343898
87700	0.127751
87750	-0.183116
87800	0.066400
87850	0.107113
87900	-0.080734
87950	0.288866
88000	0.123586
88050	0.082627
88100	0.023505
88150	0.293739
88200	0.146528
88250	0.053497
88300	0.200477
88350	0.059410
88400	-0.119987
88450	-0.021764
88500	0.171757
88550	-0.061601
88600	0.123366
88650	-0.065100
88700	0.096758
88750	0.150459
88800	0.018200
88850	0.083631
88900	-0.065246
88950	-0.016344
89000	0.322195
89050	-0.182375
89100	-0.281255
89150	-0.020301
89200	0.060045
89250	0.161275
89300	-0.083375
89350	-0.250491
89400	0.134932
89450	-0.097720
89500	-0.084176
89550	0.067709
89600	0.097993
89650	-0.049043
89700	0.054546
89750	-0.118091
89800	-0.050696
89850	0.083099
89900	-0.054676
89950	-0.261277
90000	0.057666
90050	-0.000187
90100	0.227833
90150	-0.063779
90200	0.132543
90250	0.103023
90300	-0.040375
90350	0.029075
90400	-0.091686
90450	0.040941
90500	-0.017547
90550	-0.176073
90600	0.098016
90650	0.216410
90700	0.098074
90750	0.090075
90800	-0.159552
90850	0.110216
90900	0.079468
90950	-0.128455
91000	-0.075590
91050	0.068385
91100	-0.027213
91150	-0.021097
91200	-0.024780
91250	0.030546
91300	0.049291
91350	0.055381
91400	-0.275370
91450	-0.209202
91500	-0.061885
91550	-0.060062
91600	0.014133
91650	0.027344
91700	-0.017892
91750	-0.130970
91800	0.007108
91850	0.008425
91900	-0.121011
91950	-0.022872
92000	0.101029
92050	0.013788
92100	0.063893
92150	-0.094523
92200	-0.239230
92250	0.172536
92300	0.184977
92350	0.126581
92400	-0.046016
92450	-0.169288
92500	-0.079080
92550	0.036891
92600	-0.135248
92650	0.185678
92700	-0.086830
92750	0.029399
92800	0.030214
92850	-0.217135
92900	-0.038538
92950	0.111448
93000	0.131311
93050	0.039976
93100	0.020487
93150	0.133198
93200	-0.034031
93250	-0.070381
93300	-0.079958
93350	-0.190493
93400	0.036465
93450	0.177513
93500	0.125216
93550	0.003452
93600	-0.109177
93650	-0.052651
93700	-0.057478
93750	0.278165
93800	0.227493
93850	0.150977
93900	-0.042747
93950	-0.066137
94000	0.032620
94050	-0.146378
94100	-0.056091
94150	-0.073448
94200	-0.065772
94250	-0.039966
94300	-0.236560
94350	0.056528
94400	0.033192
94450	0.084077
94500	-0.188782
94550	0.200319
94600	-0.292256
94650	0.003218
94700	-0.022963
94750	-0.066394
94800	0.002231
94850	0.247302
94900	0.109612
94950	0.142217
95000	-0.002239
95050	-0.114484
95100	-0.105829
95150	-0.039508
95200	-0.051362
95250	0.235454
95300	0.059017
95350	0.179332
95400	0.045639
95450	-0.352137
95500	0.045604
95550	-0.050813
95600	-0.063861
95650	0.157161
95700	0.011399
95750	-0.032754
95800	0.304386
95850	0.064086
95900	-0.166459
95950	-0.038043
96000	0.081140
96050	-0.058097
96100	-0.183285
96150	-0.084283
96200	0.176412
96250	0.196852
96300	0.127224
96350	0.121832
96400	-0.024472
96450	-0.047398
96500	-0.041338
96550	0.064129
96600	0.182107
96650	-0.036617
96700	-0.213434
96750	0.074003
96800	-0.152009
96850	0.108446
96900	0.006408
96950	0.099279
97000	0.222577
97050	-0.039404
97100	0.100807
97150	-0.035686
97200	-0.197990
97250	0.186853
97300	-0.170258
97350	-0.087776
97400	0.046756
97450	0.248204
97500	0.148865
97550	-0.156837
97600	0.067153
97650	0.460613
97700	0.141418
97750	0.078860
97800	-0.060143
97850	0.152424
97900	0.100417
97950	-0.289637
98000	-0.176282
98050	-0.027415
98100	-0.195589
98150	-0.198672
98200	0.115788
98250	-0.061157
98300	-0.002065
98350	-0.135504
98400	0.144100
98450	0.334762
98500	0.068403
98550	-0.106825
98600	0.047849
98650	0.115266
98700	0.199703
98750	0.075189
98800	0.126815
98850	0.077418
98900	0.081466
98950	-0.173020
99000	-0.148307
99050	-0.155449
99100	-0.188758
99150	0.097989
99200	-0.031913
99250	-0.248416
99300	0.196356
99350	-0.438743
99400	-0.049978
99450	-0.100737
99500	0.077239
99550	-0.103600
99600	0.082700
99650	-0.045135
99700	0.188669
99750	-0.177949
99800	-0.032480
99850	-0.244656
99900	-0.010921
99950	0.001205
100000	-0.028816
100050	-0.060890
100100	0.032938
100150	-0.017776
100200	-0.047819
100250	0.173646
100300	-0.073287
100350	0.188633
100400	-0.097682
100450	0.201588
100500	-0.043457
100550	-0.023539
100600	-0.096580
100650	0.147057
100700	-0.012251
100750	-0.046071
100800	0.086810
100850	0.096198
100900	0.099943
100950	-0.082814
101000	0.018765
101050	0.278073
101100	0.077877
101150	-0.000444
101200	-0.199890
101250	0.012028
101300	-0.211763
101350	-0.044894
101400	-0.075780
101450	0.034676
101500	0.070186
101550	0.011369
101600	0.273842
101650	0.179915
101700	0.027622
101750	-0.032394
101800	-0.063278
101850	0.002761
101900	0.130338
101950	0.037690
102000	-0.061598
102050	0.002665
102100	-0.305055
102150	0.038849
102200	0.042380
102250	0.241164
102300	0.286148
102350	-0.028504
102400	0.052023
102450	-0.099322
102500	0.258818
102550	0.032741
102600	-0.064767
102650	0.182557
102700	0.306677
102750	-0.100549
102800	0.226373
102850	0.146709
102900	0.003213
102950	-0.092359
103000	0.067845
103050	-0.022609
103100	0.130063
103150	0.412300
103200	0.226167
103250	-0.154826
103300	-0.022444
103350	0.149614
103400	-0.091369
103450	-0.150518
103500	0.000297
103550	0.062663
103600	0.104669
103650	0.125751
103700	0.053970
103750	0.172950
103800	0.103222
103850	-0.182424
103900	0.102819
103950	0.274567
104000	0.072759
104050	0.138679
104100	-0.141096
104150	0.002590
104200	-0.280076
104250	0.016484
104300	-0.109032
104350	0.068382
104400	-0.178394
104450	0.021684
104500	-0.037378
104550	-0.221370
104600	0.016608
104650	0.085350
104700	0.133301
104750	-0.025179
104800	-0.111403
104850	-0.115889
104900	0.043166
104950	-0.052359
105000	-0.089839
105050	-0.151460
105100	0.121431
105150	0.150138
105200	0.196752
105250	0.100687
105300	0.028913
105350	0.014315
105400	-0.080526
105450	0.095844
105500	0.115339
105550	-0.047503
105600	0.024191
105650	0.076582
105700	-0.222162
105750	-0.069921
105800	-0.034013
105850	-0.047551
105900	-0.024930
105950	-0.016917
106000	0.086438
106050	0.460103
106100	-0.074540
106150	0.201475
106200	-0.019721
106250	-0.210260
106300	-0.108550
106350	0.250773
106400	0.002865
106450	0.007726
106500	0.164839
106550	-0.238840
106600	0.269410
106650	0.227616
106700	0.017826
106750	0.126133
106800	-0.311050
106850	0.040692
106900	0.084646
106950	-0.009786
107000	-0.117223
107050	0.098388
107100	-0.222320
107150	-0.189152
107200	0.353200
107250	0.133547
107300	-0.112524
107350	0.100772
107400	-0.116184
107450	0.220330
107500	0.180147
107550	-0.086050
107600	0.160559
107650	0.094418
107700	0.029316
107750	0.303189
107800	-0.089321
107850	0.052044
107900	0.142816
107950	0.231153
108000	-0.043669
108050	0.089509
108100	0.111496
108150	0.166853
108200	-0.016376
108250	-0.158891
108300	-0.009370
108350	0.120884
108400	0.104394
108450	0.119445
108500	0.106758
108550	-0.097514
108600	-0.006622
108650	0.007323
108700	-0.071355
108750	0.163205
108800	0.083736
108850	0.206690
108900	0.069160
108950	0.122617
109000	0.051998
109050	0.027271
109100	0.108109
109150	-0.008006
109200	0.281749
109250	-0.050850
109300	0.006081
109350	-0.028731
109400	0.032945
109450	0.205835
109500	0.128704
109550	-0.057451
109600	-0.129128
109650	0.287339
109700	0.021911
109750	-0.031174
109800	0.179335
109850	-0.238005
109900	-0.206594
109950	0.088831
110000	0.226066
110050	0.101368
110100	-0.004727
110150	-0.018326
110200	0.118478
110250	0.064208
110300	0.220524
110350	0.097971
110400	0.355383
110450	0.003953
110500	0.148462
110550	-0.060358
110600	-0.019611
110650	0.190978
110700	0.002155
110750	0.197545
110800	-0.007431
110850	-0.009040
110900	-0.086690
110950	-0.121891
111000	0.008977
111050	-0.055892
111100	-0.179181
111150	0.142294
111200	0.174829
111250	0.228544
111300	-0.230963
111350	0.132455
111400	0.009115
111450	-0.027548
111500	-0.069101
111550	-0.055360
111600	0.001301
111650	-0.092853
111700	0.079325
111750	0.051595
111800	-0.046210
111850	-0.005451
111900	-0.025192
111950	0.034861
112000	-0.004415
112050	0.034547
112100	-0.410501
112150	-0.051408
112200	-0.019109
112250	0.157070
112300	0.149987
112350	-0.118581
112400	-0.053580
112450	0.117194
112500	-0.020583
112550	0.152985
112600	0.036880
112650	0.076710
112700	0.031805
112750	0.046010
112800	-0.076982
112850	0.023842
112900	-0.289691
112950	-0.026657
113000	-0.121385
113050	-0.196081
113100	-0.061954
113150	-0.245650
113200	-0.035190
113250	0.071647
113300	0.072381
113350	0.249959
113400	-0.075542
113450	0.117408
113500	-0.116661
113550	-0.141048
113600	-0.062137
113650	0.042378
113700	-0.074142
113750	0.199408
113800	-0.058999
113850	-0.023381
113900	0.055232
113950	-0.014340
114000	0.040657
114050	0.070603
114100	-0.080037
114150	0.002538
114200	-0.020196
114250	0.037073
114300	0.136534
114350	-0.044479
114400	-0.124895
114450	-0.193430
114500	0.179477
114550	-0.178499
114600	-0.093430
114650	-0.055270
114700	0.051591
114750	0.104574
114800	-0.024556
114850	-0.016966
114900	0.051032
114950	-0.044086
115000	0.287916
115050	0.265689
115100	-0.363666
115150	0.171503
115200	0.093303
115250	0.029058
115300	-0.078601
115350	-0.295858
115400	0.129260
115450	0.042736
115500	0.049261
115550	0.063134
115600	0.173953
115650	0.245053
115700	0.018229
115750	-0.089349
115800	0.036966
115850	-0.077231
115900	0.053611
115950	0.059612
116000	-0.077042
116050	-0.142686
116100	0.100595
116150	0.094039
116200	-0.090018
116250	-0.035708
116300	0.066780
116350	-0.026102
116400	0.137763
116450	0.312459
116500	0.048062
116550	0.049501
116600	-0.075046
116650	0.198709
116700	-0.082999
116750	0.163077
116800	-0.023935
116850	-0.063923
116900	-0.017281
116950	0.099768
117000	0.021375
117050	-0.024543
117100	0.013686
117150	0.033280
117200	-0.013384
117250	-0.141255
117300	0.135230
117350	0.139347
117400	-0.071745
117450	0.060859
117500	0.129482
117550	0.376547
117600	-0.109083
117650	-0.049320
117700	0.170016
117750	-0.172851
117800	-0.234443
117850	0.053975
117900	-0.039577
117950	-0.102711
118000	-0.029666
118050	-0.008612
118100	-0.011601
118150	-0.017113
118200	-0.020770
118250	0.181526
118300	0.161632
118350	0.076671
118400	-0.139245
118450	-0.215762
118500	-0.093523
118550	-0.323288
118600	0.001968
118650	0.116610
118700	0.085776
118750	0.086980
118800	-0.183790
118850	-0.181008
118900	-0.017639
118950	0.133887
119000	-0.028471
119050	-0.013732
119100	0.015696
119150	-0.107540
119200	-0.127355
119250	-0.140398
119300	0.007882
119350	-0.308948
119400	-0.069730
119450	-0.054421
119500	0.157764
119550	-0.030660
119600	-0.191415
119650	-0.140827
119700	0.226054
119750	-0.297622
119800	-0.087797
119850	0.314430
119900	0.265212
119950	0.021616
120000	-0.082317
120050	-0.164908
120100	0.088423
120150	-0.125191
120200	-0.180752
120250	-0.134521
120300	-0.044000
120350	-0.204362
120400	0.070333
120450	-0.372520
120500	-0.350212
120550	-0.038341
120600	0.071162
120650	0.242031
120700	-0.067922
120750	-0.296830
120800	-0.064065
120850	0.172238
120900	0.071060
120950	-0.243739
121000	0.036075
121050	0.066472
121100	-0.072410
121150	-0.137572
121200	0.058912
121250	0.083036
121300	-0.078336
121350	-0.237980
121400	0.063274
121450	-0.015001
121500	-0.192022
121550	0.052335
121600	0.281534
121650	0.188650
121700	0.074742
121750	-0.003201
121800	-0.056751
121850	0.090164
121900	-0.104768
121950	0.103889
122000	0.179280
122050	0.080119
122100	-0.101151
122150	0.050028
122200	0.148800
122250	-0.078966
122300	-0.032385
122350	-0.092380
122400	-0.206867
122450	-0.028833
122500	0.156910
122550	-0.135444
122600	-0.113513
122650	0.195602
122700	0.044456
122750	0.238754
122800	0.149411
122850	0.102756
122900	0.295841
122950	0.071993
123000	-0.053722
123050	-0.046495
123100	0.074605
123150	-0.105109
123200	0.219313
123250	-0.072250
123300	0.014127
123350	0.092823
123400	0.089216
123450	0.301972
123500	-0.220648
123550	0.016148
123600	0.080932
123650	-0.052511
123700	-0.063535
123750	0.155520
123800	0.191433
123850	-0.166203
123900	-0.168613
123950	0.115810
124000	0.073688
124050	-0.020942
124100	-0.039467
124150	-0.065554
124200	0.224244
124250	0.047194
124300	-0.007293
124350	0.242400
124400	0.053518
124450	-0.279779
124500	0.043426
124550	0.178950
124600	-0.021878
124650	-0.086020
124700	-0.110220
124750	-0.020840
124800	-0.082944
124850	-0.204423
124900	0.010349
124950	-0.125962
125000	0.075723
125050	-0.133768
125100	-0.030063
125150	-0.173939
125200	-0.020839
125250	-0.098023
125300	0.016187
125350	0.073094
125400	-0.092427
125450	0.108024
125500	0.153051
125550	0.060895
125600	-0.279249
125650	0.159370
125700	0.148043
125750	0.097755
125800	-0.005497
125850	0.218413
125900	0.217588
125950	0.085105
126000	0.275940
126050	0.364904
126100	-0.061115
126150	0.274413
126200	0.068010
126250	0.234980
126300	0.073772
126350	0.124827
126400	0.145000
126450	0.066597
126500	-0.002630
126550	-0.031401
126600	0.095397
126650	0.130871
126700	0.088072
126750	0.050129
126800	-0.174572
126850	-0.136598
126900	-0.094141
126950	0.019936
127000	0.087312
127050	0.098153
127100	-0.045714
127150	0.053667
127200	-0.081865
127250	-0.100180
127300	-0.166851
127350	-0.135034
127400	0.115014
127450	0.164393
127500	-0.023757
127550	0.028301
127600	0.034696
127650	-0.096254
127700	0.214404
127750	-0.142425
127800	0.051210
127850	0.038347
127900	-0.017634
127950	-0.168309
128000	-0.107856
128050	0.001627
128100	-0.100811
128150	-0.103916
128200	-0.107783
128250	0.123236
128300	0.282008
128350	0.218626
128400	-0.163987
128450	-0.128143
128500	0.126990
128550	-0.022989
128600	0.184954
128650	0.021531
128700	-0.040140
128750	-0.102882
128800	0.178863
128850	-0.222773
128900	0.161891
128950	-0.071677
129000	-0.054376
129050	-0.040172
129100	0.256592
129150	0.132441
129200	-0.060789
129250	-0.007266
129300	0.012494
129350	0.004950
129400	-0.104123
129450	-0.128923
129500	-0.244457
129550	0.186681
129600	0.034501
129650	-0.002054
129700	-0.299307
129750	-0.047310
129800	-0.012821
129850	-0.072081
129900	0.001026
129950	0.224868
130000	0.079372
130050	-0.025043
130100	0.048633
130150	-0.189548
130200	0.022801
130250	0.079901
130300	-0.160794
130350	0.116588
130400	0.091625
130450	-0.024341
130500	-0.125322
130550	0.062888
130600	0.061752
130650	-0.139541
130700	0.036327
130750	-0.010502
130800	-0.125159
130850	-0.233030
130900	-0.070628
130950	-0.308133
131000	0.187799
131050	-0.233007
131100	-0.069673
131150	-0.027018
131200	0.078492
131250	0.134129
131300	0.228993
131350	0.094055
131400	-0.013743
131450	0.079209
131500	-0.217903
131550	-0.101210
131600	-0.195483
131650	-0.065514
131700	-0.130438
131750	0.028769
131800	0.013698
131850	0.237387
131900	0.040878
131950	-0.121103
132000	0.140081
132050	0.153662
132100	0.132836
132150	-0.017625
132200	0.064249
132250	0.107585
132300	-0.022799
132350	-0.030403
132400	0.067344
132450	0.171707
132500	0.277308
132550	-0.034554
132600	0.074724
132650	-0.218094
132700	0.011591
132750	0.004394
132800	-0.272060
132850	-0.210562
132900	-0.143867
132950	0.149577
133000	-0.169194
133050	-0.121727
133100	-0.107724
133150	-0.119254
133200	0.040137
133250	-0.048774
133300	0.167348
133350	-0.260533
133400	-0.080455
133450	0.179962
133500	0.083461
133550	-0.002452
133600	-0.103731
133650	-0.032003
133700	-0.153054
133750	-0.132619
133800	0.026961
133850	0.245969
133900	-0.077313
133950	-0.071026
134000	-0.013630
134050	0.297832
134100	-0.023184
134150	-0.120955
134200	-0.028228
134250	-0.218058
134300	-0.381050
134350	-0.059419
134400	0.244266
134450	0.150834
134500	0.009783
134550	0.234826
134600	-0.246940
134650	0.118668
134700	-0.160516
134750	-0.071873
134800	0.000039
134850	0.216015
134900	0.242390
134950	-0.145473
135000	0.077542
135050	-0.179359
135100	-0.073604
135150	-0.099185
135200	0.235852
135250	-0.115803
135300	0.183627
135350	0.042373
135400	0.284535
135450	0.098618
135500	-0.175670
135550	0.051284
135600	0.163618
135650	-0.156113
135700	-0.016015
135750	-0.027038
135800	-0.125330
135850	0.280796
135900	-0.059044
135950	-0.038702
136000	0.157708
136050	-0.007522
136100	0.309169
136150	-0.312604
136200	0.034685
136250	-0.045327
136300	-0.261655
136350	0.039768
136400	0.177111
136450	0.066311
136500	-0.005372
136550	0.330710
136600	0.209188
136650	0.049284
136700	-0.020749
136750	-0.074234
136800	0.051770
136850	0.038118
136900	-0.119498
136950	-0.238947
137000	0.001222
137050	0.191353
137100	-0.239936
137150	-0.170450
137200	0.035275
137250	-0.136751
137300	0.106726
137350	-0.033894
137400	0.057501
137450	0.084350
137500	0.023422
137550	0.094261
137600	-0.032617
137650	-0.142703
137700	-0.023564
137750	-0.245517
137800	0.045095
137850	0.093652
137900	-0.195294
137950	-0.101314
138000	-0.106914
138050	-0.078657
138100	0.081044
138150	0.010789
138200	-0.336195
138250	-0.173783
138300	-0.138959
138350	-0.247786
138400	-0.009220
138450	-0.005064
138500	0.065501
138550	0.081228
138600	0.107630
138650	0.000602
138700	0.114694
138750	0.031556
138800	-0.186376
138850	-0.111925
138900	0.031433
138950	0.090803
139000	0.057011
139050	0.081230
139100	-0.077824
139150	-0.067398
139200	-0.263953
139250	0.067286
139300	0.028597
139350	0.021458
139400	-0.042471
139450	0.030274
139500	-0.058890
139550	0.041240
139600	-0.127089
139650	-0.116938
139700	0.010788
139750	-0.097264
139800	-0.017068
139850	-0.034922
139900	-0.011165
139950	-0.104584
140000	0.131775
140050	0.184977
140100	0.120273
140150	-0.175324
140200	0.092350
140250	0.185101
140300	-0.043603
140350	-0.088117
140400	0.238057
140450	0.069440
140500	0.057151
140550	0.017168
140600	0.181360
140650	-0.249991
140700	0.090966
140750	0.117830
140800	0.003906
140850	-0.064848
140900	0.003008
140950	-0.005356
141000	-0.288638
141050	0.254718
141100	0.145679
141150	-0.024628
141200	0.083946
141250	0.146281
141300	-0.124315
141350	-0.135821
141400	-0.062508
141450	0.014022
141500	0.168864
141550	0.003153
141600	-0.052314
141650	0.160681
141700	0.014441
141750	0.066349
141800	-0.149102
141850	0.007496
141900	0.204856
141950	-0.017520
142000	-0.088940
142050	0.052689
142100	-0.011936
142150	0.016181
142200	-0.023930
142250	-0.178519
142300	-0.294932
142350	-0.126400
142400	-0.061518
142450	-0.194037
142500	0.042923
142550	-0.010535
142600	-0.030388
142650	0.017448
142700	-0.021880
142750	0.185174
142800	0.345369
142850	-0.187854
142900	0.049377
142950	-0.015116
143000	0.175010
143050	0.002540
143100	0.058528
143150	-0.056742
143200	-0.231471
143250	0.035103
143300	-0.036665
143350	-0.095020
143400	0.042793
143450	0.090606
143500	-0.086139
143550	0.022981
143600	-0.118063
143650	0.035920
143700	0.204323
143750	0.102363
143800	-0.128899
143850	-0.198320
143900	0.025880
143950	0.106762
144000	0.033970
144050	-0.013350
144100	-0.069721
144150	0.116767
144200	-0.019071
144250	0.105313
144300	0.205509
144350	-0.145433
144400	0.111448
144450	0.203975
144500	-0.069784
144550	-0.102105
144600	0.243979
144650	0.097159
144700	-0.076554
144750	0.363889
144800	0.100481
144850	-0.113640
144900	-0.123335
144950	0.062840
145000	0.179593
145050	0.194486
145100	-0.166549
145150	-0.139399
145200	-0.033132
145250	0.115453
145300	-0.055064
145350	-0.240270
145400	-0.120056
145450	0.065523
145500	0.097704
145550	0.041855
145600	0.222903
145650	0.181773
145700	-0.213645
145750	-0.023265
145800	0.120110
145850	-0.071957
145900	0.177165
145950	-0.070062
146000	0.069714
146050	-0.164118
146100	0.236960
146150	-0.096803
146200	0.289794
146250	-0.232971
146300	0.117938
146350	0.000313
146400	0.200061
146450	0.097479
146500	0.026198
146550	-0.175455
146600	-0.042036
146650	-0.058634
146700	0.186010
146750	0.059356
146800	0.103678
146850	0.025222
146900	-0.094502
146950	0.028744
147000	-0.019848
147050	-0.279134
147100	0.014571
147150	0.062040
147200	-0.037910
147250	0.130685
147300	-0.290700
147350	-0.191786
147400	-0.149531
147450	-0.015007
147500	0.016159
147550	-0.055562
147600	-0.173881
147650	0.080724
147700	0.324640
147750	0.164528
147800	-0.079502
147850	0.036959
147900	0.100253
147950	0.231816
148000	0.065644
148050	-0.148212
148100	0.153139
148150	-0.360836
148200	0.119075
148250	-0.064205
148300	0.009418
148350	0.062267
148400	-0.122792
148450	0.402992
148500	0.033147
148550	-0.012715
148600	0.024571
148650	-0.029746
148700	-0.077152
148750	0.038188
148800	0.151570
148850	0.226099
148900	0.089178
148950	-0.107134
149000	-0.234484
149050	-0.125496
149100	-0.052141
149150	0.133594
149200	-0.268064
149250	-0.047120
149300	-0.160879
149350	-0.124287
149400	0.232151
149450	-0.202954
149500	-0.291079
149550	-0.046469
149600	0.190649
149650	-0.073793
149700	0.042607
149750	0.041588
149800	-0.074558
149850	0.043007
149900	0.124235
149950	0.253459
150000	-0.027132
150050	0.232008
150100	-0.105148
150150	-0.293375
150200	-0.364261
150250	0.044248
150300	-0.113425
150350	0.051815
150400	0.114024
150450	0.134656
150500	-0.234840
150550	-0.102921
150600	-0.399930
150650	0.205352
150700	-0.141789
150750	-0.323902
150800	0.073981
150850	-0.063306
150900	0.024380
150950	0.106289
151000	-0.038938
151050	-0.022573
151100	0.179414
151150	-0.107035
151200	-0.038226
151250	0.126090
151300	-0.064083
151350	0.003606
151400	-0.391981
151450	0.075139
151500	0.046228
151550	0.261579
151600	0.041718
151650	0.030399
151700	0.183566
151750	0.173329
151800	-0.115208
151850	0.002613
151900	0.090069
151950	-0.070530
152000	-0.034287
152050	-0.037398
152100	-0.189975
152150	0.089680
152200	-0.092070
152250	-0.249700
152300	-0.047817
152350	0.017123
152400	-0.244546
152450	0.086681
152500	-0.119190
152550	0.024882
152600	-0.010577
152650	0.068563
152700	0.063572
152750	0.182497
152800	0.219728
152850	0.000225
152900	-0.056561
152950	-0.136888
153000	0.165604
153050	0.008227
153100	0.072054
153150	-0.092982
153200	-0.050605
153250	-0.153658
153300	-0.095991
153350	-0.288075
153400	0.065114
153450	-0.201039
153500	0.109263
153550	0.042609
153600	0.071378
153650	0.069915
153700	0.092852
153750	-0.058299
153800	0.037947
153850	-0.095464
153900	-0.060031
153950	-0.172010
154000	0.153069
154050	0.028495
154100	0.211943
154150	-0.113832
154200	0.055706
154250	-0.143999
154300	-0.205246
154350	0.001439
154400	-0.206831
154450	-0.074839
154500	0.014444
154550	-0.234907
154600	0.151002
154650	-0.076583
154700	0.132482
154750	-0.137753
154800	0.092677
154850	-0.133637
154900	0.220403
154950	-0.066564
155000	0.031753
155050	0.205479
155100	0.038947
155150	0.194473
155200	-0.149867
155250	-0.092549
155300	-0.078558
155350	0.097759
155400	-0.010112
155450	-0.307708
155500	0.204043
155550	0.047016
155600	-0.112773
155650	-0.218546
155700	-0.210599
155750	-0.186165
155800	0.087226
155850	0.056037
155900	0.277649
155950	-0.293478
156000	-0.042977
156050	0.117976
156100	-0.073004
156150	-0.094060
156200	0.130676
156250	-0.138612
156300	0.122752
156350	0.085763
156400	0.029358
156450	0.037040
156500	-0.084667
156550	0.105702
156600	0.099942
156650	0.089147
156700	0.038582
156750	-0.085981
156800	-0.024569
156850	-0.059035
156900	0.064857
156950	-0.035858
157000	-0.216499
157050	-0.069511
157100	0.032332
157150	-0.072016
157200	-0.170432
157250	-0.162923
157300	0.247538
157350	-0.004077
157400	0.094656
157450	0.061676
157500	0.051479
157550	-0.321383
157600	-0.103705
157650	0.126144
157700	-0.171218
157750	-0.053916
157800	-0.285320
157850	-0.096667
157900	-0.021009
157950	-0.046906
158000	0.031648
158050	0.057421
158100	0.122909
158150	0.010943
158200	0.228611
158250	-0.173849
158300	0.069517
158350	-0.127018
158400	-0.195342
158450	0.003231
158500	0.054565
158550	-0.211388
158600	-0.110238
158650	-0.300608
158700	-0.164893
158750	0.024864
158800	-0.000826
158850	-0.015810
158900	-0.119064
158950	0.157231
159000	0.113131
159050	-0.030695
159100	0.051131
159150	0.016381
159200	0.204185
159250	-0.118537
159300	0.069086
159350	0.166648
159400	0.039237
159450	-0.049761
159500	-0.078531
159550	0.212856
159600	0.102847
159650	-0.165265
159700	0.318953
159750	0.007791
159800	0.107793
159850	0.229034
159900	-0.034055
159950	-0.042127
160000	0.079960
160050	-0.098015
160100	-0.073925
160150	-0.059437
160200	0.195258
160250	-0.050129
160300	0.004048
160350	-0.010324
160400	0.155974
160450	-0.030470
160500	-0.178584
160550	0.239909
160600	-0.049208
160650	-0.061577
160700	-0.046757
160750	0.310724
160800	-0.088568
160850	-0.048591
160900	-0.353827
160950	-0.159670
161000	0.213790
161050	0.001061
161100	0.167514
161150	-0.097634
161200	0.009990
161250	-0.339256
161300	-0.003515
161350	-0.053454
161400	-0.181801
161450	-0.028673
161500	-0.062139
161550	-0.153170
161600	-0.031351
161650	0.000347
161700	-0.082378
161750	0.141856
161800	-0.061518
161850	0.016041
161900	-0.126300
161950	0.036388
162000	-0.097200
162050	-0.103994
162100	-0.323088
162150	-0.285336
162200	-0.189768
162250	-0.005093
162300	-0.099401
162350	-0.077224
162400	-0.169823
162450	0.282374
162500	0.018044
162550	-0.116453
162600	0.044124
162650	0.170971
162700	0.041794
162750	-0.064760
162800	-0.003039
162850	0.052245
162900	-0.065056
162950	-0.181823
163000	0.112943
163050	-0.114595
163100	-0.079865
163150	-0.111333
163200	-0.069303
163250	-0.039492
163300	-0.067383
163350	-0.037618
163400	-0.095138
163450	-0.064967
163500	-0.275245
163550	0.023432
163600	-0.004849
163650	0.002838
163700	-0.078483
163750	-0.041129
163800	-0.128484
163850	0.092647
163900	0.203016
163950	0.026798
164000	-0.139823
164050	0.188605
164100	0.128675
164150	-0.103584
164200	0.025506
164250	0.125830
164300	0.026289
164350	-0.009451
164400	0.034516
164450	-0.136264
164500	-0.096838
164550	0.060132
164600	0.094541
164650	-0.057896
164700	-0.119813
164750	-0.141392
164800	-0.222131
164850	0.122337
164900	0.131081
164950	0.364507
165000	-0.234305
165050	-0.017426
165100	0.046014
165150	0.203967
165200	-0.027462
165250	-0.251529
165300	0.269715
165350	0.163910
165400	0.017479
165450	0.034285
165500	0.029552
165550	-0.051168
165600	0.118198
165650	-0.048155
165700	-0.033647
165750	0.024008
165800	-0.093975
165850	0.032522
165900	-0.026255
165950	-0.121857
166000	-0.020143
166050	-0.046876
166100	-0.293983
166150	0.184505
166200	0.180284
166250	-0.035097
166300	-0.064221
166350	0.009810
166400	-0.048483
166450	0.063267
166500	0.081940
166550	0.097348
166600	0.136359
166650	-0.134428
166700	0.192551
166750	0.229399
166800	-0.132148
166850	0.077666
166900	-0.358020
166950	-0.046972
167000	0.009013
167050	0.147338
167100	0.080706
167150	0.144349
167200	-0.215170
167250	0.044136
167300	-0.029945
167350	-0.044864
167400	0.080423
167450	-0.096573
167500	-0.061163
167550	0.147986
167600	0.056456
167650	-0.293718
167700	0.024220
167750	0.231940
167800	0.109082
167850	-0.417026
167900	0.065835
167950	0.123930
168000	0.015600
168050	0.076016
168100	-0.079335
168150	0.147969
168200	0.027045
168250	-0.030234
168300	-0.091473
168350	0.306404
168400	-0.236112
168450	-0.022844
168500	0.013212
168550	-0.144821
168600	0.290951
168650	-0.185506
168700	-0.175062
168750	-0.003172
168800	-0.044359
168850	-0.001531
168900	0.045911
168950	-0.024994
169000	-0.167334
169050	0.039285
169100	-0.059191
169150	-0.171738
169200	0.351030
169250	0.019225
169300	-0.128960
169350	-0.027998
169400	-0.070074
169450	0.129851
169500	-0.016262
169550	0.092051
169600	0.097182
169650	0.079353
169700	-0.162845
169750	0.036304
169800	-0.048153
169850	0.284778
169900	0.117551
169950	-0.330755
170000	-0.122438
170050	0.171623
170100	-0.143980
170150	-0.179036
170200	-0.011543
170250	-0.050362
170300	0.038583
170350	0.024890
170400	0.035841
170450	0.064961
170500	-0.034099
170550	0.045091
170600	0.079326
170650	0.000640
170700	0.134883
170750	-0.075384
170800	0.077161
170850	-0.067100
170900	0.182670
170950	0.108356
171000	-0.137291
171050	-0.153692
171100	-0.233314
171150	0.010469
171200	0.080564
171250	0.084261
171300	-0.213194
171350	0.096245
171400	0.011690
171450	0.043522
171500	-0.110365
171550	-0.058540
171600	-0.058306
171650	-0.024135
171700	0.077136
171750	0.154367
171800	0.034961
171850	0.019538
171900	0.095478
171950	-0.112355
172000	0.058625
172050	0.065805
172100	-0.113500
172150	-0.050877
172200	0.120600
172250	0.092293
172300	-0.065395
172350	-0.071288
172400	-0.012769
172450	0.190952
172500	0.202889
172550	0.114680
172600	-0.298719
172650	-0.096614
172700	0.023722
172750	-0.255363
172800	-0.174121
172850	0.054301
172900	-0.205924
172950	-0.182387
173000	0.044308
173050	0.113196
173100	-0.103767
173150	-0.142313
173200	0.026191
173250	-0.037999
173300	-0.052350
173350	0.138231
173400	0.004178
173450	0.050015
173500	-0.055429
173550	-0.011801
173600	0.095380
173650	0.110230
173700	-0.071421
173750	-0.032737
173800	0.070453
173850	-0.041514
173900	0.029772
173950	0.222289
174000	-0.100881
174050	0.156975
174100	-0.130061
174150	-0.024295
174200	0.035623
174250	0.186490
174300	0.192824
174350	0.072967
174400	0.300100
174450	0.032230
174500	-0.037167
174550	0.038673
174600	-0.024144
174650	-0.283344
174700	-0.078079
174750	-0.149221
174800	-0.078020
174850	-0.082521
174900	0.275005
174950	-0.031672
175000	0.326672
175050	-0.049912
175100	0.170754
175150	0.079322
175200	-0.039625
175250	-0.190010
175300	-0.031346
175350	0.056583
175400	0.018406
175450	0.030497
175500	-0.111503
175550	-0.025031
175600	0.130501
175650	0.268191
175700	-0.268986
175750	-0.123414
175800	0.106098
175850	-0.187677
175900	-0.186511
175950	0.121529
176000	-0.084303
176050	-0.210062
176100	0.037978
176150	-0.086639
176200	-0.051584
176250	0.183650
176300	-0.006905
176350	-0.172280
176400	-0.006883
176450	0.062833
176500	0.047973
176550	-0.095381
176600	0.015426
176650	-0.263588
176700	-0.034219
176750	0.234383
176800	0.001875
176850	-0.160449
176900	-0.011906
176950	-0.016428
177000	0.026383
177050	-0.137043
177100	-0.092730
177150	-0.194463
177200	-0.107065
177250	0.002277
177300	0.013593
177350	0.005901
177400	0.144995
177450	0.128349
177500	-0.035839
177550	0.150481
177600	-0.000956
177650	-0.172755
177700	-0.126736
177750	0.017105
177800	-0.057935
177850	0.068528
177900	0.116098
177950	0.141606
178000	0.028979
178050	-0.093192
178100	-0.092386
178150	-0.172477
178200	-0.046859
178250	0.044171
178300	0.214782
178350	-0.179843
178400	-0.092010
178450	0.010943
178500	-0.160929
178550	-0.011011
178600	0.007955
178650	0.131813
178700	-0.083167
178750	-0.052402
178800	0.048365
178850	0.114379
178900	-0.147761
178950	0.021648
179000	0.007338
179050	-0.053069
179100	-0.360456
179150	-0.328810
179200	-0.109271
179250	0.175894
179300	-0.181217
179350	0.134967
179400	-0.211941
179450	0.369210
179500	-0.017063
179550	-0.107976
179600	0.015494
179650	0.214818
179700	0.021078
179750	-0.111155
179800	0.242561
179850	0.018015
179900	-0.076062
179950	-0.023235
180000	-0.164736
180050	-0.089574
180100	-0.085689
180150	0.247336
180200	-0.301598
180250	-0.002443
180300	0.103047
180350	0.053774
180400	-0.099938
180450	0.079477
180500	-0.132048
180550	0.130879
180600	-0.053472
180650	-0.014533
180700	0.053513
180750	0.095581
180800	0.035391
180850	-0.066113
180900	-0.058714
180950	0.003925
181000	0.158110
181050	-0.009071
181100	-0.100477
181150	0.054657
181200	-0.049128
181250	0.006413
181300	-0.085227
181350	0.076735
181400	0.044405
181450	-0.129043
181500	-0.004958
181550	0.088598
181600	-0.047126
181650	-0.123868
181700	-0.038157
181750	-0.105290
181800	0.264034
181850	0.012993
181900	0.005279
181950	-0.173967
182000	0.043143
182050	0.251060
182100	0.181455
182150	0.199543
182200	-0.198077
182250	0.183639
182300	0.067853
182350	-0.133684
182400	-0.216306
182450	-0.069318
182500	-0.146065
182550	0.082045
182600	-0.075028
182650	-0.120372
182700	-0.163367
182750	-0.193781
182800	-0.095917
182850	0.171475
182900	0.004077
182950	-0.108032
183000	-0.046433
183050	-0.013610
183100	-0.103055
183150	-0.125954
183200	0.096557
183250	-0.034335
183300	0.064449
183350	-0.086510
183400	0.134950
183450	0.036738
183500	-0.127841
183550	-0.175350
183600	0.099983
183650	0.126429
183700	-0.179347
183750	0.203693
183800	-0.442236
183850	-0.163118
183900	0.007130
183950	-0.172654
184000	0.408720
184050	0.033466
184100	0.087322
184150	-0.044690
184200	-0.031386
184250	0.047139
184300	0.070978
184350	0.150900
184400	0.030734
184450	0.253956
184500	-0.086165
184550	0.121648
184600	-0.083115
184650	0.172534
184700	-0.109279
184750	0.108077
184800	-0.074274
184850	0.077698
184900	0.080383
184950	0.127825
185000	-0.355475
185050	-0.173136
185100	-0.062285
185150	-0.378153
185200	-0.023880
185250	0.124823
185300	0.108019
185350	0.113659
185400	0.107798
185450	-0.008880
185500	0.203277
185550	0.044358
185600	0.043900
185650	-0.026294
185700	0.090565
185750	-0.316368
185800	-0.123604
185850	-0.109233
185900	-0.095345
185950	-0.213616
186000	0.124559
186050	0.101689
186100	-0.001904
186150	0.092920
186200	0.217447
186250	0.242297
186300	0.134909
186350	-0.125385
186400	-0.022873
186450	0.159247
186500	0.126044
186550	-0.132579
186600	0.166880
186650	-0.014433
186700	0.171603
186750	0.344958
186800	-0.035971
186850	0.053853
186900	-0.160318
186950	-0.090219
187000	0.014023
187050	-0.195139
187100	-0.075443
187150	-0.083157
187200	0.139271
187250	-0.084104
187300	-0.050998
187350	-0.000106
187400	0.201045
187450	-0.162185
187500	0.017209
187550	-0.028905
187600	-0.209292
187650	0.218133
187700	0.185691
187750	-0.059049
187800	-0.068823
187850	0.001888
187900	0.015270
187950	-0.189072
188000	0.097288
188050	-0.050744
188100	0.048627
188150	0.006488
188200	0.052619
188250	-0.087400
188300	0.118176
188350	-0.039828
188400	-0.113295
188450	0.061739
188500	-0.009255
188550	0.114230
188600	0.217423
188650	-0.226514
188700	-0.115847
188750	-0.006590
188800	-0.123789
188850	-0.164801
188900	-0.193367
188950	-0.040666
189000	0.079675
189050	-0.183647
189100	-0.000938
189150	0.018620
189200	0.093322
189250	0.078190
189300	0.210008
189350	-0.071144
189400	0.235786
189450	-0.008045
189500	0.146795
189550	0.098653
189600	0.008993
189650	0.023082
189700	0.262961
189750	-0.164777
189800	0.195354
189850	0.240304
189900	0.214356
189950	-0.252370
190000	0.030499
190050	-0.227118
190100	0.008185
190150	0.150588
190200	-0.038450
190250	-0.217560
190300	0.148927
190350	0.232675
190400	-0.187570
190450	-0.080639
190500	-0.097562
190550	0.053731
190600	0.071746
190650	-0.170406
190700	0.258162
190750	0.231884
190800	0.259215
190850	0.073642
190900	-0.092587
190950	-0.024700
191000	0.064395
191050	0.079613
191100	-0.020502
191150	0.048457
191200	0.071856
191250	0.354122
191300	-0.220603
191350	-0.175234
191400	-0.070339
191450	-0.246880
191500	-0.050109
191550	-0.030008
191600	-0.089319
191650	-0.026714
191700	0.050627
191750	-0.145097
191800	0.062065
191850	0.163763
191900	-0.226080
191950	0.099575
192000	-0.081120
192050	0.216873
192100	0.183861
192150	-0.025238
192200	0.042596
192250	0.044612
192300	-0.148872
192350	-0.146099
192400	-0.163982
192450	0.111586
192500	0.016741
192550	-0.118364
192600	-0.149550
192650	-0.192994
192700	0.139291
192750	-0.002668
192800	-0.099521
192850	-0.045112
192900	0.057309
192950	0.283139
193000	0.185009
193050	-0.308776
193100	-0.182966
193150	0.016291
193200	-0.034823
193250	0.062396
193300	-0.112699
193350	-0.131354
193400	-0.107266
193450	0.186803
193500	0.106259
193550	-0.131843
193600	0.108910
193650	-0.178081
193700	0.004582
193750	0.187000
193800	-0.030484
193850	-0.144354
193900	-0.089574
193950	0.169602
194000	-0.003619
194050	-0.293297
194100	-0.171351
194150	0.304194
194200	-0.148390
194250	0.138790
194300	-0.046488
194350	-0.179012
194400	-0.250865
194450	0.145971
194500	-0.163865
194550	-0.035825
194600	-0.003861
194650	-0.225282
194700	-0.305722
194750	-0.194041
194800	-0.131247
194850	0.054472
194900	0.329789
194950	-0.173957
195000	-0.106706
195050	0.088208
195100	-0.068170
195150	-0.018416
195200	-0.249747
195250	-0.004233
195300	0.034475
195350	-0.131160
195400	0.077734
195450	0.142556
195500	0.179746
195550	0.112295
195600	0.043509
195650	-0.228699
195700	-0.008357
195750	0.080843
195800	-0.101773
195850	-0.045975
195900	-0.039503
195950	-0.026046
196000	0.084266
196050	-0.260860
196100	0.076373
196150	-0.184998
196200	-0.056133
196250	-0.138440
196300	0.020085
196350	0.145804
196400	-0.205710
196450	0.161365
196500	0.102549
196550	-0.079884
196600	0.010612
196650	0.165876
196700	0.090748
196750	0.116981
196800	-0.063638
196850	-0.090441
196900	0.152081
196950	0.126551
197000	-0.120578
197050	-0.168765
197100	-0.162883
197150	-0.232294
197200	0.055387
197250	-0.257783
197300	0.001690
197350	-0.023152
197400	-0.015527
197450	0.141667
197500	-0.023314
197550	0.182762
197600	-0.063042
197650	-0.113373
197700	0.094437
197750	0.166684
197800	0.143001
197850	0.133640
197900	-0.243461
197950	0.187821
198000	-0.184887
198050	-0.112401
198100	-0.131307
198150	0.009026
198200	0.006657
198250	0.008705
198300	0.172150
198350	-0.163287
198400	0.084400
198450	-0.157079
198500	0.052537
198550	-0.121828
198600	-0.034024
198650	-0.135510
198700	0.101866
198750	-0.276393
198800	0.043788
198850	0.146739
198900	-0.127154
198950	-0.104184
199000	0.162195
199050	-0.078689
199100	-0.140378
199150	-0.094842
199200	-0.024955
199250	0.231085
199300	-0.096211
199350	-0.109751
199400	-0.068921
199450	-0.026935
199500	0.123106
199550	0.088413
199600	-0.068361
199650	-0.215620
199700	0.046599
199750	0.419544
199800	-0.216287
199850	-0.065931
199900	-0.211834
199950	-0.052298
