3.099650
0.527018
0.456257
0.223330
0.132655
0.260874
0.179702
0.292082
0.252705
0.211869
0.243802
0.074807
0.117894
0.160795
0.264500
0.000625
-0.011376
0.145091
0.090554
0.032624
0.111184
0.028585
0.085427
0.001557
-0.023414
0.077695
0.148012
0.065663
0.049075
0.153979
0.108147
0.100932
0.081464
0.082603
0.047651
0.105186
0.100789
0.011068
0.083350
0.066874
0.015625
0.079576
0.135244
0.066903
0.176604
0.139495
-0.000742
0.063488
0.025064
0.107022
0.067909
0.150853
0.152112
0.183081
0.148934
-0.033307
0.039611
0.061158
0.208859
0.060401
0.073973
0.038631
0.053672
0.135719
0.176124
-0.024054
0.096970
0.104904
0.078223
-0.020964
-0.043627
0.117696
0.136155
0.070955
0.140621
0.097746
0.103643
0.169479
0.045061
0.133134
0.111236
0.213566
0.210025
0.098199
0.024590
0.085777
0.014772
0.004973
-0.028143
0.064406
0.182696
0.018772
-0.046300
0.031036
-0.056624
-0.061962
0.033195
-0.007608
0.077291
0.139189
0.130242
0.013465
0.015749
0.040365
0.096466
0.084544
0.070557
0.080274
0.026377
0.050340
-0.004992
-0.019249
0.123762
0.003450
0.036861
0.160875
0.075785
0.148341
0.249543
0.035712
0.016722
0.104233
0.135341
0.116092
0.112481
0.084260
0.004897
-0.058198
0.008865
0.021683
0.075462
0.130938
-0.089746
0.068999
0.064743
0.083052
0.002000
0.054958
0.148290
0.130605
0.080759
0.152261
0.173443
0.015483
0.126056
-0.022181
0.155806
0.062564
0.136382
0.008693
-0.001580
0.071773
-0.036815
-0.010034
-0.144284
-0.000281
0.035655
0.086423
0.014624
0.032215
0.127380
0.094249
-0.033834
0.044266
-0.091570
-0.040387
0.015154
0.044628
-0.013876
0.000065
0.064054
-0.018523
0.070580
-0.028919
0.119584
0.056631
0.009178
0.080726
-0.018779
0.036594
0.097628
0.016023
-0.074628
0.140178
-0.075403
-0.044360
0.058552
-0.031847
0.043104
-0.003851
0.017928
-0.026234
0.069272
0.165729
0.056130
0.125078
0.079069
0.089804
0.138585
0.035275
0.041291
0.022843
-0.046181
0.077762
-0.001776
0.035692
0.147233
-0.077771
-0.019009
-0.024400
0.008343
0.068388
0.032100
0.073413
0.027607
0.036923
0.074605
0.097562
0.016667
-0.019562
0.013595
0.114842
-0.101873
0.127937
0.097199
0.175226
0.048349
0.021661
0.105866
0.037541
0.018818
0.085155
0.106720
-0.073736
-0.076525
0.061583
0.020428
0.070122
0.074905
0.053361
0.007532
0.015990
0.018887
-0.005018
0.069751
0.061190
0.063773
0.022891
0.080323
-0.004671
-0.033418
-0.002172
-0.018905
-0.116302
-0.095725
-0.014819
0.034422
0.091335
-0.029614
0.029022
0.034896
0.059363
0.076343
0.044203
0.059952
0.002518
-0.002260
0.064975
0.003176
0.017409
-0.002353
-0.026170
0.027272
-0.047104
0.036685
0.037214
0.104747
0.065934
0.121808
-0.036478
0.032104
-0.003765
-0.077976
0.140301
-0.003571
0.060264
0.070371
0.056248
0.053406
-0.091213
-0.043554
0.049223
0.034776
0.051641
0.027975
0.041294
0.044424
-0.006883
0.064107
-0.000705
0.005955
0.020476
0.092109
0.031441
-0.049237
-0.006113
0.071397
-0.001080
-0.038484
0.001383
0.035552
0.007111
0.115496
-0.065474
-0.007019
0.016268
-0.022255
0.054601
0.002052
0.086260
-0.062616
0.000310
0.129255
0.038968
0.092468
0.045569
0.080970
0.048209
-0.030897
0.034186
0.003124
0.153162
0.195504
0.163055
0.151488
0.063412
0.053393
0.067417
-0.044945
-0.059470
0.033321
0.072681
0.101401
0.140919
0.071984
0.021648
-0.034923
-0.101961
0.052815
0.013963
0.039447
0.009626
0.033578
0.085245
0.037159
-0.059541
0.018466
-0.007803
-0.000393
0.082581
0.022167
-0.054734
-0.044714
0.036681
-0.007293
0.176029
0.141497
0.213950
0.147966
0.102664
0.027071
0.137146
-0.028148
0.026044
0.021974
-0.023392
-0.019066
0.058836
0.068735
0.030029
0.038061
0.026471
-0.072736
0.044217
0.013474
-0.014268
0.103867
0.083173
-0.104902
-0.060640
0.015270
0.019815
0.043226
0.011713
0.174330
0.108922
-0.070347
-0.035876
0.040680
0.135918
0.107262
-0.020965
0.062800
0.037951
-0.011592
0.024864
-0.008889
0.122492
0.103806
0.119399
0.164497
0.003894
-0.029584
0.061726
0.070585
0.041010
0.015669
-0.012189
0.031573
0.024857
0.188042
0.023616
0.101952
0.114154
0.014708
-0.001773
0.009444
0.044363
0.017218
0.005182
-0.033219
-0.034065
-0.032585
0.034875
0.024708
0.000598
-0.077444
-0.069575
-0.019474
0.008198
-0.010034
0.038292
-0.012151
-0.014510
-0.019024
-0.078602
-0.020226
-0.011056
-0.033649
-0.015778
-0.001813
-0.012011
0.090231
0.047801
0.050907
0.022073
0.093240
0.120709
0.066835
0.028427
0.062085
0.028174
-0.045635
-0.043501
0.030981
0.044918
0.112202
0.103770
-0.069283
-0.054487
-0.079266
0.124871
-0.018820
-0.017436
-0.111126
-0.084329
-0.061107
0.005091
0.106026
0.064907
0.011445
-0.018834
-0.027274
0.127084
0.051469
0.102886
0.064741
0.038383
-0.002140
-0.017839
-0.053378
0.012768
0.014409
-0.070569
-0.039868
-0.037807
-0.007836
0.058568
0.033011
0.141733
0.105189
0.111527
0.106359
0.116550
-0.097914
0.126273
0.062536
0.005961
0.003107
0.053828
0.093771
0.058270
-0.049244
-0.000184
0.008611
0.052461
-0.037401
0.030315
0.099922
0.123075
0.181956
0.099426
0.079580
0.065755
0.052041
0.072574
-0.047173
-0.007550
-0.058795
-0.034197
0.017956
0.048454
0.069008
-0.014269
0.027079
-0.001424
0.018613
0.013918
-0.035596
0.003278
0.031658
0.061720
0.022544
0.089029
-0.031981
-0.008329
-0.071799
0.000186
-0.013841
-0.069369
-0.002465
0.145401
0.084878
0.000912
0.074350
0.124251
0.096103
0.041062
0.003915
0.039017
0.005558
0.025749
-0.074281
-0.023513
0.086798
0.108928
0.033636
0.077342
0.008070
-0.120870
0.008949
0.003759
0.002769
-0.023605
0.020273
0.004244
0.039146
0.040403
0.110396
0.032765
-0.070068
-0.022827
-0.008664
-0.044261
-0.022386
-0.101668
-0.012192
0.013569
0.076808
0.069949
0.010121
0.097752
0.017033
0.073504
0.023381
0.065268
-0.016313
0.017157
-0.060674
0.048483
0.075362
0.043902
-0.075748
-0.016127
-0.051304
0.009222
0.013256
0.025751
0.073024
0.059174
0.039195
0.072378
0.033999
0.024446
-0.013839
0.148963
0.058767
-0.014333
-0.011571
0.148706
0.035541
0.056836
-0.011388
0.028107
0.032919
0.036074
-0.026841
0.118289
-0.047174
0.140367
0.098851
0.108901
-0.033826
0.020236
0.101010
-0.013818
0.161986
0.038583
-0.032325
-0.033107
0.044209
-0.086150
0.022714
0.026310
-0.067622
-0.026132
0.128681
0.024370
-0.066433
0.169855
0.039692
0.047271
0.071869
0.097847
0.078069
0.059425
0.103473
0.016938
0.062755
0.102500
0.081154
0.005389
0.072998
0.032540
0.076766
0.110886
0.024449
0.025362
0.112632
-0.036870
-0.048242
-0.005743
-0.034350
-0.077091
0.013090
0.051426
0.049912
0.038040
0.157196
-0.057270
-0.030531
0.097141
0.071571
0.071298
0.063235
-0.010678
0.020282
0.116475
0.119092
0.123554
0.066295
-0.018065
0.045144
0.060017
-0.008397
-0.054287
-0.006606
0.006409
-0.042071
-0.146774
-0.007815
0.011584
0.038134
0.047272
0.034576
0.028254
0.025091
0.072373
0.061397
0.045322
0.087668
0.089279
0.033109
0.065319
0.024337
-0.012665
0.068612
0.127604
-0.077238
-0.083782
-0.125357
0.011206
-0.005571
-0.045085
0.118794
0.116191
0.153005
-0.008789
-0.004528
0.096163
-0.012693
-0.059324
0.007470
0.012315
0.024431
-0.063378
0.024929
0.070460
0.014108
0.076621
0.188704
0.044988
0.131630
0.089056
0.180712
0.193469
0.041849
0.059647
0.138945
0.091880
0.050096
0.069539
-0.039849
0.008723
-0.012798
-0.114351
-0.046967
-0.011352
-0.008661
-0.040687
0.024958
-0.032150
0.034064
0.046006
-0.001560
0.042586
0.076955
0.027728
0.035270
0.077488
-0.054522
-0.041867
0.013440
0.020777
0.007881
0.084323
-0.014816
-0.083988
0.036143
0.080089
0.070483
0.065135
0.063241
0.002907
-0.049703
-0.022798
0.023767
-0.080019
-0.108504
0.147764
-0.049469
-0.154816
-0.031357
-0.059369
0.098736
-0.071276
-0.069655
-0.016328
-0.009740
0.046267
0.033038
0.062811
0.059727
0.036714
0.055183
-0.043004
0.063659
-0.060548
0.052609
0.060194
0.058795
0.049606
0.053012
-0.036358
-0.016291
-0.004735
0.112221
0.113369
0.125833
0.038603
0.047930
0.056157
-0.117951
0.028434
0.047508
0.101030
0.000061
0.087237
0.111889
0.125814
0.181487
0.081027
-0.048160
-0.050384
0.015058
0.018123
-0.054388
-0.049267
0.099323
0.043907
0.106814
-0.098420
-0.071564
0.029714
-0.011729
-0.153708
-0.040032
0.050572
0.037159
0.054526
0.115784
0.084224
-0.014890
-0.034803
0.058548
-0.106312
-0.128135
-0.054154
0.055070
0.087333
0.001888
0.037907
0.030109
-0.095919
0.012787
0.072665
0.013854
-0.009947
-0.073027
0.049908
0.005648
0.070006
0.079431
0.009814
0.143344
0.191514
0.052967
0.041052
0.112952
0.050241
0.062342
0.071478
-0.012020
0.011461
0.132927
0.060109
-0.029371
0.002691
0.045164
-0.032991
-0.043205
0.006935
-0.075589
-0.000534
0.021480
-0.062434
0.066364
-0.002367
-0.008506
0.132273
0.058856
0.031137
0.029675
0.096408
0.070966
-0.044315
0.066016
0.034082
0.007152
0.135649
0.051428
0.013894
0.056095
0.021580
0.046056
0.105409
0.082509
-0.085595
0.020977
0.011203
0.117938
0.137181
0.167411
0.037820
-0.043783
0.088191
0.076165
0.071177
-0.010684
0.038330
0.161416
0.106258
0.040635
0.018855
0.090777
0.056168
0.055363
0.083865
-0.040216
0.029706
-0.034811
-0.104683
0.059788
0.092732
0.087059
0.106046
0.016224
0.038724
0.029885
-0.098458
0.017266
0.023781
-0.007972
-0.107103
-0.097715
-0.055671
0.040127
0.075709
0.057211
0.038766
-0.039431
-0.056305
0.011603
0.064909
0.115350
-0.036226
-0.027688
0.137764
0.033672
-0.020434
0.078578
-0.028595
-0.011959
0.074233
0.001323
0.047430
0.083674
0.064621
0.101157
0.016857
-0.017228
-0.004691
0.033155
0.078401
-0.047680
0.127872
0.001986
0.157384
0.089660
0.019330
0.065040
0.100251
0.069358
0.014577
-0.000768
0.041650
0.028170
-0.034417
0.139680
-0.052074
-0.036477
-0.022122
-0.026122
-0.030604
0.000275
0.029315
-0.000488
0.004855
0.028066
0.105869
0.032870
0.144862
0.042882
0.177987
0.102331
-0.000609
-0.031793
0.058360
0.094426
-0.002941
0.071754
-0.038466
0.020823
-0.089813
-0.042450
0.029785
0.026393
0.129810
0.021303
0.072939
0.017038
0.046163
-0.020279
-0.001539
0.126593
-0.045819
-0.088376
-0.039846
0.063230
-0.096546
0.012283
0.056488
-0.018515
0.095515
0.033390
0.061171
0.052574
-0.025487
-0.084583
0.197510
-0.028251
0.022193
0.057691
0.091297
0.076822
-0.050085
0.028250
-0.038719
-0.054663
-0.021398
-0.110790
-0.006392
0.053369
0.002278
0.010658
-0.010202
0.004599
-0.078306
-0.108945
-0.053642
-0.119396
-0.059502
-0.017050
-0.010328
-0.015853
0.124532
0.005039
-0.057385
0.061600
-0.027120
0.090333
0.067470
0.068535
0.052017
0.033510
-0.060198
0.010635
-0.007093
0.091866
0.048695
-0.063650
-0.068427
0.015354
0.127795
0.201882
0.128193
0.016540
0.011444
0.079003
-0.006198
-0.059016
0.053143
0.023407
0.004318
0.115745
-0.092766
0.056165
0.018578
0.028490
0.038882
0.073076
-0.001129
0.026179
0.122995
0.030652
0.042434
0.073293
0.057006
0.004719
-0.085983
-0.045472
0.015205
0.042038
-0.009444
-0.027308
-0.033176
-0.017460
0.001961
0.027353
-0.068936
-0.022521
-0.116684
-0.078505
0.064911
0.082594
-0.128444
0.065394
-0.032029
0.067145
0.008215
0.020078
0.017034
0.013796
0.039220
0.107650
0.022540
0.069796
-0.027578
-0.032792
-0.068433
0.029727
0.087367
0.094335
-0.000675
-0.073936
-0.078074
-0.040669
0.076217
0.036821
-0.029901
-0.040128
-0.016408
0.095310
0.057089
0.046587
0.037539
0.028765
-0.038451
0.043922
0.023730
0.128094
0.093609
0.010880
0.006236
0.138452
0.136163
0.013955
0.112362
0.050810
-0.107519
-0.045628
-0.027921
-0.020919
-0.072678
-0.071756
0.171601
0.076708
0.073563
0.009390
0.087618
-0.022267
0.025130
-0.054184
-0.043138
0.122528
0.060718
-0.105600
-0.080906
-0.132598
-0.025958
-0.040342
-0.023544
-0.011785
0.010055
-0.042100
-0.059956
-0.010460
-0.020846
0.043348
0.117154
0.042471
0.015355
-0.011818
0.047922
-0.023277
-0.083885
0.068675
0.133742
-0.037035
0.087037
0.089928
0.003645
0.147398
0.120514
0.071283
0.095766
-0.028205
-0.087987
0.014121
-0.042506
0.035684
0.082880
-0.048149
-0.052717
0.010931
0.050023
-0.027292
-0.006371
0.074983
0.046327
-0.104227
0.033018
0.033032
-0.141990
0.048030
-0.045955
-0.136044
-0.087864
0.084399
0.110357
-0.027473
0.014870
0.022727
0.086912
0.095235
0.110535
0.038998
-0.056429
-0.079975
-0.024600
-0.058317
0.029928
0.083984
-0.094944
0.072497
-0.036781
0.096649
0.032203
0.032848
-0.008389
0.119717
0.110794
0.008892
0.021930
0.041073
-0.005624
-0.037473
0.011180
0.051319
0.088035
0.029552
0.048355
0.028499
0.015157
-0.077064
0.042987
0.102183
0.026134
-0.022544
0.140230
0.019234
0.019979
0.010908
0.090015
0.114463
0.208194
0.089913
0.011096
0.021728
-0.046194
0.031739
0.000858
-0.104726
-0.040775
-0.036062
0.077037
0.029474
-0.048786
0.070944
-0.058086
0.030867
-0.039550
0.008215
0.008057
0.020656
-0.053592
0.102412
0.189566
-0.068908
-0.019763
-0.025893
-0.002690
0.070524
0.071924
-0.047362
-0.041803
0.013045
0.034789
0.003334
-0.054002
0.120657
0.073315
0.041237
0.004325
0.022619
0.067117
0.048768
0.096635
0.066930
0.008239
0.126240
-0.021207
-0.017505
0.002240
-0.053261
-0.047233
0.015754
0.063853
0.006624
-0.027465
0.094029
0.084327
0.042948
0.022602
0.052060
0.087581
0.024775
0.015478
0.069938
0.015692
-0.005571
0.069487
0.107113
0.025603
0.057053
0.010341
0.062868
-0.054058
-0.060485
-0.043329
0.112630
0.010231
0.032007
0.016539
-0.067717
0.006706
0.187157
0.129595
-0.049201
0.073119
-0.052474
-0.012101
-0.113619
-0.133843
-0.077802
0.058322
0.073805
0.095708
0.067768
-0.014930
0.028201
-0.020266
0.039847
-0.007727
0.067420
0.093313
0.085429
0.147377
0.044202
-0.101137
-0.074648
0.113165
-0.111847
-0.004429
-0.008639
-0.012577
0.117502
0.047779
0.110035
0.151135
-0.101406
-0.040486
0.119173
0.094864
0.054685
0.055790
0.050326
0.012270
0.118710
0.139086
0.096843
-0.014090
0.009931
0.002924
0.014118
-0.003089
-0.066229
0.015806
0.043372
-0.031919
-0.009865
-0.050984
0.052677
0.089347
-0.001742
0.097630
0.057598
0.055573
0.070217
0.093007
0.046639
0.088066
0.016667
0.026435
-0.001581
0.001536
0.061380
-0.048132
0.006000
0.173824
0.181442
-0.037734
-0.017680
0.039053
0.062309
0.006567
-0.026691
-0.033126
0.019137
0.081086
-0.084673
0.128812
0.124411
-0.015900
-0.067252
0.044585
0.089000
-0.039543
-0.068344
-0.047999
-0.052956
0.134322
-0.072608
-0.075064
0.061494
-0.009690
-0.013794
-0.012873
-0.053602
-0.077927
-0.060757
-0.036317
0.086781
0.012311
0.027008
0.029229
0.121540
0.155188
0.100008
0.040949
0.179523
0.082852
-0.025612
0.039511
-0.027855
0.043268
0.060371
0.009604
0.010974
0.000198
0.008567
0.069401
0.033013
0.011436
0.066715
-0.014751
0.006236
-0.006763
-0.002397
-0.082645
0.043826
0.008385
0.043358
0.021197
-0.007283
0.016019
-0.082739
0.081379
-0.050375
0.054897
0.049623
0.023818
0.030940
-0.094182
-0.024335
0.064071
0.023756
-0.007076
0.021716
-0.103258
-0.045903
-0.066129
-0.108010
0.040081
0.078929
0.053407
0.004049
0.030016
0.015591
0.054817
0.086732
0.056384
0.041175
-0.061854
-0.048238
-0.032669
0.097895
0.045003
0.090144
0.064534
-0.044130
-0.040410
0.011220
-0.087858
-0.021138
-0.026125
-0.004786
0.002971
0.004153
0.011338
-0.088908
-0.163554
-0.049415
0.070985
0.021571
0.065090
0.042450
-0.068491
0.007992
-0.076006
0.075314
0.011619
-0.079777
0.055574
-0.039542
-0.009173
-0.024290
-0.113296
-0.026743
-0.041845
0.065745
-0.054872
0.083340
-0.019220
0.014647
0.065187
-0.000797
0.026215
-0.079480
0.027178
-0.018892
-0.048932
-0.030823
-0.063707
-0.102119
-0.019221
-0.009196
0.050380
0.025760
-0.082909
0.028930
-0.012138
-0.082095
-0.047238
0.091528
0.053242
0.016599
0.047705
0.077815
0.084365
0.016560
-0.007082
0.030787
0.019131
0.034488
0.070277
0.058109
-0.053146
-0.011387
0.030023
0.017080
0.136800
0.048424
0.105923
0.095567
-0.037258
-0.077578
-0.065054
0.023043
0.112039
-0.075273
-0.072195
-0.102096
-0.006039
0.079880
0.008068
0.018578
0.040287
0.024953
-0.050081
0.017075
-0.006311
-0.089064
-0.006540
0.086902
0.067739
0.078019
0.085386
0.009507
0.059291
0.044859
0.075762
-0.027471
-0.032800
0.067021
-0.041604
-0.067044
-0.021406
-0.019634
-0.044784
-0.006229
0.032733
0.134355
0.116475
0.059124
-0.062069
-0.020979
-0.026944
-0.009460
-0.051843
-0.029332
0.054293
0.013831
0.013498
0.091594
0.080593
-0.176657
-0.204906
0.011172
0.051558
-0.097649
-0.052767
0.053095
-0.005493
-0.067143
0.033862
0.024076
0.103893
0.005578
-0.039290
-0.037134
0.005233
-0.021884
0.092691
0.085593
-0.051760
0.093384
0.164292
0.023423
0.059998
0.073609
-0.040398
0.061225
0.085312
0.053404
-0.162255
0.033822
0.045244
0.062685
0.040123
0.090994
-0.018940
-0.054139
-0.057462
0.061482
0.089266
-0.017140
-0.083154
-0.063607
0.071620
0.069913
0.023607
-0.027017
0.028330
-0.001996
0.003585
-0.007614
-0.123083
-0.041075
0.032508
-0.024182
-0.066183
0.013752
-0.056276
0.022718
-0.046803
-0.034357
0.061962
0.034568
-0.075644
0.045753
0.079072
0.036345
0.009791
0.020629
0.004499
0.070505
-0.014289
-0.038335
0.018190
0.018711
-0.005056
-0.039588
-0.063882
-0.136960
0.067207
0.049211
-0.050750
0.030636
-0.001662
0.041490
0.023302
0.070464
0.007175
0.010238
-0.026755
-0.002857
0.033810
-0.020538
0.049419
0.040372
0.084743
0.048326
0.075327
-0.081709
0.041802
0.055169
-0.000117
-0.015168
0.034645
-0.044812
0.061230
-0.017445
0.100351
0.146921
-0.007540
0.003020
0.042167
-0.098325
0.030276
0.020274
0.074933
0.200133
-0.031958
-0.135957
-0.195125
-0.065906
-0.018137
0.039788
0.108943
-0.084050
-0.013771
-0.103636
0.029131
0.058569
0.011082
0.028239
0.070470
-0.010336
0.016466
0.050957
0.084620
-0.000734
0.051511
-0.061514
0.007905
0.071215
0.093565
0.042138
-0.082013
0.057419
0.084376
-0.032943
-0.024237
0.009646
-0.050747
0.012455
0.130647
-0.026913
0.004183
-0.039072
0.074344
0.132563
-0.019280
-0.027802
0.030013
-0.066084
-0.005323
-0.076102
0.083000
0.021047
-0.070654
0.077103
-0.109302
-0.001290
0.013618
0.050208
0.031300
0.036903
-0.001787
-0.104848
0.021958
0.123518
0.215080
0.003155
-0.024399
0.040519
0.072901
-0.016754
-0.023394
0.160244
0.194276
0.061813
0.088343
0.035372
0.026124
0.035135
0.033171
0.019839
0.010411
0.041951
0.057233
0.110490
0.015786
-0.042035
0.048361
-0.071862
0.097946
0.036892
-0.011179
0.045918
0.052371
0.167108
-0.009195
0.055114
-0.019902
0.041384
0.078107
0.070830
0.013695
-0.063659
0.179723
0.085232
0.032965
-0.071739
-0.031595
-0.083022
0.007245
0.052554
0.030478
0.071196
0.022202
0.040322
0.102051
-0.080704
-0.070690
0.000521
-0.068811
0.093938
-0.000780
0.041355
-0.089070
-0.080278
0.025366
-0.001953
-0.015690
-0.026390
-0.111377
0.005378
0.105963
0.044354
0.086529
0.089175
0.173399
0.080070
0.085694
0.048267
0.012781
-0.103161
-0.075335
0.017013
0.035935
0.057729
0.075323
0.055361
0.035649
0.068004
0.031307
-0.033796
0.010765
0.065193
0.012258
0.183938
0.019585
0.273728
0.055120
0.023814
-0.058981
0.072665
0.006889
-0.074218
0.029753
0.144590
0.035702
0.032026
0.068332
0.035175
0.034698
0.139068
0.054228
0.010061
0.090484
0.044460
0.090373
-0.041062
0.079648
-0.005851
-0.022011
0.007860
-0.023534
-0.004215
-0.031748
-0.037855
-0.156025
-0.095961
0.034296
-0.023489
0.016800
0.104558
0.003625
0.023985
0.011236
0.080538
0.136552
0.029646
-0.031958
0.050889
0.083011
0.109500
0.103018
0.076720
0.074090
0.035367
0.108393
0.033768
0.002395
0.018812
-0.088960
0.053914
-0.000642
-0.034987
0.036090
-0.031885
-0.030691
-0.015291
-0.062399
-0.045657
-0.053124
-0.088229
0.025473
0.068248
-0.010106
-0.058365
-0.112169
-0.088596
-0.023606
0.020619
0.044397
0.118671
-0.014100
0.060606
0.053122
0.024346
0.068402
0.028529
0.101594
-0.000256
-0.004403
0.005474
-0.023264
-0.018994
-0.001717
-0.053764
0.019717
0.030707
-0.047710
-0.076832
-0.083865
-0.015325
0.140353
-0.016569
-0.055187
0.018503
-0.125730
-0.044976
-0.014906
-0.006121
0.113763
0.006234
0.075632
0.047623
0.041293
0.018354
-0.041469
-0.003990
-0.138755
0.002524
0.001113
0.008202
0.042137
0.053215
0.083727
0.107434
0.103753
-0.030587
0.057155
0.022022
0.086423
-0.003331
-0.039356
0.119168
-0.131734
-0.104667
-0.072741
-0.055166
0.015344
0.102080
0.057319
-0.079566
-0.123386
-0.045014
0.071738
0.060869
-0.005895
-0.011956
-0.058669
0.002578
-0.091439
-0.064552
0.000432
0.057102
-0.084900
-0.024045
-0.031804
-0.036567
0.008636
0.058858
-0.066943
0.005034
-0.057945
-0.117668
-0.130940
-0.071931
-0.034316
0.072083
0.084247
0.013617
-0.016004
0.011114
0.019667
0.111874
0.094575
-0.005015
0.026223
-0.021614
0.038651
0.048908
-0.046374
-0.044116
0.035156
0.025600
0.056706
-0.010960
-0.098319
0.009878
-0.002701
0.060242
0.023893
-0.043147
0.013685
0.049106
0.014356
0.021333
-0.018981
-0.080536
-0.009004
-0.005192
0.049749
-0.032093
-0.022560
0.018038
0.061003
0.067894
0.116376
0.028931
0.001177
-0.031950
-0.047713
0.037405
0.002458
0.054521
0.076493
0.075637
0.057217
0.031634
-0.023188
-0.039751
0.045812
0.009668
0.009706
0.100499
-0.032416
0.067697
0.111021
-0.029713
-0.026605
0.010051
0.015927
-0.013572
0.012691
0.140512
0.064471
0.070454
-0.021702
-0.037455
-0.014115
0.101246
-0.003540
0.071260
0.108598
0.047744
-0.025858
0.018652
-0.003806
0.117392
0.056150
0.165987
0.095397
-0.005620
0.160689
0.057629
-0.007147
-0.023645
0.004776
0.043155
0.063245
0.054764
-0.034328
0.020592
0.022081
-0.029540
0.057598
-0.025712
0.060033
0.045669
0.069646
0.116944
-0.071964
-0.068046
-0.091942
-0.014997
-0.013026
-0.000823
-0.009401
-0.006320
-0.010204
0.114302
0.042828
-0.038333
0.001264
-0.100467
-0.004854
0.053895
0.025523
-0.025496
-0.018949
-0.059474
0.015539
-0.047677
0.009427
0.046848
-0.085263
0.004650
0.101732
-0.034671
-0.059140
-0.003538
0.156556
-0.004860
0.015254
0.032261
0.043076
0.125478
0.064877
0.051859
-0.031464
-0.093781
-0.032635
0.044474
0.117906
0.069834
-0.066129
-0.013897
0.100404
0.035978
-0.029221
-0.084745
-0.032765
0.049213
0.087069
0.051940
0.047849
-0.012097
0.051098
0.067755
0.038317
-0.070451
-0.145724
-0.148918
0.107119
0.033965
-0.086037
0.055455
0.054401
0.063579
0.036648
-0.043321
-0.093031
-0.010940
0.057757
-0.063986
-0.059828
0.006225
-0.009634
0.111715
0.000847
-0.043802
0.035408
0.008551
-0.019993
-0.052160
0.113232
-0.024246
0.039283
0.027604
0.105000
0.069366
-0.117100
-0.150748
0.050486
-0.053230
-0.082260
0.100806
0.028962
0.016408
-0.012907
0.029271
-0.021868
-0.125782
0.113222
-0.124986
-0.036615
0.052379
-0.017993
0.037245
0.057807
0.197554
0.038775
0.006163
0.013624
-0.040520
0.102648
0.158147
0.111026
-0.008004
0.047173
0.063162
0.064129
0.003808
0.072222
0.069658
0.028544
-0.024003
0.009280
0.116852
-0.039820
0.017510
0.113878
0.038919
0.049675
0.069876
-0.021194
-0.023245
-0.043037
0.063476
0.100713
0.084657
0.106301
0.060974
-0.039392
0.068390
0.072283
0.033698
-0.035060
-0.064863
0.081678
-0.047011
0.018593
0.011588
-0.101063
-0.156788
-0.018932
0.086121
-0.012215
-0.040426
-0.032952
0.033456
0.032410
0.116574
0.014346
-0.000618
-0.014970
-0.011728
-0.074858
0.031161
0.008219
0.050611
0.000910
-0.061673
0.012763
-0.033487
-0.049634
-0.049547
-0.026234
-0.021754
0.040629
-0.001572
-0.024587
0.042602
0.059165
-0.069748
-0.023955
0.040431
-0.070730
0.014112
0.068520
0.078516
0.013649
0.087901
0.092206
-0.109144
-0.047161
0.073983
0.026945
-0.047525
-0.039602
0.041143
-0.099752
-0.014593
-0.010400
-0.183687
0.008753
0.061572
-0.038708
0.132965
0.053078
0.087408
0.045362
-0.083615
-0.037102
-0.003222
0.067675
-0.039907
0.132801
0.005090
0.049690
-0.061747
-0.094784
0.031356
0.098253
0.103639
0.159668
0.158237
0.131755
-0.033323
-0.048805
0.167193
-0.005743
-0.022609
0.027332
-0.015393
-0.126950
0.004180
0.004533
-0.111603
-0.093440
-0.006313
-0.006196
0.146616
-0.026911
-0.112535
-0.023194
0.020412
0.015120
0.167392
0.016601
0.037143
0.071939
-0.045366
0.087101
-0.030257
0.046648
-0.065760
-0.155930
-0.134309
-0.041978
-0.050346
-0.033022
0.023808
-0.023892
-0.041727
0.004685
0.020038
-0.037501
0.073604
0.023601
0.005469
-0.044804
0.052722
0.045837
0.028191
0.120614
-0.017457
0.102499
0.058139
0.083775
0.165037
0.017770
-0.015292
0.104380
0.114040
0.092200
0.173009
0.034183
0.009418
0.072190
0.012015
0.002434
0.094286
-0.064133
0.081291
-0.010375
0.093842
-0.020147
-0.062847
0.027589
-0.074627
-0.049413
-0.041240
-0.098942
0.028321
0.029025
-0.048556
0.044482
-0.004665
-0.051797
-0.067192
-0.184619
-0.083424
-0.054424
-0.037380
-0.186533
-0.101814
-0.080801
-0.022062
-0.012091
-0.018014
-0.044734
-0.012099
0.001251
0.075555
0.052722
0.078407
0.139357
0.006524
0.086238
0.107896
-0.018192
0.021861
0.007578
0.015622
0.038797
0.081909
-0.004379
0.122338
0.169871
0.107802
0.050268
0.073389
0.092745
0.075253
0.083532
0.141997
0.042434
-0.054599
0.069101
-0.012997
0.021842
-0.008418
0.096408
0.034930
0.039046
0.004976
0.016891
-0.005395
-0.023021
0.076396
-0.015268
-0.031368
0.029759
0.119395
0.025694
0.060069
-0.004553
0.071575
0.074022
-0.016156
-0.006332
0.102560
-0.029105
0.015191
0.025811
0.007506
0.057185
0.103763
0.052899
0.038290
0.037106
-0.130252
0.090474
0.037267
0.027711
-0.063493
0.023172
0.001876
-0.020855
-0.029251
-0.102028
0.058424
-0.061023
-0.051863
-0.031778
-0.062237
0.021470
0.159479
-0.015199
0.064022
0.119904
0.044756
0.065996
0.051333
-0.002619
0.120704
0.062081
0.038730
0.004156
0.075915
0.034133
0.012862
0.057215
0.096895
0.043835
0.002874
0.089770
0.000327
-0.053948
-0.003494
-0.057383
0.037704
0.090522
0.009862
-0.017400
0.050685
-0.032155
0.003141
0.035562
-0.000481
0.006912
0.075834
0.016697
0.027388
0.051268
0.053535
0.051129
0.017089
0.026392
0.127215
0.158403
-0.029948
0.023576
0.106847
0.029706
0.024707
0.096860
0.026880
0.049613
0.042799
0.013145
0.019043
0.015003
0.042224
-0.018865
0.157359
0.013725
-0.063603
0.022533
0.085875
-0.009862
-0.007204
0.046812
-0.057975
0.032920
0.063735
0.032587
0.012219
-0.007413
-0.014710
-0.033511
0.062621
0.047265
0.041744
-0.096018
-0.052827
0.014278
-0.073129
-0.026817
-0.020348
-0.041806
0.022142
0.033441
0.081655
0.013561
-0.024190
0.009116
-0.033691
0.052421
0.032775
-0.001849
-0.044051
-0.066467
-0.021592
-0.067241
0.085143
-0.050606
0.065021
0.038825
0.028810
-0.074733
-0.062484
0.020167
0.060840
-0.078819
-0.037778
0.076100
-0.036104
-0.023282
0.024862
-0.023168
-0.042977
-0.003818
-0.029262
0.048970
0.041313
-0.130360
-0.006618
-0.025848
-0.049361
-0.064405
0.139805
0.035737
0.109277
0.081041
0.030763
0.037116
-0.046457
-0.113484
-0.125717
-0.046225
-0.046182
-0.085019
-0.026067
0.055531
-0.077189
0.002789
-0.107590
0.140434
0.089488
0.056304
0.084795
0.046268
0.008839
-0.042109
-0.047932
0.031789
0.064942
0.000887
-0.047442
0.023591
0.068257
0.012322
0.067100
-0.028500
-0.002965
0.121069
-0.012212
0.048159
0.003258
0.052453
0.032459
0.037745
-0.001110
0.091009
0.079527
0.071473
0.111284
0.087864
0.030123
0.073008
0.041141
0.019667
-0.129848
0.024909
0.039859
0.091843
0.105464
0.020656
0.041129
0.111617
-0.021164
0.000933
0.018728
0.170139
-0.018716
0.014856
-0.077559
0.010139
0.040493
0.086714
-0.066861
0.006164
-0.035466
0.015083
-0.110073
-0.014306
0.091914
-0.003197
0.055935
-0.058361
0.029214
0.050219
0.040191
0.142643
0.069793
0.030880
-0.065315
0.001736
0.072113
0.044412
0.051458
-0.053607
-0.065994
-0.133829
-0.141698
-0.012164
0.000361
0.005043
0.005709
-0.048911
-0.045732
-0.044888
0.008941
0.045791
0.063188
-0.018455
0.042721
0.083872
-0.039261
-0.013216
-0.016522
-0.003117
-0.001049
-0.045429
0.016122
0.071419
0.023635
0.108666
0.051765
-0.017153
-0.032103
-0.032590
0.109777
0.035397
0.007087
-0.014379
-0.025571
-0.008299
-0.025001
0.049087
0.115219
0.032584
0.133003
0.094110
-0.118303
-0.040904
-0.022986
0.009202
0.221762
0.053955
0.038699
-0.001786
-0.011533
0.061785
0.061567
-0.008279
0.037489
-0.034070
0.052296
-0.002034
-0.054543
-0.100671
-0.089635
0.007488
0.081465
-0.074852
-0.060555
0.032500
0.086402
0.030259
0.128872
0.135310
0.028183
0.052774
0.128546
-0.042587
-0.117629
0.015901
0.060545
0.066211
-0.033896
0.016354
0.035559
-0.005502
-0.114226
-0.070206
-0.011412
0.031653
0.066371
0.019730
-0.001117
-0.065678
-0.105829
0.056019
0.042432
0.095260
0.067317
0.157349
0.089332
-0.000922
0.080426
0.026896
-0.030919
-0.034803
0.057466
-0.094659
0.034173
0.025400
0.031892
0.008694
-0.039427
0.064772
0.103343
-0.088002
-0.021979
0.045704
0.038421
0.075848
0.084039
-0.032778
-0.018028
-0.045285
-0.025520
0.048643
0.035772
0.013859
0.026612
-0.017356
0.014833
-0.080150
0.047733
0.079827
-0.040125
0.011691
0.140441
0.133868
0.088569
0.049225
-0.010628
0.097444
0.077573
0.027595
-0.074786
0.080741
0.001819
0.017034
0.011877
0.103611
0.140777
0.038673
-0.016939
0.062377
0.019556
0.106557
0.025894
0.032112
-0.089914
-0.095390
0.113147
0.114662
-0.045700
0.083486
0.041751
-0.070032
0.064961
0.013117
0.129334
0.062904
-0.045294
-0.070779
-0.050850
-0.004510
-0.048408
-0.005804
0.004090
0.068333
-0.016316
0.077808
-0.059420
-0.112560
-0.141603
-0.084967
-0.026245
0.055664
0.041906
0.110574
0.130552
0.082666
-0.072956
0.058281
0.046574
-0.042756
0.098999
-0.069264
-0.071393
0.028559
0.048317
0.067905
-0.115542
-0.021332
0.011520
0.118892
0.091419
0.081927
0.120068
0.044388
-0.000187
0.053858
0.086662
0.062538
0.063608
-0.016465
-0.037060
-0.064209
0.032444
0.021834
-0.007116
-0.055402
-0.094904
-0.040791
0.028293
0.003346
0.004408
0.134020
-0.077029
-0.055959
0.029545
-0.082784
-0.004494
0.021253
0.156521
-0.031523
0.078660
0.020442
0.004172
-0.154261
-0.023072
-0.089543
-0.149020
-0.000394
0.066991
0.151296
0.095335
0.031757
0.055442
-0.043496
0.020650
0.005192
-0.037694
0.006594
0.053967
-0.139993
-0.054938
-0.051556
0.073363
-0.087923
0.022295
0.045457
-0.077099
0.060599
-0.058260
-0.002408
0.035649
0.185275
-0.066274
-0.011346
-0.079495
0.029688
0.091513
0.163761
0.009569
0.047418
-0.084494
-0.074012
-0.023189
-0.119210
-0.070635
-0.128590
-0.011590
0.113729
0.021183
-0.058758
0.022689
-0.008681
-0.079560
-0.028211
-0.013266
-0.019097
0.095821
0.045049
0.007003
-0.043339
-0.125033
-0.036470
0.093062
0.100572
0.017400
-0.008936
0.053808
-0.028424
-0.076992
-0.048426
0.015659
-0.037787
-0.008670
0.062508
-0.059823
0.079237
0.000732
-0.055486
-0.014059
0.050029
0.007959
0.010406
0.070680
-0.087436
0.089972
0.014588
0.007087
-0.067976
-0.082668
0.051110
-0.007416
0.133930
-0.031967
-0.032027
-0.021361
0.072422
0.072017
-0.001334
0.012155
0.123261
0.039437
-0.071803
0.074021
0.005051
0.039860
0.063447
-0.057342
0.043449
-0.014529
0.068534
-0.041422
0.031956
-0.008141
-0.033885
0.052144
0.035791
0.005682
-0.037435
0.059089
0.132474
-0.104661
0.018257
0.171966
-0.009939
0.048533
-0.026055
-0.081482
-0.147325
-0.036530
-0.001480
-0.012566
0.025458
-0.019031
0.031727
-0.070549
-0.016035
0.098588
0.007888
-0.065902
-0.115087
-0.095757
-0.038520
-0.022831
-0.023348
0.020215
-0.072877
-0.016586
0.061024
-0.009010
-0.031161
-0.037967
0.139132
0.002026
0.156901
0.072079
0.003791
0.001339
-0.004204
0.059788
-0.031793
-0.034100
-0.082361
0.017233
-0.036285
-0.027966
-0.040832
-0.043260
0.016307
0.043015
-0.000455
0.081347
-0.096184
0.063243
0.082384
-0.059258
-0.014705
-0.130256
-0.006897
-0.001645
-0.086227
0.010460
0.013601
-0.028511
-0.012967
-0.037617
-0.085411
0.005201
0.012241
-0.071426
-0.055778
-0.078944
-0.068922
0.021579
-0.031358
0.031850
0.014045
-0.011590
0.007469
-0.015842
-0.048459
-0.014115
0.018601
-0.021410
-0.108799
-0.090289
-0.012346
0.031742
0.008056
-0.127887
-0.016422
-0.064480
-0.104974
-0.065559
-0.086440
-0.048721
-0.020256
-0.011030
0.025444
0.092384
-0.049230
-0.054131
-0.011880
0.033349
0.066235
0.052259
0.064794
-0.108484
-0.035338
0.005874
-0.106063
-0.107540
0.005306
0.098997
0.033538
0.080388
0.048823
0.095388
0.057044
0.131817
-0.003269
0.009749
0.006810
-0.008367
0.127938
0.029381
0.063189
0.064634
-0.050859
-0.084438
-0.074661
-0.064493
0.069198
0.038389
0.008576
-0.180166
-0.061420
-0.012970
0.021740
-0.066635
-0.030042
-0.078521
-0.050674
0.050986
-0.005554
0.026305
0.142668
0.031332
0.056961
-0.012235
-0.036512
-0.027073
0.038777
-0.073969
-0.021838
0.086701
0.012196
-0.034261
-0.065333
-0.026341
0.022118
-0.068374
-0.068168
-0.056338
-0.062013
0.026655
-0.058822
0.043262
0.085595
0.029018
0.005040
0.100925
0.081728
0.015742
0.007758
-0.017448
-0.081775
-0.099711
0.123549
-0.032085
-0.003220
-0.022597
-0.043607
0.029741
0.025646
0.001430
0.007189
-0.130002
0.094102
0.094558
0.087059
0.047058
0.052771
-0.022932
-0.003270
0.143195
0.132328
-0.031089
-0.008115
0.061885
0.022263
0.012734
0.096223
-0.010025
0.030599
0.079326
0.010174
-0.048384
0.023576
0.106614
0.048089
0.046741
-0.112783
-0.029429
-0.064091
0.040733
0.071333
-0.067469
-0.005739
0.019382
0.120104
-0.041088
-0.061752
-0.039740
-0.017055
0.073522
0.009169
0.013939
-0.025623
-0.010957
-0.011722
-0.045794
0.063465
-0.079864
0.012970
0.022179
0.034054
0.043383
0.007204
-0.071005
-0.046732
0.050495
0.031881
0.064263
-0.136525
-0.006009
-0.042434
-0.036776
-0.039734
0.021098
0.026323
0.046157
0.069350
-0.108351
-0.028047
-0.015939
-0.176997
-0.043813
-0.030333
-0.048480
0.027222
0.088083
0.033828
0.008456
0.133491
-0.009777
-0.012857
-0.007514
0.031261
-0.037419
0.023305
-0.015058
0.049637
0.008669
0.094278
-0.014825
0.041917
0.052403
0.090840
0.081068
0.104790
0.086164
-0.001943
0.004455
-0.029793
0.112659
-0.004414
-0.070257
0.053051
0.065946
-0.026725
0.004710
-0.114771
0.000823
0.002525
0.064826
-0.017263
0.036610
0.150676
-0.023664
-0.110597
-0.055471
-0.049199
0.052719
0.007936
0.114188
0.016433
-0.033340
-0.049461
-0.016664
0.063172
0.079814
-0.007731
-0.079200
0.054583
0.099395
0.024105
0.081615
0.042049
-0.108197
0.167783
-0.004009
0.115468
-0.020511
0.012311
-0.044897
-0.060596
0.083968
-0.000751
0.061515
-0.023594
0.053362
0.072386
0.023007
-0.012431
0.002713
0.015451
-0.003725
0.023929
0.006741
0.126391
0.057506
0.015200
-0.019738
-0.074114
0.042315
-0.090148
0.026620
0.004077
0.088208
0.059032
-0.033857
-0.007111
0.029727
0.029846
0.017394
0.039674
0.061274
0.151034
-0.039787
-0.043223
0.120125
-0.055493
-0.033111
0.068052
-0.005543
0.009341
-0.084811
-0.112526
0.072229
0.028153
0.104248
-0.029529
-0.093042
0.011202
-0.049820
-0.077908
0.078748
-0.058438
-0.102768
-0.102602
-0.024838
-0.134125
0.033242
0.110936
0.148197
-0.162725
-0.068665
-0.058186
0.027580
-0.117692
-0.030979
-0.030250
-0.026586
0.041037
0.052173
0.115916
-0.034362
-0.007953
0.026764
0.077644
0.065602
-0.051048
0.034041
0.022285
-0.005722
0.012863
-0.092996
-0.003105
0.038250
0.010582
0.067083
0.073148
-0.026305
-0.020968
-0.030908
0.062750
-0.003136
-0.057109
-0.049807
-0.049675
0.110085
0.097531
0.091388
0.079420
0.018959
-0.110391
-0.053581
-0.017272
0.021433
0.083659
-0.044116
-0.096039
-0.057024
-0.031140
-0.007196
0.004990
-0.084063
-0.058853
-0.008660
-0.056527
-0.003014
0.023437
-0.071081
-0.049074
0.049447
0.120357
0.049807
0.022657
0.013383
0.028958
0.109586
-0.040063
0.007480
-0.013234
-0.020218
-0.076340
0.106529
-0.070976
0.041125
0.053386
0.041864
-0.105898
0.105127
-0.004334
0.109792
0.046086
-0.087867
0.041616
-0.011282
0.138860
0.038163
-0.010728
-0.030980
0.076608
0.015524
-0.101692
-0.036050
-0.084763
-0.004428
-0.023025
0.019865
0.043361
-0.032453
-0.071072
0.020725
-0.019167
-0.033895
0.040172
-0.009556
0.117872
0.006644
0.001088
0.094802
-0.045801
-0.056657
0.025340
-0.053484
-0.085124
-0.027060
-0.155166
-0.014184
0.139373
0.000304
0.025660
0.102199
-0.081146
0.016531
-0.072378
-0.144651
0.019821
0.095240
0.044478
0.063314
-0.012280
0.032537
0.005487
0.106415
-0.009937
0.013124
0.126966
0.006294
0.062830
0.015970
0.015720
0.070405
-0.035729
-0.074257
-0.029725
-0.059192
0.095462
0.067277
-0.030828
0.050582
0.069146
0.021387
0.026305
-0.042843
-0.044256
-0.014588
-0.033002
0.071962
0.049300
-0.070442
0.033263
0.112569
0.064766
0.018761
-0.105607
-0.094438
-0.021307
0.035127
-0.030983
-0.081416
-0.040444
-0.052126
0.051266
0.026348
0.033955
-0.105755
0.061058
0.061786
-0.000081
0.057294
0.052255
0.040056
0.113758
0.121193
0.168022
0.085668
0.037469
0.007933
-0.030803
0.029826
-0.136042
-0.089351
0.188055
0.008597
0.046929
-0.000942
-0.087509
0.036705
0.025657
-0.066845
0.005095
0.001966
0.002502
0.014153
-0.020468
-0.023158
0.048082
0.034365
-0.162581
-0.068021
-0.058471
-0.119367
-0.043912
-0.097975
-0.058000
0.024722
-0.011035
0.025325
0.105360
0.047994
-0.005361
-0.004101
-0.004227
-0.031646
-0.000896
0.061610
0.064440
0.068197
0.133380
0.062124
-0.005531
-0.022973
-0.020346
0.027663
-0.020912
0.010794
0.137423
-0.080530
-0.045615
-0.014454
-0.051711
-0.071352
0.056684
0.025925
-0.002988
0.139291
-0.024875
-0.094073
-0.025441
0.078033
0.062165
0.072006
-0.129847
0.038441
0.050766
0.024692
0.014286
0.069803
0.029185
-0.036946
0.098744
-0.003690
0.134136
0.078160
0.057285
0.112222
-0.048411
-0.040070
0.050047
0.034341
-0.012735
-0.001137
-0.083476
-0.010889
-0.003258
0.024496
0.024375
0.026486
0.132096
0.088322
0.148643
0.070164
-0.015355
-0.073346
0.148388
0.084317
0.044494
-0.091585
-0.001621
-0.104375
0.000395
-0.113164
-0.074891
-0.056448
-0.014084
-0.016210
-0.005893
-0.022525
-0.035579
0.114835
0.074659
-0.007891
-0.087900
-0.030944
0.008441
-0.050395
0.053158
0.060908
0.078097
-0.010161
-0.109161
-0.056397
-0.049829
-0.009353
0.096454
0.020544
-0.116943
-0.141911
0.051919
0.019306
0.040715
0.101230
-0.073193
-0.040652
0.058049
0.068050
0.002058
0.053175
-0.093974
-0.054937
-0.020355
0.034523
0.025804
0.112506
0.017118
0.145879
0.056751
-0.088822
0.000406
0.112479
-0.010470
-0.053053
0.009387
-0.002357
0.096279
-0.052954
0.017069
0.025498
-0.032947
0.001003
-0.086442
-0.098167
-0.024549
-0.005368
-0.072679
-0.011458
-0.066993
-0.048097
-0.061271
0.094521
0.079189
0.106553
0.176842
0.074265
0.064726
0.041571
0.080813
-0.057759
-0.009534
0.036588
-0.012871
0.028279
0.096255
0.092712
0.037553
-0.037195
-0.033472
-0.024367
0.022340
-0.076377
0.030961
-0.035914
0.056152
0.008170
-0.048960
0.002644
-0.043986
0.089469
-0.078491
-0.111211
-0.004768
-0.065333
0.027831
0.035279
0.028721
0.054528
0.080404
-0.081662
-0.003049
0.026685
-0.084864
0.008787
0.028935
0.101286
-0.061098
-0.021988
0.057651
-0.046677
-0.137630
0.080561
0.024392
-0.065207
0.036252
-0.034190
-0.037514
-0.122828
-0.021593
-0.048106
-0.162468
-0.139247
-0.103874
-0.006132
-0.115957
0.043975
0.070537
-0.014147
0.009904
-0.013455
0.012437
-0.021321
-0.046842
0.086007
0.098108
0.062180
0.058050
-0.025762
0.039410
0.116248
0.005705
-0.131353
-0.016690
0.028126
0.009116
0.065665
-0.046586
-0.081571
-0.018261
-0.045779
-0.064936
0.005906
-0.020285
-0.025937
0.019635
0.114337
0.025038
-0.131432
0.000249
-0.016242
-0.080771
-0.023517
-0.027486
0.108562
0.019846
0.069969
0.061979
-0.051275
-0.121107
0.058459
0.079920
-0.061851
-0.165993
-0.133385
0.012111
-0.053572
-0.061189
0.013111
-0.052608
-0.001213
-0.068818
0.066064
0.013912
0.029604
0.069219
0.056140
0.033517
-0.041030
-0.116273
-0.019261
-0.005361
0.052289
0.010432
0.033563
0.036059
0.137065
0.130722
0.018667
0.096063
0.125743
-0.054843
-0.011075
-0.131774
0.042837
0.004342
-0.018008
-0.044161
0.053421
0.100115
0.099366
0.026326
0.092992
-0.007837
0.050502
-0.010033
-0.090389
-0.018478
-0.092961
-0.004827
-0.035831
0.095606
0.052376
-0.076975
-0.025663
0.027791
-0.014457
-0.095692
-0.029276
-0.024382
-0.128052
0.058932
-0.044013
-0.049096
0.034366
-0.017613
0.089328
0.004477
-0.070390
0.046183
-0.041825
0.058407
0.105395
-0.080273
-0.108007
-0.016690
0.164117
0.097393
-0.080550
0.049277
-0.015976
0.029387
0.059849
-0.042154
0.078859
-0.142380
0.078034
0.063435
-0.063884
0.032470
-0.095789
-0.015170
0.017038
0.016662
0.033796
-0.048664
0.105606
-0.016937
0.075631
0.071044
0.037458
0.038648
-0.068652
0.062044
-0.001307
-0.005349
-0.089687
-0.103015
0.059524
-0.005911
-0.074215
-0.121701
-0.116716
-0.028614
-0.117536
-0.022789
-0.039590
0.042781
0.002853
-0.031896
0.089069
0.042153
-0.051655
-0.021237
0.059528
-0.034382
-0.058021
0.137482
-0.000552
0.013152
0.086732
0.095625
0.065190
0.068900
0.067390
0.079859
0.040625
-0.037026
-0.013383
0.007829
-0.008967
0.046577
-0.035916
-0.020655
0.080049
-0.080584
-0.060333
-0.064776
-0.081361
0.024231
-0.077474
0.083257
0.067722
-0.036181
-0.053673
-0.020287
0.050337
0.081149
0.020594
-0.045721
0.004401
0.050172
0.000193
0.012976
0.156242
0.136381
-0.000242
-0.018625
-0.024615
-0.094922
0.001759
-0.010852
0.001882
-0.057168
0.075646
0.027080
-0.050336
0.017622
0.032330
-0.012822
0.002752
-0.005463
0.031193
0.028708
0.007955
0.035927
-0.010936
-0.009513
0.025548
-0.026470
-0.027418
0.033419
-0.008370
-0.034070
-0.082100
-0.029594
-0.091265
-0.081114
-0.027472
-0.019649
-0.021742
-0.010451
-0.059611
-0.009550
-0.037046
0.025071
-0.050227
0.045747
-0.046481
-0.041275
-0.070442
-0.099919
-0.002594
0.053923
0.045626
-0.157400
0.090015
0.033094
0.090884
0.002029
0.045085
0.046646
0.021716
-0.064202
0.006638
0.040007
0.018444
-0.019108
0.156121
0.019299
0.052020
0.119259
0.012204
-0.019600
0.071006
-0.056560
0.051701
-0.001082
-0.020937
0.030260
0.114195
-0.031658
-0.021014
0.012992
0.045799
0.126718
0.040115
-0.031293
-0.058320
-0.086338
-0.035599
0.056683
0.095114
0.009005
0.124305
0.198538
0.126536
0.035224
0.001618
0.042205
0.096937
0.023787
0.018686
-0.010347
0.011037
0.061297
0.013594
0.077378
0.077901
0.004239
-0.008924
-0.012961
-0.015906
0.081517
0.005748
0.137168
0.139711
0.107820
0.048643
0.049326
0.090640
0.145242
0.053822
0.072893
0.017066
0.097407
0.093745
0.051671
-0.084602
-0.018855
0.043826
0.039910
0.110836
0.078822
0.018153
0.009762
0.020273
0.043789
0.020124
0.014044
0.069294
0.142271
0.165801
0.088305
0.027567
-0.058479
0.012085
0.054106
-0.003498
-0.054861
0.007244
-0.086487
-0.116154
-0.133097
-0.055858
-0.062169
0.021333
0.061104
-0.010021
0.136180
0.062715
0.126019
0.081491
0.023472
0.016341
-0.055341
0.048362
0.058701
-0.015295
0.101807
-0.001107
0.073321
0.119469
0.059452
-0.058561
0.049859
-0.006468
0.038329
0.030419
0.036240
0.021027
0.122191
0.020704
0.051849
0.070537
-0.030991
-0.130819
-0.096140
-0.034106
0.083898
0.022117
-0.021829
0.060071
-0.041372
-0.107521
0.025181
0.044935
0.040024
0.126305
0.055791
0.042502
-0.012883
0.026162
0.064533
0.032314
0.030426
-0.152828
-0.047431
0.073416
0.033536
-0.016748
-0.010435
-0.038093
-0.007456
0.098671
0.072494
-0.027249
-0.122637
-0.101764
-0.101363
-0.008488
0.087792
0.052228
0.138493
0.095699
0.092949
0.074918
-0.088243
0.014238
0.003785
0.084177
-0.021946
-0.011115
-0.002954
-0.022207
0.022648
0.110497
0.099973
-0.005460
-0.030016
0.074184
0.064386
0.063740
0.064132
-0.019525
0.099190
0.011479
0.080369
-0.004059
0.030693
0.119026
0.002572
-0.034947
-0.068930
0.085556
-0.032554
-0.055282
0.022529
-0.072158
-0.128006
-0.021720
0.044435
0.092527
-0.069091
0.022053
0.017244
-0.035627
-0.099430
0.059094
0.108211
0.002771
0.082263
-0.005272
-0.003731
0.079003
0.085933
0.083079
-0.042918
-0.043313
0.155403
0.050491
0.006944
-0.050919
-0.052380
0.002332
-0.014086
0.053871
-0.000838
0.068528
0.036853
-0.018920
-0.188692
-0.016953
0.035153
-0.023076
-0.126133
0.036799
-0.016425
-0.032085
0.050593
0.130112
-0.010332
-0.017060
0.008492
0.018668
-0.070039
0.010552
-0.051650
-0.064910
-0.080256
-0.014878
0.011798
0.092529
0.072082
0.080133
0.005560
-0.081235
-0.027112
-0.074658
-0.021883
0.001864
0.053700
0.006545
-0.005355
-0.010771
-0.139434
0.019519
-0.088257
-0.069223
-0.157515
-0.159243
-0.066883
-0.026762
0.049416
0.028912
0.031411
0.088952
0.017793
-0.044122
0.053591
-0.002799
-0.059354
0.080076
0.152539
0.061702
0.005871
0.012263
0.024845
-0.031010
-0.017825
-0.063009
-0.104264
0.062247
-0.097543
0.089943
0.095916
-0.046040
-0.034904
0.012705
-0.046776
-0.014525
0.028046
-0.027870
0.014707
-0.011556
0.061615
0.029880
0.006645
0.048015
0.088078
0.015038
0.076167
0.016856
-0.075067
0.039032
-0.016425
0.126916
-0.060443
-0.087282
-0.080919
0.021460
0.027894
-0.057591
-0.017817
0.000305
0.090189
0.014067
0.036230
-0.049184
0.025959
0.023082
0.104594
-0.052439
-0.179586
-0.035679
-0.060274
0.015214
-0.118663
-0.004971
-0.001011
-0.019649
0.004921
-0.035957
-0.086386
0.081363
0.109887
0.069337
0.069273
0.015515
0.046733
-0.045545
-0.052377
0.027091
0.054796
-0.090531
-0.090547
0.073609
-0.065589
-0.084069
0.052934
-0.097588
0.082023
-0.000203
-0.109053
-0.064454
-0.031345
-0.063361
0.097781
-0.078445
0.098710
0.052582
0.050390
0.019114
0.052670
0.028514
0.038342
0.005381
0.071415
0.078424
-0.024119
-0.022817
0.078300
0.079402
-0.038667
0.059138
-0.039930
0.034948
0.016188
0.067959
0.182524
-0.052402
0.013448
-0.043496
-0.094642
-0.132319
-0.106988
0.067097
-0.006820
-0.087602
-0.051450
-0.065821
-0.055286
-0.116656
-0.113402
-0.040061
-0.005783
-0.006541
0.071130
-0.089786
-0.027187
0.038622
-0.015602
0.049540
0.054074
0.126316
0.051788
-0.032683
0.008766
0.036704
0.122251
0.030376
0.013177
0.056253
0.008724
0.122934
0.072185
0.077154
0.020011
0.031325
0.057037
0.006927
0.055783
0.004319
0.124142
0.102214
-0.131358
0.010561
0.081043
-0.106545
0.046675
-0.184436
-0.066907
-0.051560
-0.049711
-0.052080
-0.133692
-0.083432
0.020008
-0.049406
0.029840
0.066242
0.065607
-0.050944
-0.043545
-0.012746
0.094100
0.077197
0.011918
0.017193
0.070355
0.102745
0.042789
0.046253
0.092618
0.033285
-0.001009
0.052823
0.040694
0.027078
0.038458
0.063970
0.026392
0.119743
-0.074333
0.014144
-0.007208
0.123874
-0.048523
0.076464
-0.082623
0.014959
-0.046702
-0.004979
0.006119
0.032311
0.047218
0.088974
0.071969
0.146589
0.051598
0.035692
-0.041722
-0.113204
-0.021872
-0.056015
0.035191
0.062522
-0.052429
0.053900
-0.003266
0.057759
0.116676
0.018994
0.030846
-0.075850
0.018595
-0.052697
0.001849
0.078729
-0.074379
0.094006
0.112081
0.027261
0.064910
-0.063902
-0.035788
-0.041902
-0.044636
-0.002121
-0.014354
0.014433
0.022606
0.060386
-0.055179
0.006798
-0.089486
-0.042383
0.009837
-0.062022
0.049151
-0.003349
-0.117211
-0.026211
-0.044911
-0.128354
0.081676
-0.032146
-0.007234
0.071877
0.040469
0.038827
0.046350
0.035588
-0.033753
-0.025621
-0.076611
0.039876
0.086055
0.036703
0.118511
0.024672
0.038244
-0.007339
0.009304
0.049485
0.021995
0.027211
-0.045017
0.020057
-0.061002
-0.130386
-0.083095
0.083478
-0.074171
0.044039
-0.016344
-0.081182
-0.075699
-0.003188
0.031749
0.008232
0.064140
-0.107763
-0.031815
0.049649
0.032545
0.041652
-0.005344
0.007629
0.112913
0.106486
0.068067
-0.023989
-0.107403
0.055959
-0.018679
-0.046373
-0.006568
0.044265
0.062020
0.037520
0.041428
0.043685
0.059548
0.046942
-0.024401
0.091701
-0.023891
-0.022588
-0.042869
-0.057661
0.007202
0.045273
0.018334
-0.003341
0.010111
-0.015356
-0.138384
-0.121783
-0.085294
0.003395
-0.047938
-0.014711
0.068963
0.036862
-0.036340
0.044239
-0.034551
0.010443
-0.073986
0.028013
-0.047535
0.005014
0.009767
0.014776
0.013339
-0.080424
-0.006576
0.035329
-0.049107
-0.152245
-0.116861
-0.006264
0.072710
-0.004828
-0.050425
-0.039214
-0.035942
-0.006814
0.023839
-0.052377
0.109255
0.060759
0.031558
-0.115351
0.107871
0.002795
-0.055406
-0.080524
-0.123212
-0.068992
-0.077322
-0.078014
0.058896
0.039155
-0.058148
-0.010350
0.116364
-0.022215
0.035495
0.016956
0.024088
-0.061861
-0.036862
-0.014482
0.046513
-0.098760
-0.068428
-0.063926
0.030223
0.057281
0.150207
-0.051079
-0.082085
0.011841
-0.017021
0.052513
-0.037085
0.028283
-0.084868
-0.036431
0.071606
0.097998
0.075950
0.021528
-0.020846
-0.096271
-0.008929
-0.005450
0.124730
-0.004008
-0.041147
0.054088
0.169817
-0.035721
0.064833
-0.018298
-0.010081
-0.066751
-0.065028
0.017330
0.017089
-0.060380
0.048295
0.030507
0.050574
0.064754
0.027515
0.083394
0.062673
-0.058424
0.059984
0.047360
-0.100164
0.052356
0.042271
0.024880
-0.003495
0.027903
0.018892
0.032643
-0.003139
-0.006345
-0.005958
-0.066795
-0.016302
-0.015660
0.109204
0.039549
0.060352
0.002830
-0.081484
0.004652
-0.090125
0.033751
-0.070844
-0.001880
0.055049
0.094746
0.122922
0.084327
0.091009
0.073645
0.158360
0.034309
0.060477
0.097356
0.002553
0.103643
-0.007902
0.085630
-0.049499
-0.024802
0.048928
-0.015787
-0.044977
0.002111
-0.056375
-0.031921
-0.039571
-0.074443
-0.076987
-0.039309
-0.055798
0.054239
-0.092088
-0.158622
0.075562
0.030853
-0.124412
0.007239
0.076122
0.115739
0.122724
-0.017485
0.046447
0.159771
0.089259
0.033713
0.002580
0.072844
0.054792
-0.121502
-0.060370
0.052418
-0.077969
0.015899
-0.016683
0.011469
0.073069
-0.006521
0.070825
0.016054
-0.043691
-0.007265
-0.042193
-0.119402
0.028502
-0.091771
-0.003221
0.097139
0.005277
0.021459
0.033504
0.043722
-0.033864
0.112847
0.068139
-0.004810
0.011909
-0.021268
0.078522
0.088565
0.100361
0.166864
0.109136
0.115654
0.104214
0.029350
0.011312
0.043309
-0.024967
0.027924
0.034821
0.028878
0.059462
0.003433
0.044534
0.072555
-0.011272
-0.032282
-0.002036
-0.027096
-0.083768
0.080128
0.070738
0.043391
-0.058582
0.023922
0.024093
-0.033222
0.016322
0.063630
-0.043230
-0.020112
-0.000897
0.011887
0.032151
0.019987
0.180928
0.071507
0.072067
-0.062591
-0.018398
-0.049855
0.004990
0.010519
-0.032182
0.030386
-0.044121
0.041336
0.064034
-0.021062
-0.050334
0.082793
0.063887
0.062673
-0.052610
0.004408
-0.017405
-0.038006
0.149270
0.142793
0.188196
0.078137
-0.084136
-0.067978
-0.024323
-0.017367
-0.073998
-0.010669
0.154325
0.021599
0.012584
0.049579
-0.045728
0.010027
-0.018029
0.031264
0.085299
-0.075143
0.046681
0.024823
0.056662
0.003150
-0.053573
0.008487
0.059068
-0.044951
0.061584
-0.081733
-0.026091
-0.092474
0.034508
-0.013229
-0.030515
0.039437
0.005523
-0.031792
-0.057866
-0.063696
0.046584
-0.039262
0.011907
-0.015974
-0.079729
0.068684
0.081172
0.072680
0.012730
-0.006470
-0.072572
-0.080156
0.007105
0.075944
0.093869
-0.000969
-0.122974
-0.101038
0.001020
-0.015202
-0.033517
-0.062040
0.059058
0.037735
-0.005716
-0.037632
-0.065357
0.045786
0.018408
-0.048875
-0.013084
-0.073877
-0.104517
0.047490
0.001078
-0.007987
-0.071050
0.016628
0.069107
0.003123
-0.078076
-0.120620
-0.024457
-0.007085
-0.046080
0.027881
0.005627
0.030745
0.104952
0.075380
0.014855
-0.069041
0.067487
-0.130583
-0.020389
-0.043844
0.022232
0.042982
0.049282
0.049786
-0.002218
0.019701
-0.068138
-0.021055
-0.020298
-0.033185
0.146398
0.061009
-0.060923
-0.121865
-0.017063
0.073588
-0.015804
-0.003973
-0.007724
0.066115
0.041194
0.013585
0.074596
-0.026556
0.069066
0.120734
0.055553
0.021913
0.021623
-0.099893
0.045374
0.004521
0.074986
0.096722
0.094520
0.018281
0.022115
0.017484
-0.047823
-0.061505
-0.005114
-0.053872
-0.055141
-0.018297
-0.036607
-0.035831
-0.123944
-0.024254
0.016499
-0.128203
-0.090660
-0.065847
0.016636
-0.007336
0.063521
-0.005200
-0.052144
-0.013470
0.034770
0.016832
-0.000666
0.110294
-0.070852
-0.083585
0.038032
0.039125
-0.046685
0.048615
-0.033603
-0.008877
0.016278
-0.024886
-0.035033
0.009458
-0.005788
-0.035997
-0.010444
-0.033028
0.008556
0.136382
0.112844
0.019862
0.050598
0.049661
0.073426
0.029000
-0.009043
0.029240
-0.084690
0.035415
-0.016618
-0.009462
0.038175
-0.009030
-0.049479
0.015777
-0.004672
0.041864
0.105749
0.033760
-0.027838
-0.068999
0.015045
0.057601
-0.051573
0.063484
0.209554
0.112280
0.018218
-0.031368
0.080808
-0.000922
-0.021132
0.050645
-0.065085
-0.018650
-0.001909
-0.053687
-0.043890
0.002668
-0.048791
-0.000303
-0.002107
0.098655
0.016497
-0.012291
-0.007864
-0.018195
0.028171
0.089040
-0.090635
-0.031730
0.058595
0.078989
0.054475
-0.043363
-0.036252
-0.055824
0.008246
0.032528
-0.039706
0.032445
0.007411
0.022428
-0.007003
-0.032683
-0.015811
-0.016044
0.023473
0.075039
0.044032
-0.003028
0.007653
0.032886
0.043975
0.068576
-0.009197
0.035213
0.026730
-0.039052
0.064112
-0.026538
-0.049838
0.090730
0.009939
-0.041079
-0.073472
-0.022828
-0.016202
0.078356
0.130475
0.066644
0.063724
0.052396
0.005766
-0.070192
0.040447
0.036020
-0.007502
0.188155
0.052195
0.034456
0.032343
-0.039277
-0.021446
0.065001
0.071586
0.094934
-0.002293
0.036449
0.072236
-0.053786
-0.016643
-0.049205
-0.002881
0.021475
0.018370
-0.054342
0.061582
-0.063321
-0.099733
-0.038848
-0.067566
-0.044221
-0.044327
-0.055145
-0.012062
-0.095691
-0.121190
0.010988
0.077656
0.090853
0.010517
0.087843
0.073095
-0.052397
0.029778
0.059642
0.159107
0.027821
0.031711
0.078532
0.162417
-0.080440
0.017968
-0.027625
0.021789
0.064473
-0.030527
0.103471
-0.147213
-0.038590
-0.032706
0.003306
0.110841
0.119324
0.076426
0.044097
-0.016675
-0.059449
0.043447
0.004954
-0.029411
-0.091703
0.148924
0.047605
-0.082046
-0.071866
-0.059922
-0.045640
0.036750
0.047995
-0.030314
-0.036849
0.009761
0.021676
-0.011693
-0.000272
0.100036
-0.060410
0.017793
-0.015611
-0.022775
0.021603
0.024392
0.059278
-0.042536
0.150760
-0.013314
-0.059864
0.107405
0.093079
0.023893
0.035076
0.110957
-0.001489
0.036879
-0.061154
0.005745
-0.016832
0.021424
0.029472
-0.015926
0.036580
0.002335
0.077347
0.070376
0.128582
-0.064557
0.152414
0.023304
0.039113
-0.007235
-0.033081
0.062968
0.020009
0.007881
0.039320
-0.005570
-0.006103
0.060247
-0.075815
-0.011796
0.066480
-0.028231
-0.016534
-0.071212
0.112632
0.080356
0.040054
0.074752
-0.092857
-0.051031
0.054802
-0.015440
0.053216
0.047299
-0.022387
0.083325
-0.121906
0.030235
-0.050945
-0.020881
-0.041405
-0.008009
-0.001836
0.061664
0.059990
0.026095
-0.021811
0.059115
-0.004906
-0.060881
0.030204
0.085143
0.082658
0.093882
0.056092
0.075816
-0.067713
-0.031706
-0.065296
-0.081404
-0.029318
-0.066155
-0.014549
0.039455
0.074427
0.009357
0.026416
-0.068423
-0.089173
0.049890
0.102496
0.079354
0.118313
0.045043
0.147166
0.064052
0.041954
0.095845
0.126029
0.100324
-0.040514
0.042464
0.052066
0.049029
-0.016450
0.022427
0.041956
-0.005332
0.008965
-0.035102
-0.049952
-0.058865
-0.116154
-0.011008
-0.115372
-0.107053
0.010332
-0.026689
0.146439
-0.013010
-0.083922
-0.012821
0.100634
-0.050528
0.011178
-0.160779
-0.017866
0.103625
0.035143
-0.043569
0.008082
0.037140
0.072493
-0.127942
-0.051868
-0.017152
-0.029108
0.099996
-0.112080
-0.149442
-0.113715
-0.104544
0.056169
0.024190
0.019354
0.014160
0.032175
-0.027216
0.001214
0.015869
0.085157
0.027874
0.097243
-0.044092
-0.055921
0.004939
-0.058384
-0.098253
0.006420
-0.009945
-0.056272
-0.052428
0.007603
-0.115940
-0.084071
-0.006523
-0.051547
-0.039693
0.083196
-0.056770
0.077918
0.040200
-0.085058
-0.000443
-0.134724
-0.053395
-0.083935
-0.034890
-0.058146
-0.088691
0.092220
0.115045
-0.037310
0.121329
0.126334
0.125898
0.008439
-0.027090
0.012623
0.017138
0.001786
-0.040167
-0.024002
0.041375
-0.014557
0.035482
0.006318
0.059508
-0.050990
-0.067464
0.028103
0.043996
-0.075387
-0.107812
-0.056361
-0.066142
-0.089965
-0.065206
-0.023024
0.077519
0.115118
0.069715
-0.010855
0.058296
0.006991
-0.018698
-0.058957
0.000627
-0.091231
0.063397
0.003478
-0.029029
-0.043093
0.079475
-0.003074
-0.007246
-0.042737
-0.050444
-0.001866
0.046190
0.115782
0.023859
0.039253
0.028543
0.001570
-0.072792
0.056640
-0.004854
0.026600
0.073492
0.023138
0.130132
0.036746
0.039113
-0.136310
-0.098997
-0.008153
-0.000273
-0.049799
0.004769
0.011574
0.118544
0.025034
0.059818
0.016857
0.003426
-0.097023
-0.070227
-0.008962
-0.110128
0.001642
0.003150
0.019555
0.064597
-0.059165
-0.048977
0.021509
0.119161
-0.027830
0.055585
0.021808
-0.068620
-0.030382
0.075598
-0.073535
0.021186
0.008997
-0.022993
0.119818
0.031648
0.056895
0.164049
0.013972
-0.023114
-0.066083
0.055775
-0.094500
0.080706
-0.011525
-0.069738
-0.074053
0.041134
0.030139
-0.024788
0.011610
0.005194
-0.051517
-0.044935
0.065072
-0.008250
0.017444
0.046828
-0.046234
-0.091912
-0.024642
-0.039174
0.048724
0.013340
0.014855
-0.030489
0.106545
0.037532
0.017901
0.048595
0.091004
0.027558
0.006845
0.060700
-0.038407
0.069184
-0.015503
0.078480
0.028469
0.088845
0.143727
0.039222
0.051316
0.027949
0.059768
-0.035533
0.041963
0.061447
0.057131
-0.064476
0.043670
0.027116
0.089745
0.140542
-0.051754
0.016503
-0.006046
0.002307
0.031416
-0.033977
-0.066196
0.045848
0.021097
-0.023936
0.022462
0.053633
0.125351
0.043778
-0.017438
-0.038640
-0.015649
-0.008766
-0.000245
-0.062909
-0.045617
-0.074102
0.045998
-0.108900
-0.073690
0.066963
0.021558
0.010717
-0.017073
-0.009852
-0.010397
0.051191
0.046386
0.064492
-0.065415
0.053101
0.094808
0.053512
0.010427
0.021858
0.008016
0.054388
-0.089263
-0.046776
0.081927
0.050423
-0.107560
0.011904
0.008453
-0.020865
0.082145
-0.056263
-0.130096
-0.053220
-0.074954
-0.059488
-0.056644
-0.007435
-0.013856
0.053200
0.026711
0.052470
0.108553
-0.051470
0.008919
0.037402
0.001789
0.085550
0.129544
0.051543
0.002910
0.077448
0.079929
0.048868
0.006611
0.021136
0.020871
-0.002270
0.008371
0.034533
0.023939
-0.001901
-0.021198
-0.044195
0.044219
0.016833
0.049875
0.026097
0.053104
0.070163
0.042358
0.009458
-0.034069
0.020374
-0.076840
-0.042483
0.077747
0.163683
0.181058
-0.000446
0.003795
0.098943
0.038958
-0.018080
-0.053949
-0.007410
-0.006175
0.028137
-0.077283
-0.020394
0.115444
0.045201
0.082164
0.053603
-0.147538
-0.177515
-0.029660
-0.026201
-0.051567
0.046565
-0.048515
0.012528
0.099829
0.061022
0.060820
-0.010755
0.049038
0.054815
0.125136
0.145246
-0.078219
0.042016
-0.016737
-0.024662
0.061586
0.056424
0.048403
0.025009
-0.021961
-0.004556
0.031062
-0.058117
-0.047882
0.046762
0.004986
0.041000
-0.072199
0.057269
0.130609
0.042732
-0.003489
-0.023324
-0.053119
0.038283
0.064525
0.031342
0.093273
0.141269
-0.007679
-0.001556
0.032993
-0.087335
-0.062682
-0.062967
0.073521
0.003348
0.009962
-0.091605
-0.062305
-0.029388
0.029482
0.028123
-0.015869
-0.034751
-0.114639
-0.020300
-0.009861
0.124905
0.156526
0.124475
-0.007351
-0.055644
-0.031088
-0.003367
0.068876
0.053659
0.052988
-0.089472
-0.042738
0.017101
-0.004882
0.057125
0.020816
-0.015633
0.073558
0.079805
-0.034668
0.042796
-0.049990
-0.029282
0.025081
0.017436
0.020648
0.023161
0.059108
0.122722
0.084870
0.061720
0.085204
0.014850
0.002940
-0.038679
0.060276
0.113682
-0.128101
-0.014349
0.040857
0.037063
0.031768
-0.104286
-0.065509
-0.071003
-0.038236
0.099926
0.030516
-0.054777
-0.097282
0.009838
-0.027338
-0.101317
0.006760
-0.077361
-0.012969
0.017187
0.008926
-0.011679
-0.048454
0.018010
-0.019672
0.031651
-0.023022
-0.057293
-0.061163
-0.088156
-0.072603
-0.011133
-0.113298
-0.004326
-0.026272
-0.040509
-0.024787
-0.103482
0.086068
-0.034518
-0.057540
0.079123
-0.035979
-0.050055
-0.087564
-0.060846
0.115557
0.083401
0.022536
-0.077244
-0.091600
-0.071365
0.063096
0.098861
-0.028369
0.022709
0.012176
0.041247
-0.003699
-0.045876
0.011553
-0.004112
-0.000910
-0.079228
0.029783
0.108299
0.032724
0.057739
0.029066
-0.039546
0.030825
0.033670
0.048749
0.007239
-0.047061
-0.002298
0.042730
0.025551
-0.040992
0.036785
0.101746
0.024698
0.028915
-0.117083
-0.072131
-0.066272
0.088948
-0.009150
0.064479
0.039300
0.035078
-0.005598
0.030082
0.104138
0.037856
0.011594
-0.125974
-0.073930
-0.020652
0.004395
-0.005818
-0.119249
-0.091551
-0.120289
-0.067556
-0.012128
-0.028849
-0.030871
-0.014827
0.028264
0.052510
0.039025
-0.067889
0.067124
0.082609
0.114038
0.004875
0.020703
-0.009646
0.169219
0.057290
-0.025960
0.076888
0.100453
-0.004430
0.005989
-0.048298
0.175514
0.028960
-0.071170
0.043633
0.019594
-0.046419
-0.045026
0.018072
0.098017
0.054445
-0.057770
-0.007995
0.037553
-0.018202
0.049851
0.123926
-0.018664
-0.081820
0.044366
0.082292
-0.052239
0.116360
0.164207
0.010821
-0.002418
0.053922
0.009626
0.013351
0.027142
0.021302
0.032095
0.007583
-0.043885
-0.034370
0.134901
0.084066
-0.086578
-0.083181
0.163336
0.087532
-0.027492
0.012370
0.011651
-0.003742
0.009094
0.020077
0.127231
0.040327
0.001002
0.145778
0.013263
0.042328
-0.036382
0.004178
0.134176
0.026567
-0.003617
0.095936
0.107240
0.024651
0.086499
0.022844
0.078109
0.049425
0.015079
0.072051
0.000885
0.049922
0.083708
-0.018268
-0.090654
0.100478
-0.014500
0.012164
0.027125
0.014311
0.009835
0.070334
-0.007504
0.006249
0.034439
0.101789
-0.011185
-0.052407
0.111113
-0.021041
0.038075
0.038197
-0.043721
0.002288
-0.013261
-0.028520
-0.041024
0.058741
0.049111
0.079001
0.065435
-0.083554
0.030390
0.014855
-0.004777
0.027861
-0.071464
-0.016790
-0.086945
0.047285
0.057775
-0.009736
-0.122142
-0.048850
0.071209
-0.069556
-0.057688
-0.024591
-0.097474
-0.138213
0.051360
0.007009
0.004315
-0.014923
0.010016
0.072258
0.030773
0.074703
0.039152
0.041479
-0.012628
-0.028936
0.005266
-0.086025
0.130261
-0.033678
-0.054595
0.006801
-0.005073
-0.001743
-0.026515
-0.039833
-0.027793
-0.042623
-0.127260
-0.026897
0.044141
0.067067
-0.179974
0.072567
-0.111999
-0.046150
0.031856
0.050410
0.073144
-0.039475
-0.019303
-0.125344
-0.031995
-0.058030
-0.096380
-0.123334
-0.089618
0.002182
-0.024868
-0.093123
-0.133461
-0.006460
0.036615
-0.075747
-0.129432
-0.012936
0.005733
0.028907
0.124700
-0.036725
-0.006111
0.032518
-0.138236
-0.061027
-0.064641
-0.081973
0.001798
-0.077949
-0.038259
-0.030357
0.060464
0.012665
0.015372
0.059579
-0.058625
-0.001038
-0.056587
-0.045670
-0.107874
-0.069875
0.061596
0.069798
-0.013403
-0.122464
-0.028609
-0.009286
-0.058619
0.076863
-0.097458
-0.084057
-0.061234
-0.131307
-0.017038
-0.031492
-0.002215
-0.027398
0.012201
-0.102357
0.103260
0.090613
-0.052863
0.022917
-0.127506
-0.022404
0.080251
-0.050910
0.091223
0.030162
0.018668
-0.004814
0.078571
0.002562
-0.013024
-0.032438
-0.059682
-0.036883
0.099009
-0.023798
-0.100837
-0.028866
-0.149946
-0.062325
0.043327
-0.037787
-0.046536
-0.050202
0.048022
-0.000836
0.028566
0.057867
0.080208
-0.005762
-0.062658
-0.028558
0.004921
0.043174
-0.165157
-0.022463
0.022436
-0.029922
-0.048774
0.091211
-0.027103
-0.003233
-0.028234
-0.067466
0.035002
0.032926
0.102455
0.020125
0.073501
0.055974
0.042765
-0.002845
-0.067928
-0.029614
-0.055405
-0.103836
0.014308
-0.088582
-0.049183
-0.011447
-0.076006
-0.087486
-0.015090
-0.039347
-0.130358
-0.074077
0.047016
0.065763
-0.015700
-0.071154
-0.071407
0.015670
-0.018513
-0.009527
-0.011086
-0.081624
0.017293
-0.024057
0.088566
0.122049
-0.020952
-0.051257
0.042995
-0.093870
-0.098412
-0.000300
-0.154112
-0.075425
-0.077724
-0.043551
0.062486
-0.023371
-0.001921
0.021836
0.008175
-0.106193
0.022403
0.065105
0.012921
0.043426
-0.005644
-0.052020
0.011768
0.040874
0.043162
0.026810
0.048754
0.046281
-0.126189
-0.160110
-0.047300
-0.031607
-0.013504
-0.026195
0.058232
0.077062
0.062209
-0.013855
-0.052520
-0.021017
-0.013841
-0.112992
-0.031535
-0.061286
-0.098118
-0.178436
-0.042214
-0.114059
-0.130346
-0.003789
0.025962
0.034580
-0.037112
-0.020442
-0.056097
-0.108622
0.036796
0.044458
-0.072462
0.101974
0.104808
0.056787
-0.113877
-0.102473
0.063126
0.054703
-0.015218
0.031164
0.028129
-0.057943
0.011593
-0.066895
0.036429
-0.030022
-0.022923
0.010412
0.083600
-0.022621
-0.009304
0.040382
-0.083052
0.026442
-0.059152
-0.047354
0.072151
-0.100498
-0.002984
0.079367
0.015228
0.024203
0.006227
0.009438
0.046296
0.023086
-0.036047
-0.008318
-0.031190
-0.022970
0.052582
0.043468
0.105317
-0.013424
0.095567
0.024430
-0.025873
0.042531
-0.006353
-0.045276
0.049568
-0.152767
-0.079850
-0.086609
-0.022977
-0.027065
0.036196
-0.046491
0.000744
-0.034973
0.083038
0.116875
-0.141526
-0.137117
0.031856
0.048999
-0.050901
-0.012887
0.024675
-0.145752
-0.064743
-0.010697
-0.009021
-0.015108
-0.040744
-0.079761
0.028150
0.046956
0.007973
0.013356
-0.007149
0.046409
0.023765
0.003227
-0.034370
-0.131372
-0.085234
-0.094481
0.044168
0.014113
0.046725
0.104175
-0.072987
-0.044908
0.023645
0.087314
0.046123
-0.163615
-0.019499
0.062933
-0.006661
-0.057962
0.067316
0.002999
-0.063607
0.007741
0.089866
-0.028390
-0.036482
0.041260
0.048316
0.023465
0.042125
-0.038261
-0.034616
-0.028263
-0.114621
-0.054860
0.008148
-0.072130
0.068672
0.037750
0.042944
0.036901
0.005062
0.010053
-0.026568
0.142892
0.021667
-0.007826
0.015390
-0.069538
-0.086806
0.075848
0.056858
0.059190
0.002999
0.079120
-0.033238
0.007958
0.054120
-0.105194
-0.008782
0.137056
0.021448
-0.044118
0.052404
0.068432
0.067687
0.039235
-0.015539
0.092498
0.093820
0.038889
0.135829
0.128887
0.002729
0.017367
-0.023728
0.089854
-0.013134
0.008963
0.044675
0.078566
0.059416
0.022589
0.053138
0.004855
0.041872
0.174828
0.015234
0.007880
0.053555
-0.066453
0.025899
-0.121512
0.026990
-0.103714
0.046156
-0.055672
-0.037965
-0.052556
-0.005884
-0.013232
-0.042658
0.027419
-0.057596
0.123915
0.088353
0.009360
0.191940
0.012111
-0.072247
0.086034
-0.013884
0.072648
0.051986
0.047458
0.053414
0.081231
0.003829
0.056806
-0.014170
0.049458
0.077587
-0.086771
-0.009548
0.004743
0.005032
0.084274
0.090946
0.072036
-0.072083
0.096364
0.050128
-0.007777
0.026043
0.011963
0.032609
-0.034120
0.008129
-0.045699
-0.033592
0.002484
-0.102980
0.008758
-0.023367
0.000467
-0.019454
-0.056744
0.023735
0.039725
-0.074320
0.068193
-0.036189
0.003749
0.015008
-0.077490
-0.011862
0.027283
0.056611
0.033983
0.015635
0.059603
0.095898
0.009181
0.111385
0.063348
-0.009600
-0.036001
-0.036796
0.003177
-0.096315
-0.049551
-0.073431
0.113711
0.076452
-0.048180
-0.057084
-0.028457
-0.110350
-0.067451
-0.011042
-0.061643
0.080527
0.005169
-0.036724
0.008633
0.083277
0.086074
0.082620
0.104381
0.031819
-0.004596
0.048593
-0.072143
0.019516
-0.027491
-0.001408
0.017464
-0.018566
-0.075147
-0.045057
-0.200443
-0.078658
-0.077326
0.007443
-0.006151
-0.087778
-0.043501
0.038326
-0.097483
0.023694
0.111212
-0.001438
-0.011477
-0.027284
-0.056223
0.051039
0.093990
0.029064
-0.030552
-0.099424
-0.031886
0.066896
-0.012232
0.031615
-0.021067
0.029131
-0.012600
0.058153
0.159922
0.014619
0.057285
-0.003655
-0.007452
0.054777
0.141705
-0.017087
-0.015046
0.140107
0.004074
0.078324
-0.037776
-0.103763
0.019583
0.014268
-0.016115
0.092133
0.011354
-0.039292
-0.069305
-0.053524
-0.015442
0.036925
-0.073663
-0.044086
-0.097290
0.000415
-0.049511
0.038468
0.057868
0.012568
0.012042
-0.022886
-0.077402
0.029092
-0.098359
-0.002698
-0.020187
-0.001246
0.037378
0.044145
-0.052487
-0.111491
-0.122609
-0.003586
0.054364
0.098301
0.071137
0.101337
0.020985
0.049319
-0.023082
0.021765
0.087394
0.068950
0.046247
0.040826
-0.019373
-0.021192
-0.026305
0.044959
-0.023499
-0.030511
-0.027568
-0.036149
-0.026183
0.009865
0.048326
-0.020228
-0.047793
0.014996
-0.011582
-0.101325
-0.054315
0.001738
0.019779
-0.020004
-0.137351
-0.016925
-0.014259
-0.036414
0.088278
0.059628
-0.042278
0.036920
-0.101654
0.053276
0.101058
-0.046502
0.059781
0.094217
-0.031162
-0.113433
-0.043267
0.145674
0.118358
0.031886
-0.027307
-0.082214
-0.084458
0.100210
0.058492
-0.031950
0.093409
-0.022548
0.060611
0.081001
-0.081871
0.042221
0.105659
-0.033353
-0.008877
0.047372
0.030942
-0.061325
-0.029144
-0.072066
0.091325
-0.022874
0.070695
0.008460
0.008163
-0.051271
-0.071686
0.121456
0.096432
-0.011641
0.003825
-0.017841
-0.006278
-0.023087
-0.108471
-0.021602
-0.028632
0.159154
0.065590
-0.034152
-0.012302
-0.020219
0.015288
0.032826
-0.155916
0.039914
-0.020391
0.060520
0.093317
0.020763
-0.008938
0.056245
0.002263
0.097156
0.059749
0.018056
-0.073708
-0.089507
-0.040641
0.003398
-0.021308
0.105520
0.161936
0.041947
0.125777
0.084467
0.059086
-0.084367
0.115838
0.057937
-0.118817
0.074593
0.051785
-0.037267
-0.137252
-0.069082
-0.005178
-0.043529
-0.176441
-0.072185
0.129233
0.061728
0.069919
0.041162
-0.067702
-0.023753
-0.048990
0.071887
0.055238
-0.003030
0.164748
0.053044
-0.006345
0.082362
0.020486
0.030750
-0.083245
-0.016645
-0.032986
0.045487
0.056242
-0.005064
-0.012204
-0.010306
-0.079716
-0.044249
-0.012416
0.046396
-0.055088
-0.066343
-0.000245
-0.026072
0.043926
0.125981
0.019315
-0.100529
-0.113187
-0.084845
-0.105194
-0.041713
-0.140434
-0.041156
0.014621
0.032302
0.012739
0.016070
0.093909
0.046803
0.158723
0.146618
-0.070882
0.043980
0.022963
-0.026969
0.052329
0.100226
0.071711
0.128050
0.033713
-0.001675
0.021443
-0.042444
-0.003679
-0.002954
-0.014482
-0.030161
-0.018458
0.077917
0.057746
-0.012746
0.019821
0.025870
0.061151
0.011652
-0.072818
-0.064114
0.022464
-0.044546
0.005490
-0.066868
-0.099797
-0.108174
-0.092485
0.012149
-0.085820
-0.099857
0.066886
0.031808
0.021551
0.092897
-0.113952
-0.145167
0.002705
-0.047535
0.056371
-0.034411
-0.089666
-0.037845
0.008917
-0.052649
-0.044290
0.002436
-0.020969
-0.010921
-0.057260
-0.006527
-0.077925
-0.021015
0.005434
0.012144
0.046868
0.014794
-0.003896
0.058597
-0.036924
-0.015842
-0.052454
-0.044211
-0.068503
-0.117902
-0.175738
-0.044800
0.024615
-0.045335
-0.023107
0.082665
-0.038693
-0.032520
-0.014674
-0.004154
0.041559
0.112789
0.092994
0.162426
0.070536
-0.035052
-0.078049
-0.027868
0.092641
-0.026432
-0.001893
0.002319
-0.058829
0.010949
0.026364
0.001445
0.028513
-0.042544
-0.084916
-0.119708
-0.014089
0.009378
-0.054789
-0.041107
0.015753
0.146474
0.071249
0.021571
0.172850
0.092529
-0.049433
-0.085554
0.043744
-0.027510
-0.047134
0.051931
0.052691
0.126352
0.092534
-0.067522
0.044556
0.029700
-0.074140
-0.018285
0.091145
0.032508
0.025507
0.030334
0.016538
0.020643
-0.031563
0.113167
0.023966
0.022974
-0.097104
-0.066841
0.018781
-0.022373
0.015922
-0.030674
-0.029909
0.055172
0.039802
0.017149
0.030491
0.033305
-0.095106
-0.054164
0.053865
-0.111525
0.009463
0.025087
0.062320
0.041694
0.010756
0.027196
0.077182
0.047521
0.038583
0.036641
-0.002313
0.056660
0.054914
-0.042458
-0.063036
-0.059959
-0.033493
-0.022249
0.045067
0.051556
-0.039134
-0.008569
0.008587
-0.080709
-0.067922
-0.037152
-0.016582
-0.102081
0.061063
0.062900
-0.085130
0.008857
-0.008081
0.049698
0.092717
0.120957
0.103326
0.083298
-0.087044
-0.071346
-0.127102
0.020711
-0.026890
-0.026492
-0.054013
-0.113107
-0.051820
0.084020
0.041492
-0.007996
-0.064892
-0.054224
-0.090222
-0.013297
-0.114634
-0.017889
-0.025641
0.010765
0.074082
0.010589
-0.030267
-0.080698
0.057428
-0.017134
-0.036171
-0.055142
0.018300
0.019661
0.089832
-0.135318
-0.076029
-0.053066
-0.070365
-0.117114
-0.061066
-0.025222
-0.104199
-0.029357
-0.001892
0.092329
-0.010008
-0.062769
-0.055301
-0.044503
0.043899
0.079823
0.022223
0.000195
0.085774
0.007127
-0.049128
-0.082101
-0.123557
-0.001120
0.057121
-0.006130
0.056472
-0.070275
-0.091872
0.049475
0.044920
0.010249
0.050908
0.073925
0.040716
0.190196
0.103969
0.016555
0.127116
-0.016811
0.042162
0.049782
0.025587
0.011286
0.081221
0.092354
-0.059175
0.007142
0.007149
-0.017998
-0.011045
-0.000366
0.058178
-0.056033
-0.043515
0.141235
0.044141
0.118048
0.144738
0.079642
0.115221
-0.015020
0.054935
0.043191
0.001013
-0.014356
-0.094872
-0.077986
-0.046514
-0.103229
-0.014236
-0.020307
-0.031358
-0.073710
-0.041237
0.038096
0.056559
-0.016231
-0.109707
0.103792
-0.012088
-0.005704
-0.006289
0.022309
0.063869
-0.034971
-0.139231
-0.004465
-0.031611
-0.031725
0.060900
-0.031943
0.013394
0.085374
0.049673
-0.072170
-0.010593
0.088012
-0.019695
-0.185284
-0.108298
-0.047992
-0.087243
0.047892
-0.008188
-0.011629
0.008086
0.048259
0.074542
-0.017243
0.099107
0.052437
0.107015
0.019625
-0.100776
0.020907
0.024656
0.002109
-0.002422
0.132029
-0.003721
-0.059547
0.033460
-0.013694
0.026704
0.046294
-0.015110
0.050195
0.012680
0.025261
0.068479
0.020979
0.040173
0.046839
0.053301
-0.145316
0.013818
0.024981
-0.054799
-0.026147
-0.042548
0.147895
0.047163
-0.069668
0.001442
-0.092285
0.020908
0.126903
0.059557
0.045972
-0.008668
-0.044087
-0.022672
-0.029553
-0.018059
0.022496
-0.000680
0.031876
-0.020331
-0.023767
-0.051518
0.049655
-0.000327
-0.025694
-0.003157
-0.012019
-0.002127
0.032389
0.010218
-0.041802
0.064719
0.061222
-0.063142
0.022171
0.054602
-0.002270
0.061062
0.066798
0.028329
0.104833
-0.019631
0.001944
0.027906
-0.025345
0.027140
-0.087168
-0.124471
0.059129
-0.065690
0.122242
0.032929
-0.157823
-0.059766
-0.112295
-0.053552
-0.050351
-0.019492
-0.005509
0.022324
0.132339
0.022902
0.020466
-0.041809
-0.091756
-0.084433
-0.114881
-0.085233
-0.059101
-0.043822
0.079417
0.034735
0.145226
-0.010388
0.080666
0.077674
-0.007102
-0.044436
0.037287
-0.063161
0.022468
0.027208
-0.015438
-0.119250
-0.088495
0.057081
0.010785
0.042074
-0.002942
0.006343
-0.033940
-0.033942
-0.067553
-0.032923
-0.007842
0.001802
-0.149420
-0.100423
-0.014770
-0.065776
0.005047
-0.003186
-0.119600
-0.089517
-0.050303
-0.059931
0.091697
-0.133891
-0.060378
0.034632
-0.068297
-0.027680
0.083905
0.019090
0.073364
0.062427
0.079737
0.123084
0.045346
0.001355
-0.154589
-0.059236
-0.131146
-0.049524
-0.068949
-0.144935
-0.037180
0.049889
0.025583
0.047697
-0.084305
0.004279
0.092592
-0.041409
-0.091943
0.075685
-0.009185
0.135252
-0.036061
-0.076928
0.013731
-0.057351
-0.020663
0.023233
0.031347
0.022256
-0.063257
0.082311
0.047618
-0.036352
0.140784
0.009443
0.092823
0.056476
0.065685
0.088934
-0.070884
0.047693
0.051882
-0.044510
0.028619
0.011200
-0.020047
-0.027719
-0.094231
-0.055209
0.059721
-0.005149
-0.093848
-0.001241
-0.002878
-0.062292
-0.044310
-0.026918
0.109579
0.016048
0.128741
0.152608
-0.042200
-0.071365
-0.012386
-0.021284
0.091264
0.028268
0.010488
-0.046600
-0.011397
0.005851
0.006289
0.015097
0.022871
0.033208
-0.005075
0.091343
0.102028
0.012731
-0.045216
-0.073328
-0.000151
0.069036
0.028299
-0.019149
-0.057666
-0.091019
0.029397
0.079628
-0.029374
0.034400
-0.002052
-0.072413
0.051233
0.034158
-0.110359
-0.014973
0.067490
0.031650
-0.085385
-0.103657
0.032719
0.062823
0.130455
-0.019166
-0.000608
-0.059137
-0.001333
0.068020
-0.029496
0.136386
0.172871
0.075934
0.078815
0.130759
0.123132
0.058999
-0.039477
0.007870
-0.042311
0.025369
0.067795
0.146786
0.064758
0.038134
0.010987
0.007752
0.051753
0.181313
0.032057
0.004774
0.012462
-0.017823
0.080853
0.014731
-0.003678
0.079532
0.116671
-0.049070
0.029023
0.082598
0.009101
-0.107714
-0.056863
0.006746
0.157860
-0.036282
-0.056228
-0.027164
0.028836
-0.045119
-0.070674
0.002992
-0.088096
-0.066495
0.019413
-0.050785
0.083597
-0.015973
-0.039782
0.045581
-0.016368
-0.045520
-0.116480
-0.023338
-0.067221
0.034413
0.034394
0.005403
-0.008357
-0.006486
-0.063663
-0.003462
0.013331
-0.033499
0.050996
0.023670
0.033330
-0.058227
-0.036791
-0.024492
0.015982
-0.117075
-0.070475
-0.023787
-0.212994
-0.028603
0.005770
-0.035137
0.032419
-0.023143
-0.067166
0.064160
0.088431
0.017497
0.079100
0.076231
0.017182
-0.007255
0.030889
0.068471
0.026770
0.030435
0.037823
0.075877
-0.017923
-0.079237
0.067890
-0.086838
-0.123313
-0.074548
-0.080356
-0.070621
-0.048098
-0.133062
0.012471
0.052862
0.078825
-0.057110
-0.053756
-0.024084
-0.016904
-0.031290
-0.041022
0.005661
-0.034820
0.062942
-0.042183
0.049045
-0.071755
-0.045744
0.041062
-0.033434
0.013533
-0.011689
0.092351
0.040526
-0.052520
-0.064627
-0.036328
-0.097629
0.009006
-0.029915
0.058725
0.085625
-0.000589
-0.007050
0.058000
0.010686
0.060183
-0.026788
0.147695
0.049209
0.052320
0.055303
0.033335
-0.040025
0.026942
0.082904
0.010371
0.145839
0.048710
-0.010381
0.154043
0.059052
0.120418
-0.012439
0.080122
-0.004840
0.002744
0.006170
0.127490
-0.114491
-0.143973
0.039327
0.016478
-0.006617
-0.118146
0.009299
0.063645
-0.081900
-0.095943
0.031176
0.039280
-0.063272
0.039561
0.036024
-0.054332
-0.051466
-0.017937
-0.041233
-0.051355
-0.039367
-0.038655
0.013979
0.049735
0.050116
0.001973
-0.028665
0.035491
0.081090
0.144615
0.039008
0.065875
0.012310
0.039180
0.016915
0.005290
0.074090
0.101617
0.062673
-0.003383
0.032201
0.015332
-0.076719
-0.011354
-0.094404
-0.020250
0.075253
-0.052131
0.119741
0.098178
-0.004549
0.035567
-0.026758
0.038303
0.054887
0.018249
0.027833
0.015070
-0.017426
0.008622
0.038382
-0.080368
-0.049211
-0.077575
-0.053073
0.013695
-0.063640
0.007647
-0.048100
-0.074662
0.090302
0.051779
0.204483
0.088994
0.032847
-0.009483
0.047943
0.088124
0.042056
-0.014620
-0.009562
-0.065600
-0.070934
-0.131406
0.017954
-0.004453
-0.025425
-0.016517
0.037835
-0.145470
-0.032051
0.004956
0.072575
0.064665
0.023954
0.130769
0.132353
-0.007393
-0.091501
-0.060960
-0.059285
-0.045644
-0.056812
0.008728
-0.121370
0.012097
0.064178
-0.000700
0.107837
-0.043546
0.009446
0.031047
-0.008959
0.047826
-0.082239
-0.012919
0.027802
0.042699
-0.021987
0.010071
0.082802
0.029888
0.101814
0.085492
-0.036483
0.079656
0.013603
-0.037878
0.055659
-0.041307
-0.020835
0.017348
-0.078834
0.001930
0.077016
0.061964
0.154443
0.039611
0.027190
0.021250
0.002154
-0.112111
-0.076910
-0.043538
0.016715
-0.081505
-0.051113
0.001888
0.015131
0.070797
-0.088098
-0.060140
0.015288
0.038237
0.076487
0.019387
-0.028930
0.084380
0.066840
0.126667
0.047580
-0.060799
0.027769
0.020969
0.019032
0.027452
0.103401
0.174024
0.105782
0.035464
0.070577
-0.013673
0.014403
0.064307
0.022070
0.035349
-0.035428
0.077624
-0.022471
0.061892
-0.009504
0.002367
-0.017045
-0.033706
0.007398
-0.024486
0.090602
-0.019496
-0.044086
-0.081760
-0.053177
0.006994
-0.065266
0.046974
0.006664
0.111602
0.049217
0.062781
0.162180
0.023069
0.013528
0.032380
0.003331
0.059430
0.044273
0.023945
0.041236
0.070659
0.084257
0.102950
-0.027311
0.014554
-0.001361
-0.011594
0.067223
-0.075826
-0.037948
0.106029
0.098021
-0.016041
-0.024254
-0.047880
-0.172938
0.021321
-0.083605
-0.103305
-0.058537
0.025075
0.060162
-0.051917
-0.045915
-0.124299
-0.012668
0.107908
0.017861
0.053695
0.108034
0.048963
-0.026799
-0.027055
-0.000353
-0.014251
0.010158
0.017743
0.066185
0.055492
0.000652
0.003490
-0.067003
0.006849
-0.014931
-0.046401
-0.036319
-0.018950
0.120573
-0.008455
-0.023440
-0.118774
-0.005605
0.084588
0.115612
0.079939
0.036541
-0.005789
0.142765
0.010018
0.077997
-0.062131
-0.022557
0.025756
-0.084506
-0.039226
-0.103627
-0.042589
-0.007285
-0.028177
-0.061202
-0.086451
0.083713
0.112212
-0.048991
-0.016018
-0.113624
-0.097085
-0.050511
-0.053452
-0.029487
-0.034973
0.021548
0.021428
-0.077134
-0.020274
0.017821
0.089150
0.131129
-0.015141
-0.046039
-0.016074
-0.074499
-0.036969
-0.025960
0.076899
-0.016599
0.024770
0.028407
-0.055232
-0.169431
-0.037563
-0.054262
-0.067107
0.032092
-0.024857
0.107016
-0.052201
-0.043016
0.007150
-0.008004
0.076604
-0.022889
-0.059786
-0.069354
0.068269
-0.032834
-0.020230
-0.030317
-0.034915
0.015125
0.088031
-0.084384
0.044690
-0.020962
0.023902
0.049524
-0.001457
0.014455
0.020400
0.015695
0.023960
0.051222
0.020703
0.040731
0.070975
0.037789
0.059163
0.136901
0.067772
0.053038
0.140702
-0.008848
0.047269
-0.060111
-0.085391
0.070377
-0.018617
-0.051279
-0.078179
-0.002146
0.074451
0.027808
0.033480
0.059195
0.132863
0.053971
0.022458
-0.000819
0.061798
0.043644
0.091212
0.012032
-0.006099
-0.004283
0.095030
0.090575
0.061052
0.052206
-0.039178
-0.015543
-0.079383
-0.025542
-0.104900
-0.060355
-0.045563
-0.159573
-0.001618
-0.041845
-0.103331
-0.035579
-0.004798
-0.067607
-0.036339
0.101081
-0.039560
0.015876
-0.014513
0.031148
0.008122
0.082813
0.018138
-0.036389
0.111636
0.030296
-0.012139
0.118917
0.051564
-0.051338
-0.131831
0.072434
-0.050933
0.043804
-0.008056
-0.023844
-0.035731
-0.011647
0.005770
0.112776
0.056351
-0.028167
0.028103
-0.129703
-0.039329
0.006832
-0.036783
0.002855
-0.061572
0.004342
0.015617
0.045997
0.097239
0.055497
-0.029136
-0.021912
-0.038388
0.143748
0.122135
0.109700
0.027694
0.091493
-0.058733
0.020759
0.068519
0.109440
0.045904
0.092267
0.091613
0.135470
0.081750
-0.025313
0.004599
0.050966
0.018683
0.004823
-0.025810
0.021560
-0.010248
-0.023406
0.052411
0.034804
0.050863
0.032132
0.023016
0.049377
0.106985
0.187878
0.071542
-0.051632
-0.060101
-0.073324
-0.071278
-0.044906
-0.128361
-0.062618
-0.014382
-0.062396
0.035887
0.023188
0.078876
-0.079407
-0.131078
-0.067625
-0.059558
-0.029805
0.000149
0.036319
-0.012312
-0.110267
0.029216
-0.015581
0.078825
0.106387
0.074510
-0.006687
0.061171
0.038419
-0.006348
0.082296
0.001109
0.002410
0.068835
0.079687
0.030339
0.065996
0.075751
0.038488
0.071258
-0.005177
-0.030645
0.026095
-0.110131
0.025340
0.034792
-0.030079
0.057414
0.039127
-0.066364
-0.024976
-0.028436
0.002305
-0.012767
-0.034781
0.005215
0.031217
-0.031785
0.004028
0.013733
0.073955
0.040935
0.080011
0.051048
0.055862
0.020618
0.043808
0.018183
0.073931
0.077491
-0.064026
-0.004608
0.032078
0.029784
0.028941
-0.063259
-0.028420
-0.049552
0.009386
-0.060163
-0.034347
0.024539
0.004895
0.011025
-0.035428
0.057524
0.089758
0.103411
-0.003091
-0.012699
-0.033319
-0.017012
0.042651
0.004217
0.008241
0.043906
-0.082008
-0.135913
-0.107721
-0.061484
0.031055
0.097904
-0.013483
-0.010607
-0.028901
-0.091834
0.017424
-0.045601
-0.068497
0.068800
0.032350
0.091356
0.101879
0.022645
-0.090611
-0.017297
0.009721
-0.007269
-0.085935
-0.012533
0.038793
0.004184
0.049266
-0.030434
-0.013324
-0.001243
-0.058935
0.065080
0.081166
0.152206
0.080368
0.212456
0.139746
-0.007657
-0.045775
0.018996
0.225811
0.197078
0.085342
0.004415
-0.120079
-0.076269
-0.031009
0.051601
-0.020587
0.060952
-0.055140
0.049107
0.054310
-0.004670
-0.005279
0.021158
0.029522
0.186945
0.075747
0.038883
-0.030017
0.086684
0.076479
-0.037808
-0.019902
0.084575
0.031901
0.023629
0.050486
-0.007589
0.068826
0.075327
-0.034071
-0.024073
0.014530
0.008294
-0.051538
-0.007467
0.107233
0.071397
-0.090404
-0.126216
0.000460
0.027277
-0.105532
-0.037523
0.022324
-0.103109
0.007936
-0.025838
0.003748
0.072538
0.016003
-0.025654
0.038753
0.102392
0.139285
0.048438
0.158375
0.032571
0.066803
-0.064328
0.097686
0.130765
0.041442
0.107160
0.009106
-0.000475
0.070709
0.062867
-0.058774
-0.056558
0.082431
0.010458
0.098223
0.122302
0.019681
0.169337
0.114733
0.034789
0.140839
-0.110937
0.007753
0.073736
0.038939
0.152120
-0.049007
-0.048670
0.072671
-0.078566
0.011516
0.039170
-0.051599
-0.030444
-0.059952
0.024271
-0.019819
0.041259
0.067016
0.033141
-0.053264
0.077130
-0.079531
-0.093131
-0.083136
0.006205
0.097019
0.119194
0.120408
-0.041796
0.108758
0.034643
0.130658
-0.081200
-0.009689
0.064709
0.044253
0.152102
0.107034
0.055631
0.032791
0.187996
0.013029
-0.029628
0.107806
0.024994
0.060262
0.002872
-0.024872
-0.079182
0.078331
0.079562
0.053358
0.089722
-0.004579
-0.056881
0.018682
0.180321
0.112842
0.076023
-0.087109
0.024637
-0.000212
0.044013
0.017735
-0.028491
-0.037492
-0.127922
-0.086989
-0.043754
0.080109
-0.140320
0.061739
0.058290
0.007245
0.033138
0.129073
0.016891
0.096574
0.091224
0.093059
0.081735
0.033934
0.035945
0.138797
-0.058252
0.018428
-0.007403
-0.038028
-0.080061
-0.027867
-0.032630
-0.040076
-0.000465
0.129532
0.080672
0.028461
-0.115173
0.087231
0.048330
-0.076096
-0.123282
-0.054704
0.071638
0.076751
-0.052098
0.119436
0.012517
0.139459
0.160035
0.084067
-0.069099
-0.045936
-0.028286
0.035329
0.000636
-0.002017
0.053052
-0.002742
0.061047
0.062628
0.008641
0.176572
-0.010036
0.083899
0.049086
-0.035498
-0.047619
-0.009609
0.036907
-0.036964
-0.003627
0.007109
0.078122
-0.126440
-0.007705
0.053766
-0.028439
-0.081835
-0.015000
0.007703
0.016669
-0.008478
0.045076
0.094764
0.030478
-0.012278
0.074530
0.057693
0.101995
-0.002449
0.098965
0.000556
0.020725
0.252152
0.078665
-0.066967
-0.014717
0.047604
-0.005267
0.013146
0.121064
-0.016524
0.055134
-0.048473
0.040656
0.129988
-0.061137
-0.068266
-0.130295
-0.007856
0.012275
-0.063777
-0.040155
-0.009748
0.025362
-0.054560
0.064019
0.031442
0.031106
0.107086
0.056199
0.119070
0.057378
0.019137
0.089429
0.086429
0.042244
0.081295
0.030093
-0.022315
0.069538
0.044356
-0.024895
0.037005
0.083849
0.075524
0.026446
-0.003160
0.136456
0.123939
0.070285
0.080056
-0.011430
-0.029016
0.061252
0.011938
-0.003880
-0.023013
-0.076827
0.002946
0.034343
-0.054373
-0.064316
0.081201
0.049852
-0.011026
0.071937
0.046550
0.003936
0.202297
-0.069548
0.017231
-0.002342
0.078219
-0.026271
0.006978
0.106305
0.119408
0.049641
-0.022816
0.002596
-0.056621
0.043112
0.047078
0.055022
0.050241
0.056355
0.025382
0.001327
-0.084181
-0.122795
-0.047123
-0.026078
0.010588
-0.083750
0.042402
0.077851
-0.111655
0.065479
-0.008293
0.083614
0.033114
0.020722
-0.071782
-0.037918
-0.087827
-0.135421
0.015888
0.039515
-0.070111
0.128924
0.002503
0.053830
0.019599
0.020023
0.043057
0.067742
0.048789
-0.016551
-0.057276
-0.049320
0.065997
-0.011413
0.047804
0.011544
0.240617
0.006676
-0.083586
0.056047
-0.034923
-0.025931
-0.114963
0.037178
-0.068593
0.037131
0.058297
0.013417
0.088532
0.038548
-0.108034
0.025701
-0.054418
-0.040020
0.000141
-0.077892
-0.047349
0.014189
-0.132102
-0.030077
0.009989
-0.002283
-0.044808
-0.044941
0.097504
0.059638
0.072643
0.004496
0.108473
0.006412
0.049484
0.089502
0.047610
0.005426
-0.021031
0.052401
0.082779
0.108593
-0.019696
0.167362
0.074643
-0.030491
0.000344
0.005670
0.076650
0.134078
0.076974
-0.022599
0.044214
0.109155
0.078949
0.093598
0.103873
0.023258
0.087745
0.009375
0.216060
0.147716
0.031430
0.013810
0.035333
-0.004411
0.001059
0.041892
0.118195
0.011896
0.072861
0.164420
0.080409
-0.099764
0.111769
0.002261
-0.077163
0.089795
-0.035477
-0.020069
-0.038855
0.123294
0.074439
0.044358
0.031077
0.012927
-0.000828
0.099387
-0.002845
-0.117725
0.081303
0.070574
-0.002436
-0.000231
-0.001620
-0.025951
-0.003625
0.048419
0.136554
-0.024089
0.008936
0.019120
-0.024150
0.041972
0.062633
0.105419
-0.010986
-0.003296
-0.006896
-0.097937
-0.025516
-0.034072
0.065715
0.041438
0.011252
0.022392
-0.017316
0.109613
0.044943
-0.064530
0.026111
0.020343
0.087175
0.083914
0.104149
0.096997
0.019672
0.082121
0.005379
-0.000156
0.089948
-0.018394
-0.052733
-0.080054
0.026876
0.075091
0.037832
0.112693
0.063041
0.092175
-0.049512
0.028115
0.004243
-0.044471
-0.021486
0.163844
0.053005
0.002579
-0.011932
0.032004
-0.081425
-0.069333
0.041460
0.029714
0.043194
-0.082439
0.040853
0.044036
-0.060400
0.092348
-0.110725
-0.011387
0.066518
0.036159
0.066166
-0.014700
0.003410
-0.049281
0.074355
-0.003899
0.072585
0.014939
-0.045191
-0.036520
0.067488
0.070330
0.030348
0.017972
0.015281
0.074824
0.107315
-0.028460
0.105770
0.096153
-0.017581
-0.029268
0.107487
-0.051165
-0.067377
0.056333
0.056318
0.059996
0.038671
-0.028680
-0.058888
-0.018414
-0.095702
-0.027639
-0.085917
-0.089442
-0.038235
-0.064965
-0.061324
0.023189
-0.002731
-0.009688
-0.023904
0.010548
0.094760
0.031400
-0.050776
-0.010191
-0.124233
-0.056902
-0.012740
0.062601
0.224186
-0.007910
0.022957
0.068316
0.128894
0.092148
0.060743
0.022600
0.010123
-0.027209
-0.007660
0.024052
-0.024455
0.074348
0.046447
-0.136619
-0.030316
-0.007680
-0.118265
-0.011106
0.011232
-0.011184
0.032540
0.051831
0.176368
0.066666
0.169866
0.034223
0.054513
0.088339
0.037490
-0.032399
0.083130
0.002356
0.037742
0.027276
-0.019140
-0.101518
0.042707
0.025191
0.096331
0.012327
-0.086319
-0.009765
-0.075164
0.051040
0.015576
-0.007113
-0.096355
-0.033801
-0.072477
-0.069844
-0.078816
-0.051694
-0.040893
0.015354
-0.008853
-0.011794
-0.002379
0.072581
0.013703
0.000135
-0.013599
0.063461
0.166439
0.074711
0.089664
0.074625
-0.017785
0.097937
-0.032299
-0.039750
-0.105814
0.130337
0.037386
-0.011890
-0.031633
-0.047584
-0.004562
0.099975
0.011751
-0.003843
0.044720
0.119622
0.098601
-0.016203
0.000246
-0.012353
0.125593
-0.010964
-0.046435
0.017294
0.113309
0.072240
0.013568
0.042320
0.006140
-0.033364
0.004267
-0.123705
-0.087455
-0.076462
0.010279
-0.005562
0.085125
-0.116069
0.007178
0.094385
0.104111
0.027002
-0.019264
-0.000987
0.062235
0.087773
0.035152
-0.036982
0.017880
-0.006158
0.010390
-0.047557
0.091696
-0.025964
-0.016713
-0.014071
-0.039956
0.010683
-0.019890
-0.020531
-0.031949
0.031292
-0.007066
0.198215
-0.036208
-0.018346
0.020482
-0.100544
0.024193
-0.098315
-0.065617
0.031262
0.035441
-0.078056
0.149434
0.040216
0.034860
-0.049017
0.067714
0.038938
0.051506
0.085382
-0.041423
0.035864
0.002149
-0.019961
-0.024664
0.000308
0.018448
-0.094116
0.075506
-0.015373
0.081176
0.200425
0.177969
0.136570
0.074352
0.044539
0.132775
0.009191
0.055497
0.083392
0.092148
0.048291
-0.023636
-0.034220
-0.040413
-0.046338
0.022789
-0.033018
0.098337
-0.081646
-0.146235
-0.065318
0.019467
0.002415
0.069313
-0.043240
-0.002172
0.064546
0.019191
-0.075085
0.102450
-0.073295
0.004137
0.082043
0.066694
0.061479
-0.045818
-0.069944
-0.013688
0.037850
0.049813
-0.066368
0.045304
0.133550
-0.005383
0.041561
-0.015297
0.002981
-0.010009
-0.146582
-0.069192
0.060109
0.073386
-0.036747
-0.017213
-0.099227
-0.083653
-0.061141
0.037316
-0.041917
0.039857
0.020690
0.079786
0.058487
0.073022
0.035609
0.057122
-0.015680
0.012416
0.051721
0.001168
-0.000469
0.007946
-0.098248
-0.049490
0.135008
0.073700
0.118970
0.202377
0.063738
0.030611
-0.058551
-0.022130
0.134819
0.088221
-0.034025
-0.067839
0.029426
-0.055878
-0.030964
-0.066799
0.117708
-0.057761
0.019251
0.032777
-0.038330
0.016053
0.092670
-0.088363
-0.015976
0.074404
-0.008391
0.118201
0.064388
-0.103657
-0.023045
-0.053804
0.096037
0.000120
-0.074071
-0.071280
-0.039526
-0.015343
0.022590
0.020262
-0.080235
-0.023507
0.071287
0.035509
0.045786
0.006466
-0.024071
0.055265
0.046687
-0.034729
0.132722
0.039240
-0.128307
-0.044360
-0.071784
-0.020002
-0.131957
0.024345
-0.049109
0.068943
0.050281
0.004133
0.081059
-0.076872
-0.018647
-0.010725
-0.006430
0.134350
0.070865
0.010171
-0.044423
-0.004176
0.133942
0.006884
0.098851
-0.055497
-0.065074
-0.053323
-0.022491
0.033429
0.063680
0.126036
0.009137
0.011241
-0.008750
0.001837
-0.038931
0.131040
0.080077
-0.035625
0.049679
0.040851
0.059539
0.212278
0.074817
0.025055
-0.085962
0.091251
0.075532
-0.040039
-0.019661
-0.030185
-0.081925
0.033492
0.060199
-0.058589
-0.173345
0.047733
-0.114785
0.011172
-0.017534
-0.022739
0.034853
-0.146282
-0.051677
0.094863
0.028163
0.041117
0.059100
0.088861
0.031173
0.024895
-0.060873
-0.025607
0.016381
-0.152611
-0.007128
0.058705
-0.068033
0.131564
-0.072229
0.022152
0.063037
0.007636
-0.015624
0.091757
0.005137
0.055729
0.038199
0.006853
-0.009521
0.002232
-0.036725
0.005038
-0.020960
-0.046221
-0.020299
-0.001710
-0.081435
-0.012742
0.023473
0.098236
-0.034397
-0.121243
-0.026091
-0.008686
0.074469
0.064416
-0.050617
0.058471
0.076109
-0.037219
0.035832
-0.056827
0.073384
0.074989
-0.104533
0.017490
-0.012482
0.040466
0.047750
0.083400
0.003556
0.049987
0.000126
0.026340
0.047790
0.063937
0.032673
0.039708
-0.002743
-0.084472
0.017030
-0.160740
-0.055568
0.123309
0.054908
0.129564
0.112746
-0.009295
-0.001850
0.006094
-0.028096
0.042485
-0.002184
-0.001315
-0.057981
0.038034
-0.030120
-0.112620
0.087958
0.011607
-0.062523
-0.008559
0.047878
0.089782
0.116684
0.124091
-0.020488
-0.012197
0.053272
0.015523
-0.141297
-0.004993
-0.069015
-0.051563
-0.037028
-0.063858
0.002445
-0.024363
-0.012812
0.093323
-0.051185
0.065820
-0.025581
-0.141893
0.050953
0.031346
0.078059
0.168090
0.046335
0.069863
-0.084993
0.034093
0.063979
0.065980
-0.071441
0.028763
-0.012146
-0.057630
-0.089086
0.015937
0.023977
-0.020783
-0.019690
0.056444
0.081380
0.100197
-0.092101
0.043673
0.144613
0.083921
0.071846
-0.034796
-0.096470
0.021308
-0.006722
-0.045692
0.049087
0.005695
0.069137
-0.072392
0.003694
0.018271
0.042830
0.055427
0.098778
0.041299
-0.028071
-0.089219
0.013066
-0.040026
-0.002307
-0.055133
0.049499
0.097138
0.065374
0.013078
-0.040438
0.035389
0.110019
0.135062
0.053530
0.099846
-0.015669
0.028948
0.059465
0.057241
0.013827
0.138407
0.056459
-0.003522
0.045059
0.047920
0.067286
-0.072133
-0.081590
-0.000192
0.031365
-0.009017
-0.032082
0.039864
-0.032968
0.002982
0.015851
0.060074
-0.046717
0.010839
0.053478
-0.029482
0.075154
0.073077
0.042451
0.110303
-0.062943
0.078044
0.087790
0.067795
0.012998
-0.082907
-0.028880
-0.000872
0.076605
0.058491
0.034532
0.108196
0.045840
-0.018268
0.067673
-0.074027
0.013752
0.038616
0.063782
-0.005769
0.047632
0.111323
0.076511
0.036076
-0.016600
-0.018816
0.035176
-0.030713
-0.020282
-0.062531
-0.051207
0.041540
-0.054736
-0.017175
-0.005649
-0.059441
-0.013558
-0.038902
-0.136515
-0.008492
0.074388
-0.017770
-0.038701
-0.137708
-0.086096
-0.109191
-0.111600
-0.027693
-0.026005
-0.050751
0.030967
0.013648
0.136015
-0.014933
0.101117
0.032877
-0.029838
0.044412
0.049369
-0.003366
0.034407
0.106567
-0.095180
0.065075
-0.018378
-0.034415
0.064303
0.103440
0.085622
0.015450
0.012036
-0.019787
0.054326
0.036699
0.140899
0.084956
-0.134366
-0.010248
0.059647
0.002007
0.040962
0.054560
-0.020650
-0.032115
0.001230
-0.028249
0.010371
-0.023272
0.003111
0.041525
0.080567
0.072694
0.092696
0.039862
0.074168
0.041589
-0.095762
-0.060677
-0.096812
-0.013978
-0.003486
-0.085889
-0.042654
0.062894
-0.003297
-0.086058
-0.001662
-0.105569
-0.010054
-0.083129
-0.061099
-0.076886
-0.070096
0.025744
-0.118895
0.018347
0.108250
-0.104212
0.006967
0.058704
-0.053956
0.101707
0.150062
0.018762
0.038489
0.051391
0.048215
0.035715
0.047677
-0.116973
-0.044518
-0.043409
0.102108
0.033606
-0.057307
0.072897
0.212178
0.094475
0.080177
-0.012278
-0.064665
-0.085096
-0.068464
-0.034706
-0.097267
-0.127881
-0.014684
0.188823
0.014323
0.014017
0.074040
-0.045832
0.020800
-0.074741
-0.066597
-0.063988
-0.100607
-0.067634
-0.015981
0.061199
-0.012574
-0.024665
-0.084639
-0.059018
0.021976
-0.035434
0.035786
-0.044600
0.009998
0.010252
-0.027335
-0.017863
-0.068150
-0.074799
0.076416
0.106996
0.049404
-0.031514
-0.038770
-0.026802
0.002073
-0.167387
-0.110782
-0.024948
-0.005778
-0.029329
0.004579
0.012037
0.020708
0.077321
-0.031160
0.129503
0.135279
0.088228
0.101843
0.049776
0.050929
0.026415
-0.001609
-0.036842
-0.064514
0.109401
0.110946
0.079747
0.079754
0.116341
0.110384
0.042469
-0.027191
0.014440
0.095475
0.140237
0.257887
0.059995
-0.004590
-0.036761
0.053465
-0.065794
-0.020609
0.162172
0.154345
-0.010005
-0.002554
-0.078047
-0.004408
-0.069212
-0.059727
0.021264
0.005880
0.017614
0.018237
0.006389
-0.005949
0.009859
0.056885
-0.004039
-0.047706
0.038548
-0.012436
0.042039
-0.121354
-0.025431
0.061561
0.065089
0.012310
0.031134
0.069429
0.147237
0.074110
0.026371
0.046483
0.027202
-0.113015
-0.073920
-0.013735
0.024999
-0.016605
0.134457
-0.001639
-0.018815
0.004788
0.014222
0.032528
-0.058559
0.017712
-0.050863
0.036772
0.041794
0.046289
-0.074549
0.098663
-0.018283
0.113040
0.049406
-0.043239
0.040852
0.006820
-0.081424
-0.105971
0.030951
0.015525
0.054678
-0.019957
0.132343
0.068257
0.015363
-0.037626
0.034495
-0.051419
-0.081700
-0.015492
-0.101469
-0.012208
0.089187
0.062252
0.017881
-0.021613
-0.004589
-0.049609
0.088194
0.132105
-0.025603
-0.000513
0.049301
-0.072538
-0.011562
-0.081332
-0.067708
-0.064570
-0.070853
-0.025844
-0.053211
0.023334
0.100119
0.004551
-0.125746
-0.027846
-0.041726
0.079789
-0.038122
-0.040423
0.132820
0.020954
-0.114780
0.043495
0.088905
0.123214
0.012055
0.056304
-0.106676
-0.090010
-0.075007
0.009308
-0.014393
-0.063762
-0.024983
0.099607
-0.061282
-0.018540
-0.063833
-0.038945
-0.050035
0.008782
0.018129
-0.004298
-0.041847
0.054409
0.009666
0.067826
0.073721
-0.002717
0.061337
0.060281
-0.017671
0.043953
-0.053647
-0.043336
-0.004113
0.026588
0.054163
-0.096541
0.039146
-0.067667
-0.030216
-0.073382
-0.055804
-0.033765
-0.028854
0.045439
-0.024293
-0.083162
-0.049603
0.039113
0.211167
0.020215
0.024329
0.062950
0.056030
-0.013312
0.007651
0.039593
0.048870
0.001414
-0.033671
0.055427
0.150717
0.006163
-0.000253
0.118453
0.062462
0.012216
0.042302
0.133265
0.032855
-0.005509
-0.027669
0.054649
0.056672
-0.020849
-0.079244
0.009195
0.033301
-0.058862
0.059422
0.189168
0.028729
0.005420
-0.094991
-0.058414
-0.014321
0.043407
-0.011796
0.028119
0.039120
0.038496
0.037122
0.108101
0.099083
0.028630
0.086637
0.058015
-0.097321
-0.012986
0.082510
0.068633
0.076913
0.052456
0.098575
-0.019185
0.030307
-0.032782
0.026844
-0.009577
-0.009453
-0.037203
-0.100798
0.069270
-0.059387
0.003737
-0.002388
0.037487
0.053235
0.024175
-0.072218
0.002615
0.004328
-0.055310
0.019259
-0.099382
-0.029229
0.047396
0.077282
-0.094921
0.102814
0.100876
-0.006393
0.058433
0.028390
0.165574
-0.019675
0.007944
0.099412
0.100671
0.061374
0.062612
0.085964
0.007608
0.101905
0.002082
-0.009580
-0.019146
-0.055639
-0.010168
-0.024281
-0.047808
0.001508
-0.021943
-0.044690
0.104646
0.130269
0.038840
-0.077806
-0.023487
-0.066852
0.113946
0.002368
0.020703
-0.051057
-0.056906
0.041894
0.148346
-0.072192
