0	49.037509
50	1.600511
100	0.430727
150	0.347823
200	0.367671
250	0.254884
300	0.109609
350	-0.055507
400	0.216494
450	0.162995
500	0.181601
550	0.284209
600	-0.052535
650	-0.108998
700	0.015139
750	-0.021837
800	-0.069331
850	0.013752
900	-0.041467
950	0.074922
1000	0.389700
1050	0.098452
1100	0.055856
1150	0.163018
1200	-0.328967
1250	0.027482
1300	0.023276
1350	0.115922
1400	0.174628
1450	0.150024
1500	-0.209011
1550	0.129506
1600	0.104633
1650	0.110432
1700	-0.036234
1750	-0.047450
1800	0.139648
1850	0.248643
1900	0.159135
1950	0.157485
2000	0.190070
2050	0.190367
2100	0.102138
2150	0.133582
2200	0.275055
2250	0.156330
2300	-0.026010
2350	-0.013589
2400	0.100727
2450	-0.000171
2500	-0.038165
2550	-0.152531
2600	-0.129234
2650	-0.104379
2700	0.042064
2750	0.010787
2800	0.137738
2850	0.184102
2900	0.171678
2950	-0.002241
3000	0.149473
3050	0.086903
3100	0.020296
3150	0.027598
3200	-0.025919
3250	-0.102640
3300	-0.121666
3350	0.245870
3400	0.227667
3450	0.099880
3500	0.022771
3550	0.059931
3600	-0.009555
3650	0.290756
3700	-0.139900
3750	0.149275
3800	-0.094293
3850	0.074824
3900	0.075270
3950	-0.045934
4000	0.131170
4050	-0.024896
4100	0.145968
4150	0.128058
4200	-0.048024
4250	-0.044220
4300	-0.037555
4350	0.050408
4400	-0.048783
4450	0.205907
4500	0.073561
4550	-0.095656
4600	0.275627
4650	0.108451
4700	0.045514
4750	-0.022919
4800	0.070163
4850	-0.077761
4900	0.102198
4950	0.102927
5000	-0.066720
5050	-0.148161
5100	-0.050611
5150	0.037017
5200	0.189085
5250	0.029604
5300	-0.033972
5350	0.003169
5400	-0.106755
5450	-0.004106
5500	0.079513
5550	-0.192439
5600	0.062843
5650	0.093582
5700	0.021354
5750	0.050406
5800	0.112731
5850	-0.065630
5900	-0.112317
5950	-0.069569
6000	-0.064985
6050	-0.032692
6100	0.229573
6150	-0.037355
6200	0.280698
6250	-0.002759
6300	0.215677
6350	0.113176
6400	0.038595
6450	0.143241
6500	0.023434
6550	0.134784
6600	-0.091005
6650	-0.137451
6700	-0.077283
6750	0.105090
6800	0.159355
6850	-0.229096
6900	-0.068092
6950	0.032107
7000	-0.074977
7050	-0.113879
7100	0.118184
7150	0.373420
7200	0.130567
7250	-0.089590
7300	-0.071499
7350	-0.060221
7400	0.004247
7450	-0.066431
7500	-0.095174
7550	0.096221
7600	0.252176
7650	-0.096495
7700	0.144724
7750	0.155695
7800	0.010085
7850	0.092894
7900	0.285684
7950	0.009994
8000	0.048652
8050	0.054559
8100	-0.123367
8150	0.011648
8200	0.061908
8250	-0.057101
8300	-0.026110
8350	0.026923
8400	-0.124995
8450	0.124016
8500	-0.135394
8550	0.148872
8600	-0.041492
8650	0.066382
8700	-0.236774
8750	-0.081948
8800	-0.047735
8850	0.084078
8900	-0.017653
8950	0.126753
9000	0.077122
9050	-0.047629
9100	-0.052263
9150	0.111168
9200	0.136943
9250	0.091989
9300	0.237510
9350	-0.179833
9400	-0.278905
9450	-0.047488
9500	0.014826
9550	-0.050582
9600	0.072131
9650	0.060712
9700	-0.101819
9750	0.137770
9800	0.165523
9850	0.026864
9900	-0.013237
9950	-0.025169
10000	-0.005464
10050	0.059913
10100	-0.011877
10150	0.041643
10200	-0.005372
10250	-0.246079
10300	-0.017892
10350	0.009157
10400	-0.001501
10450	0.058334
10500	0.000140
10550	-0.029506
10600	0.053843
10650	0.153867
10700	0.071708
10750	-0.051186
10800	-0.030759
10850	-0.016069
10900	0.032478
10950	0.020195
11000	-0.110921
11050	0.086344
11100	0.233476
11150	0.169303
11200	-0.027047
11250	-0.065455
11300	0.020227
11350	0.153134
11400	-0.137420
11450	0.096523
11500	-0.014549
11550	-0.108511
11600	-0.099178
11650	-0.070678
11700	-0.020591
11750	0.126752
11800	-0.241656
11850	0.056152
11900	0.068497
11950	-0.003026
12000	-0.164565
12050	-0.044666
12100	0.115453
12150	0.229367
12200	-0.222438
12250	-0.140192
12300	0.028137
12350	0.004972
12400	-0.016493
12450	-0.255380
12500	0.162022
12550	0.059780
12600	-0.148680
12650	-0.012169
12700	-0.080513
12750	-0.158605
12800	-0.016683
12850	-0.270408
12900	-0.152267
12950	0.101226
13000	-0.046415
13050	0.054334
13100	0.241306
13150	0.112215
13200	0.270900
13250	0.069526
13300	-0.053775
13350	0.076313
13400	-0.036360
13450	0.135178
13500	0.130742
13550	0.059056
13600	0.010082
13650	0.266015
13700	0.015551
13750	0.011943
13800	0.223189
13850	-0.074458
13900	-0.260584
13950	-0.029541
14000	-0.089696
14050	0.068119
14100	0.145531
14150	-0.145151
14200	0.008175
14250	-0.193606
14300	-0.063367
14350	-0.181868
14400	0.128402
14450	0.125800
14500	0.206445
14550	0.127701
14600	0.201387
14650	-0.175848
14700	0.054518
14750	-0.009286
14800	-0.031454
14850	0.285246
14900	-0.077383
14950	0.149171
15000	0.300504
15050	0.095249
15100	0.086303
15150	-0.084176
15200	0.016354
15250	0.367241
15300	-0.199182
15350	-0.053525
15400	-0.136907
15450	-0.025390
15500	0.035037
15550	0.142217
15600	-0.130502
15650	0.059658
15700	0.115314
15750	-0.215227
15800	0.299615
15850	0.164276
15900	0.083560
15950	0.170857
16000	-0.260981
16050	-0.042774
16100	-0.211896
16150	-0.188310
16200	0.068516
16250	0.205746
16300	-0.172395
16350	-0.059698
16400	-0.165424
16450	0.095955
16500	-0.005126
16550	0.207684
16600	-0.169534
16650	0.032435
16700	0.132264
16750	-0.088777
16800	0.061423
16850	0.047283
16900	0.030100
16950	-0.040489
17000	-0.158764
17050	-0.147838
17100	0.042535
17150	-0.088590
17200	0.095460
17250	-0.150526
17300	0.035176
17350	-0.256945
17400	0.249317
17450	0.007508
17500	0.092722
17550	0.135023
17600	0.161203
17650	-0.061438
17700	0.019908
17750	-0.037684
17800	0.059401
17850	-0.086698
17900	0.191668
17950	-0.009395
18000	0.192999
18050	0.033184
18100	-0.153154
18150	0.210095
18200	0.007308
18250	0.140143
18300	-0.114621
18350	-0.132526
18400	0.091708
18450	-0.016557
18500	-0.176591
18550	0.028649
18600	-0.034193
18650	-0.151625
18700	-0.219733
18750	0.068114
18800	0.019325
18850	0.190049
18900	-0.012311
18950	0.001039
19000	-0.207914
19050	0.109179
19100	-0.094697
19150	-0.039833
19200	-0.138273
19250	0.127162
19300	0.011035
19350	-0.142459
19400	0.034657
19450	0.223905
19500	0.066370
19550	0.055966
19600	0.062377
19650	0.035003
19700	0.227924
19750	-0.020601
19800	0.157893
19850	0.112734
19900	0.012898
19950	0.105034
20000	-0.341460
20050	-0.091603
20100	-0.012796
20150	-0.082099
20200	-0.034949
20250	0.105819
20300	0.234128
20350	-0.115120
20400	0.246368
20450	-0.005230
20500	0.045833
20550	-0.095372
20600	0.126468
20650	-0.062692
20700	0.036402
20750	0.109921
20800	-0.013799
20850	-0.263920
20900	0.062003
20950	-0.143409
21000	0.150936
21050	0.236273
21100	0.198897
21150	0.033583
21200	-0.094938
21250	0.107106
21300	0.214441
21350	-0.063242
21400	0.183184
21450	-0.086824
21500	-0.007410
21550	-0.181052
21600	0.009516
21650	0.018028
21700	0.212311
21750	0.180113
21800	0.009696
21850	-0.025452
21900	0.086952
21950	-0.148023
22000	0.167911
22050	-0.050794
22100	-0.254316
22150	-0.190406
22200	-0.100739
22250	-0.025758
22300	-0.009580
22350	0.019347
22400	-0.076933
22450	-0.158410
22500	-0.083783
22550	0.124478
22600	-0.026811
22650	-0.151990
22700	-0.015172
22750	0.082733
22800	-0.105418
22850	-0.026997
22900	0.146672
22950	-0.125400
23000	-0.075124
23050	-0.145965
23100	-0.032013
23150	0.034450
23200	0.205006
23250	-0.012226
23300	-0.043697
23350	-0.102851
23400	0.001502
23450	0.020691
23500	-0.144400
23550	-0.003316
23600	0.233892
23650	-0.176634
23700	-0.027243
23750	-0.067664
23800	-0.152678
23850	0.024245
23900	0.024876
23950	0.181108
24000	0.025039
24050	0.130834
24100	0.178943
24150	-0.108964
24200	-0.136571
24250	0.111391
24300	0.221470
24350	0.187183
24400	0.031335
24450	-0.092223
24500	-0.099440
24550	-0.068576
24600	0.301304
24650	0.079778
24700	-0.184319
24750	-0.008374
24800	-0.002587
24850	0.000124
24900	-0.053567
24950	-0.053012
25000	0.040519
25050	0.145826
25100	-0.024873
25150	0.284788
25200	0.088617
25250	-0.099547
25300	-0.056686
25350	-0.038235
25400	0.010571
25450	-0.083858
25500	0.084902
25550	0.133127
25600	0.218250
25650	-0.067577
25700	0.198665
25750	0.092009
25800	-0.118513
25850	-0.068259
25900	-0.028438
25950	-0.172774
26000	0.111331
26050	0.062970
26100	0.074446
26150	-0.039776
26200	-0.039264
26250	-0.094690
26300	0.267441
26350	-0.157600
26400	-0.087212
26450	-0.010001
26500	0.007695
26550	-0.015791
26600	-0.090921
26650	0.127723
26700	0.070767
26750	-0.080320
26800	-0.071297
26850	0.133825
26900	0.015110
26950	-0.043359
27000	-0.117652
27050	0.039475
27100	-0.152909
27150	0.116787
27200	0.045920
27250	-0.031621
27300	-0.203647
27350	0.002262
27400	-0.005065
27450	-0.176905
27500	-0.005478
27550	-0.005428
27600	-0.031894
27650	0.044624
27700	-0.200210
27750	0.182598
27800	-0.077568
27850	-0.095393
27900	0.185649
27950	-0.070696
28000	-0.014671
28050	-0.045056
28100	0.116481
28150	-0.045802
28200	0.156442
28250	0.010391
28300	-0.123040
28350	-0.388001
28400	-0.033512
28450	0.080941
28500	-0.098055
28550	-0.108567
28600	0.245531
28650	-0.003467
28700	0.025146
28750	0.056604
28800	-0.023886
28850	0.065854
28900	0.356976
28950	-0.023028
29000	0.113271
29050	0.000943
29100	-0.121405
29150	0.251531
29200	-0.088851
29250	-0.069950
29300	0.156793
29350	-0.002746
29400	0.120687
29450	0.257691
29500	-0.001073
29550	0.335665
29600	0.043410
29650	0.162443
29700	0.106152
29750	0.063111
29800	-0.088510
29850	0.181358
29900	0.273250
29950	0.061294
30000	-0.021317
30050	-0.117898
30100	-0.213016
30150	0.137756
30200	0.133946
30250	-0.064521
30300	0.035773
30350	0.067428
30400	-0.212084
30450	0.161238
30500	0.040251
30550	-0.070903
30600	-0.048409
30650	-0.219670
30700	0.166150
30750	0.044646
30800	0.129738
30850	0.195878
30900	-0.046382
30950	0.035745
31000	0.072850
31050	0.385080
31100	0.033452
31150	0.193812
31200	0.042651
31250	0.095288
31300	-0.244920
31350	-0.152495
31400	-0.214723
31450	0.110219
31500	0.020418
31550	0.138888
31600	0.132515
31650	0.278917
31700	0.069709
31750	-0.258572
31800	0.103877
31850	-0.141401
31900	0.054546
31950	0.055308
32000	-0.009295
32050	0.016189
32100	0.207764
32150	-0.127875
32200	0.185971
32250	0.054092
32300	0.064290
32350	0.093842
32400	0.273859
32450	0.313916
32500	0.019903
32550	-0.085365
32600	0.099730
32650	0.229165
32700	0.231781
32750	-0.227614
32800	0.021858
32850	0.186216
32900	0.032760
32950	0.183237
33000	0.255186
33050	-0.050957
33100	-0.196639
33150	0.002503
33200	0.177968
33250	0.121040
33300	0.056914
33350	0.190173
33400	0.055081
33450	0.077223
33500	-0.038863
33550	-0.001067
33600	-0.011927
33650	-0.108631
33700	0.129776
33750	0.050665
33800	-0.010092
33850	0.007726
33900	0.245910
33950	-0.091604
34000	0.148621
34050	0.297326
34100	-0.185819
34150	0.063380
34200	0.103425
34250	0.221160
34300	0.061570
34350	-0.006483
34400	0.020293
34450	0.059193
34500	0.063204
34550	0.251243
34600	-0.042341
34650	0.088253
34700	-0.123887
34750	-0.010931
34800	0.160804
34850	0.113835
34900	0.056296
34950	-0.261017
35000	-0.106886
35050	0.138546
35100	-0.065818
35150	0.007415
35200	0.220674
35250	0.177286
35300	0.178257
35350	0.059494
35400	0.357633
35450	0.116683
35500	-0.177997
35550	-0.057930
35600	-0.004983
35650	-0.009342
35700	-0.042188
35750	-0.078183
35800	0.015901
35850	0.190323
35900	-0.088249
35950	-0.045198
36000	-0.081496
36050	-0.071625
36100	0.024716
36150	0.084479
36200	-0.064991
36250	0.156697
36300	-0.061973
36350	0.009879
36400	0.157405
36450	-0.168072
36500	-0.293831
36550	0.207403
36600	0.004662
36650	-0.287608
36700	0.052246
36750	-0.055514
36800	0.003964
36850	-0.057992
36900	-0.033188
36950	0.132746
37000	0.085831
37050	-0.117874
37100	0.222839
37150	0.089975
37200	-0.021256
37250	-0.071034
37300	0.071797
37350	0.130320
37400	0.039885
37450	0.016832
37500	-0.073343
37550	0.076023
37600	0.036942
37650	-0.365493
37700	-0.216641
37750	-0.031985
37800	0.107532
37850	-0.291271
37900	-0.003572
37950	-0.298904
38000	-0.086747
38050	0.086376
38100	0.031946
38150	-0.213572
38200	0.095090
38250	0.060489
38300	-0.165641
38350	-0.244169
38400	-0.027922
38450	-0.068546
38500	-0.159665
38550	0.183978
38600	0.064054
38650	-0.017461
38700	-0.041689
38750	-0.010923
38800	0.281918
38850	0.133848
38900	-0.185639
38950	0.043295
39000	-0.025705
39050	-0.154810
39100	-0.224640
39150	-0.147474
39200	0.134460
39250	0.103230
39300	-0.064858
39350	-0.029962
39400	-0.050807
39450	-0.076160
39500	-0.027619
39550	0.202068
39600	0.248735
39650	-0.074512
39700	0.106841
39750	-0.123240
39800	0.255204
39850	0.087488
39900	-0.269211
39950	-0.044162
40000	0.007669
40050	-0.051533
40100	-0.119465
40150	-0.187238
40200	-0.172369
40250	-0.042956
40300	-0.156855
40350	-0.159820
40400	-0.244969
40450	-0.278420
40500	0.184555
40550	0.086297
40600	-0.110801
40650	0.079249
40700	-0.238243
40750	-0.114271
40800	-0.015230
40850	0.220998
40900	0.120212
40950	0.168536
41000	0.118326
41050	0.043431
41100	0.078449
41150	-0.147205
41200	-0.041826
41250	-0.237246
41300	-0.370996
41350	-0.295677
41400	-0.274216
41450	0.039994
41500	0.047874
41550	0.307511
41600	0.014919
41650	0.161281
41700	0.189685
41750	0.000311
41800	-0.035152
41850	0.340263
41900	-0.038209
41950	0.026941
42000	0.065874
42050	-0.046945
42100	-0.216515
42150	0.090042
42200	0.159028
42250	0.108006
42300	0.031198
42350	-0.132506
42400	-0.034341
42450	-0.035399
42500	0.149543
42550	-0.056017
42600	0.104326
42650	0.011051
42700	-0.084216
42750	-0.058225
42800	-0.003307
42850	0.057616
42900	-0.407589
42950	-0.059280
43000	0.068237
43050	0.094032
43100	0.172954
43150	-0.032475
43200	-0.056504
43250	-0.105575
43300	-0.086933
43350	0.044433
43400	-0.385980
43450	-0.131949
43500	-0.024819
43550	-0.198672
43600	0.144214
43650	0.204834
43700	0.154013
43750	-0.120447
43800	-0.054233
43850	0.083573
43900	-0.113298
43950	-0.237424
44000	-0.115505
44050	0.008681
44100	-0.106237
44150	0.188680
44200	0.025300
44250	-0.032198
44300	-0.047357
44350	0.049291
44400	-0.040565
44450	-0.111612
44500	0.062910
44550	0.063793
44600	0.116511
44650	0.255393
44700	-0.141424
44750	-0.179959
44800	0.086175
44850	-0.214573
44900	-0.122461
44950	-0.004145
45000	-0.014745
45050	0.134250
45100	-0.111732
45150	-0.273470
45200	-0.138647
45250	0.191671
45300	-0.102487
45350	0.139474
45400	0.070670
45450	-0.025979
45500	-0.070064
45550	-0.086476
45600	-0.003916
45650	-0.257312
45700	-0.098368
45750	0.141075
45800	-0.018640
45850	-0.060981
45900	0.045651
45950	0.171847
46000	-0.007884
46050	-0.289178
46100	-0.365760
46150	0.022412
46200	-0.036645
46250	-0.047221
46300	-0.303723
46350	-0.193437
46400	-0.077288
46450	-0.053025
46500	0.234677
46550	0.056543
46600	-0.149632
46650	0.014558
46700	0.119874
46750	-0.122293
46800	-0.000988
46850	-0.185740
46900	0.094717
46950	0.006135
47000	0.021985
47050	-0.017718
47100	-0.302453
47150	-0.011081
47200	-0.050276
47250	-0.010643
47300	0.146932
47350	0.194871
47400	0.057405
47450	0.384463
47500	0.134527
47550	0.393086
47600	0.215930
47650	0.277744
47700	0.138164
47750	0.060805
47800	-0.102065
47850	-0.233442
47900	0.017874
47950	-0.020762
48000	0.230096
48050	0.044676
48100	0.269470
48150	0.094560
48200	0.111801
48250	0.208887
48300	0.349133
48350	0.176457
48400	0.083593
48450	0.035149
48500	0.004546
48550	-0.045987
48600	-0.143920
48650	-0.087888
48700	-0.032508
48750	-0.003622
48800	0.107253
48850	0.031229
48900	0.109412
48950	-0.117913
49000	0.103260
49050	-0.220147
49100	-0.012298
49150	-0.238729
49200	-0.008307
49250	-0.095012
49300	0.127890
49350	0.108069
49400	0.098096
49450	0.143304
49500	-0.016882
49550	0.014324
49600	-0.066982
49650	0.199565
49700	-0.048695
49750	-0.053505
49800	0.022278
49850	0.311623
49900	0.170788
49950	0.094428
50000	0.117485
50050	-0.027655
50100	0.167783
50150	0.260409
50200	-0.103528
50250	0.068011
50300	0.263748
50350	0.175346
50400	-0.033960
50450	0.007000
50500	-0.045383
50550	-0.023231
50600	-0.004521
50650	-0.118021
50700	0.025495
50750	-0.057754
50800	-0.046872
50850	0.217998
50900	-0.175404
50950	-0.092721
51000	0.257137
51050	-0.068219
51100	-0.005474
51150	-0.233863
51200	0.008536
51250	0.088193
51300	0.108893
51350	0.023066
51400	0.053138
51450	0.238335
51500	-0.048830
51550	0.192911
51600	0.068101
51650	0.176669
51700	-0.001483
51750	-0.249760
51800	0.092026
51850	-0.188970
51900	-0.204691
51950	0.065253
52000	0.417242
52050	-0.272308
52100	0.165033
52150	0.190018
52200	-0.011872
52250	0.208046
52300	-0.122820
52350	-0.146253
52400	-0.087237
52450	0.007400
52500	0.266984
52550	-0.231161
52600	-0.299660
52650	-0.051968
52700	0.012078
52750	0.118569
52800	0.014146
52850	-0.026938
52900	-0.104741
52950	0.133548
53000	0.420841
53050	-0.054313
53100	0.067298
53150	0.162351
53200	0.004689
53250	0.132572
53300	-0.108637
53350	0.037888
53400	0.169191
53450	-0.052436
53500	-0.265820
53550	0.045874
53600	0.079658
53650	-0.007798
53700	-0.188573
53750	0.153153
53800	0.126295
53850	-0.102183
53900	0.134217
53950	0.166200
54000	-0.117997
54050	-0.182750
54100	-0.031042
54150	0.011644
54200	-0.000553
54250	-0.045137
54300	0.086318
54350	-0.031478
54400	0.146222
54450	-0.007664
54500	0.128050
54550	0.187079
54600	-0.044138
54650	0.131246
54700	0.261342
54750	0.092794
54800	0.288398
54850	0.157232
54900	-0.099790
54950	0.026285
55000	0.069161
55050	0.177053
55100	-0.193561
55150	-0.131484
55200	0.087405
55250	0.046414
55300	0.057643
55350	0.102898
55400	-0.066045
55450	0.250230
55500	0.138344
55550	-0.155530
55600	0.020327
55650	0.177534
55700	0.102308
55750	-0.108529
55800	-0.080497
55850	-0.053183
55900	-0.269055
55950	0.135688
56000	0.043006
56050	-0.294123
56100	-0.074183
56150	0.045510
56200	-0.012650
56250	0.112568
56300	0.058870
56350	0.126538
56400	-0.054496
56450	0.357300
56500	-0.025794
56550	-0.147277
56600	-0.040430
56650	-0.129949
56700	-0.084437
56750	0.198308
56800	0.282962
56850	0.267852
56900	-0.025749
56950	0.116880
57000	-0.051022
57050	0.137950
57100	0.095960
57150	0.066079
57200	-0.240584
57250	-0.128615
57300	0.078657
57350	0.197604
57400	-0.061279
57450	0.129903
57500	-0.152439
57550	0.051128
57600	0.081737
57650	-0.079968
57700	-0.014715
57750	-0.087892
57800	0.182546
57850	0.176403
57900	0.020020
57950	-0.220687
58000	0.243561
58050	-0.098375
58100	0.066258
58150	-0.033105
58200	0.224569
58250	0.110087
58300	0.046212
58350	0.202116
58400	0.121958
58450	0.256876
58500	0.042601
58550	0.200803
58600	0.027966
58650	-0.129359
58700	0.033497
58750	0.211042
58800	0.077257
58850	-0.186734
58900	-0.057948
58950	-0.173295
59000	-0.011277
59050	0.172449
59100	0.155688
59150	0.011835
59200	-0.007917
59250	0.188719
59300	0.196880
59350	-0.163789
59400	0.161142
59450	0.161168
59500	0.101503
59550	0.243262
59600	0.113191
59650	-0.088691
59700	-0.058419
59750	0.290752
59800	0.028815
59850	0.124660
59900	0.189670
59950	0.100823
60000	-0.096381
60050	-0.025070
60100	0.082612
60150	-0.052768
60200	0.028725
60250	-0.028760
60300	0.148097
60350	-0.059176
60400	-0.135367
60450	-0.013604
60500	0.025324
60550	-0.166439
60600	0.400782
60650	-0.023315
60700	0.037380
60750	0.114235
60800	0.177571
60850	0.127469
60900	-0.057049
60950	-0.190141
61000	0.010571
61050	-0.110216
61100	0.112894
61150	0.261237
61200	0.285230
61250	-0.116592
61300	0.077544
61350	0.007596
61400	0.091594
61450	-0.127310
61500	-0.078980
61550	0.247074
61600	-0.186309
61650	-0.074343
61700	-0.130886
61750	0.195413
61800	-0.356756
61850	0.034686
61900	0.013052
61950	0.143894
62000	-0.079762
62050	0.169116
62100	0.028013
62150	-0.005800
62200	-0.284383
62250	-0.099800
62300	-0.111032
62350	-0.150035
62400	0.138947
62450	-0.088299
62500	0.029229
62550	0.022309
62600	0.162607
62650	0.259025
62700	-0.033815
62750	0.045416
62800	0.221754
62850	0.125059
62900	0.028405
62950	-0.141264
63000	-0.201755
63050	0.118341
63100	-0.214839
63150	-0.231609
63200	0.147999
63250	-0.020424
63300	-0.089259
63350	-0.055696
63400	-0.239048
63450	0.087488
63500	0.010395
63550	0.067021
63600	0.088425
63650	-0.187623
63700	-0.266042
63750	0.080757
63800	0.005158
63850	0.093874
63900	-0.053542
63950	0.056878
64000	0.076100
64050	0.088192
64100	0.084062
64150	-0.103970
64200	0.108000
64250	0.058892
64300	-0.111051
64350	0.041724
64400	-0.145129
64450	0.011059
64500	0.080692
64550	-0.171448
64600	-0.107374
64650	0.058082
64700	0.102488
64750	0.128314
64800	0.123111
64850	0.045090
64900	0.100859
64950	-0.044411
65000	-0.092566
65050	0.058739
65100	0.215634
65150	-0.037989
65200	-0.047712
65250	0.076675
65300	-0.097566
65350	-0.419183
65400	0.202680
65450	0.044622
65500	0.054083
65550	0.070643
65600	-0.024583
65650	0.184106
65700	0.162522
65750	0.140450
65800	0.117442
65850	0.144364
65900	-0.036700
65950	-0.239452
66000	-0.098490
66050	-0.103146
66100	-0.148139
66150	0.006873
66200	0.109106
66250	0.021086
66300	0.203738
66350	-0.012999
66400	0.135072
66450	0.105128
66500	0.160178
66550	0.170633
66600	-0.028153
66650	0.157200
66700	0.026909
66750	-0.043960
66800	-0.049889
66850	0.157016
66900	-0.158206
66950	0.165675
67000	0.132337
67050	-0.260076
67100	-0.090616
67150	-0.058857
67200	-0.055596
67250	-0.083500
67300	0.199599
67350	-0.089066
67400	-0.063935
67450	0.047638
67500	0.015850
67550	0.220122
67600	-0.019823
67650	-0.050966
67700	0.186345
67750	0.030182
67800	0.165893
67850	0.018718
67900	-0.033470
67950	0.191877
68000	-0.087269
68050	-0.067441
68100	-0.144635
68150	-0.037797
68200	-0.083906
68250	0.021117
68300	-0.089374
68350	-0.012557
68400	0.059919
68450	0.040567
68500	0.209608
68550	-0.074399
68600	-0.360306
68650	-0.083376
68700	0.415670
68750	-0.089447
68800	0.130006
68850	0.085668
68900	0.112755
68950	-0.006241
69000	-0.139142
69050	-0.096876
69100	-0.079630
69150	-0.115123
69200	-0.273099
69250	0.176386
69300	-0.100051
69350	-0.210529
69400	0.097155
69450	-0.088897
69500	0.074121
69550	0.036881
69600	0.013098
69650	0.247623
69700	-0.043410
69750	0.046801
69800	0.019101
69850	0.222954
69900	0.093029
69950	0.175681
70000	0.199164
70050	-0.062326
70100	-0.176070
70150	-0.261116
70200	-0.208746
70250	-0.240876
70300	0.021333
70350	0.051507
70400	-0.098102
70450	-0.127190
70500	-0.042541
70550	-0.073273
70600	0.198927
70650	0.019906
70700	0.319181
70750	0.146300
70800	0.239995
70850	-0.183134
70900	-0.048371
70950	0.014265
71000	0.124133
71050	-0.021917
71100	0.121802
71150	-0.103344
71200	-0.075946
71250	0.176277
71300	0.042782
71350	-0.120468
71400	0.145889
71450	0.005563
71500	-0.051084
71550	-0.204169
71600	0.271077
71650	0.028010
71700	-0.225921
71750	0.121109
71800	0.048060
71850	0.106904
71900	0.209998
71950	-0.101716
72000	0.106474
72050	-0.013291
72100	0.078938
72150	0.207977
72200	-0.042245
72250	-0.090515
72300	-0.047173
72350	-0.140216
72400	0.018152
72450	0.060300
72500	0.124247
72550	-0.226247
72600	-0.086889
72650	-0.053799
72700	0.310892
72750	0.026339
72800	-0.045072
72850	0.060088
72900	0.198912
72950	0.226951
73000	-0.068534
73050	-0.170710
73100	0.010848
73150	-0.059149
73200	0.141433
73250	0.209700
73300	0.156997
73350	0.082904
73400	-0.084236
73450	-0.279131
73500	0.134843
73550	0.146874
73600	0.029640
73650	-0.193877
73700	-0.181540
73750	-0.034371
73800	-0.102924
73850	-0.017597
73900	0.061232
73950	0.183344
74000	-0.183216
74050	0.195287
74100	-0.008186
74150	-0.075331
74200	-0.011507
74250	-0.016113
74300	-0.071608
74350	0.131528
74400	-0.061387
74450	-0.217284
74500	-0.017818
74550	0.197264
74600	0.074619
74650	-0.335710
74700	0.019541
74750	-0.131497
74800	-0.143435
74850	0.024444
74900	-0.125585
74950	-0.098148
75000	-0.033091
75050	0.077691
75100	-0.033530
75150	0.036668
75200	0.161134
75250	0.014632
75300	-0.022425
75350	-0.137256
75400	0.014588
75450	-0.005822
75500	0.165184
75550	0.061994
75600	0.036332
75650	0.022908
75700	0.050363
75750	-0.162601
75800	-0.130146
75850	0.032916
75900	-0.030758
75950	0.085494
76000	0.253035
76050	0.057252
76100	-0.003282
76150	-0.027947
76200	0.043937
76250	-0.120389
76300	0.139648
76350	-0.175808
76400	0.021492
76450	0.208321
76500	0.031853
76550	0.238995
76600	0.136773
76650	-0.122833
76700	-0.094836
76750	-0.122497
76800	-0.073587
76850	0.019215
76900	-0.002305
76950	-0.148700
77000	-0.058844
77050	0.032775
77100	0.144526
77150	0.192718
77200	0.078978
77250	0.067388
77300	0.312988
77350	-0.067285
77400	0.066095
77450	0.074725
77500	0.053959
77550	0.374364
77600	0.247028
77650	0.029967
77700	-0.399039
77750	-0.060162
77800	0.156306
77850	0.090219
77900	0.040669
77950	-0.098002
78000	-0.076857
78050	0.093724
78100	0.008452
78150	-0.066691
78200	-0.105296
78250	-0.003186
78300	-0.062617
78350	0.018567
78400	0.097523
78450	-0.310802
78500	0.076006
78550	-0.153309
78600	0.106832
78650	0.062720
78700	-0.094833
78750	0.040239
78800	0.026020
78850	-0.103688
78900	-0.019845
78950	0.038205
79000	0.009842
79050	-0.142856
79100	0.004898
79150	-0.357177
79200	-0.055238
79250	-0.105787
79300	0.006098
79350	0.098796
79400	-0.061882
79450	0.031896
79500	0.129300
79550	0.140552
79600	-0.072317
79650	0.205230
79700	0.227996
79750	-0.171157
79800	-0.021918
79850	-0.137463
79900	-0.085823
79950	-0.231149
80000	0.179786
80050	0.108906
80100	0.232824
80150	-0.111728
80200	0.185274
80250	0.022739
80300	-0.070878
80350	0.006694
80400	0.046226
80450	-0.129395
80500	-0.137462
80550	-0.035777
80600	0.089196
80650	0.043404
80700	-0.019639
80750	-0.152816
80800	-0.372865
80850	0.074383
80900	0.101718
80950	-0.136490
81000	0.232659
81050	0.050128
81100	0.344119
81150	0.165340
81200	-0.176732
81250	-0.112745
81300	0.235966
81350	0.048232
81400	-0.006249
81450	0.170435
81500	0.102886
81550	-0.252029
81600	-0.141019
81650	0.099104
81700	0.100095
81750	0.044412
81800	-0.047153
81850	-0.177225
81900	0.090328
81950	-0.008916
82000	-0.034225
82050	0.047437
82100	-0.109927
82150	-0.054515
82200	-0.001931
82250	-0.086737
82300	0.319376
82350	0.210392
82400	0.175837
82450	-0.171516
82500	0.084460
82550	0.087341
82600	0.029244
82650	0.089862
82700	-0.055326
82750	-0.100483
82800	-0.201333
82850	0.086801
82900	0.128183
82950	0.018983
83000	-0.022998
83050	-0.318288
83100	0.233292
83150	-0.038182
83200	-0.099151
83250	-0.030030
83300	-0.104284
83350	-0.053224
83400	-0.137556
83450	0.026469
83500	0.084206
83550	-0.067252
83600	0.060695
83650	0.140919
83700	0.030709
83750	0.213064
83800	-0.124037
83850	0.057178
83900	0.305768
83950	0.234185
84000	0.267464
84050	-0.031155
84100	0.050946
84150	-0.166868
84200	0.165630
84250	0.135255
84300	-0.181261
84350	0.243260
84400	-0.026885
84450	-0.057246
84500	0.040554
84550	0.347948
84600	0.276188
84650	0.068726
84700	-0.026395
84750	0.214122
84800	-0.119539
84850	-0.124580
84900	0.123525
84950	-0.096237
85000	-0.130977
85050	0.136530
85100	0.092552
85150	0.091205
85200	-0.181763
85250	-0.142414
85300	-0.203401
85350	-0.061418
85400	-0.104022
85450	-0.030151
85500	0.070659
85550	-0.009631
85600	-0.401288
85650	0.005240
85700	0.113279
85750	0.122155
85800	-0.204554
85850	0.027713
85900	-0.164031
85950	-0.143150
86000	-0.058625
86050	-0.021096
86100	-0.036455
86150	0.026297
86200	0.282241
86250	0.006657
86300	0.240734
86350	-0.100568
86400	-0.199815
86450	0.080479
86500	-0.165322
86550	0.079684
86600	0.068861
86650	0.126867
86700	-0.146626
86750	-0.238157
86800	0.025343
86850	-0.256468
86900	0.001694
86950	0.211176
87000	0.109194
87050	-0.172394
87100	-0.175143
87150	0.015246
87200	-0.122447
87250	0.112281
87300	-0.162038
87350	0.015491
87400	-0.067999
87450	0.160723
87500	-0.008854
87550	0.007632
87600	0.026026
87650	-0.129331
87700	-0.148869
87750	-0.007364
87800	-0.026130
87850	0.150180
87900	-0.167564
87950	0.099126
88000	-0.070064
88050	-0.367478
88100	-0.093846
88150	-0.103430
88200	-0.202998
88250	0.115356
88300	0.416353
88350	-0.012344
88400	0.043807
88450	0.307654
88500	-0.214103
88550	0.118593
88600	0.006592
88650	-0.140056
88700	-0.044291
88750	0.050827
88800	-0.123998
88850	0.186278
88900	0.099141
88950	0.322803
89000	0.064006
89050	-0.095619
89100	0.014671
89150	-0.069016
89200	-0.009346
89250	0.120606
89300	0.020757
89350	0.357695
89400	-0.130439
89450	0.068138
89500	-0.113724
89550	0.245115
89600	0.086234
89650	0.074106
89700	-0.069247
89750	0.100260
89800	-0.022220
89850	0.034799
89900	0.006714
89950	0.043455
90000	0.096767
90050	-0.017740
90100	0.009983
90150	0.121926
90200	0.123871
90250	0.062790
90300	0.253991
90350	0.024396
90400	-0.228732
90450	0.064410
90500	-0.073709
90550	0.047367
90600	-0.063622
90650	0.258699
90700	0.011842
90750	0.209497
90800	0.166637
90850	-0.018710
90900	0.140540
90950	0.124385
91000	0.086309
91050	-0.256206
91100	-0.040424
91150	0.143524
91200	-0.077085
91250	-0.320732
91300	0.054438
91350	-0.068747
91400	0.136367
91450	-0.040891
91500	0.054283
91550	0.086431
91600	-0.119243
91650	0.087365
91700	-0.203177
91750	0.065731
91800	0.111971
91850	0.101841
91900	0.073411
91950	0.087318
92000	0.077994
92050	0.045166
92100	-0.190807
92150	-0.242338
92200	-0.123206
92250	-0.314619
92300	-0.182548
92350	-0.000982
92400	-0.094891
92450	0.099172
92500	0.096077
92550	0.041703
92600	0.230154
92650	0.068229
92700	-0.091308
92750	0.033516
92800	0.028028
92850	0.244536
92900	-0.041712
92950	-0.032155
93000	-0.053051
93050	0.069768
93100	-0.034508
93150	0.034990
93200	0.038799
93250	-0.141917
93300	-0.021564
93350	0.137130
93400	-0.096568
93450	0.094900
93500	0.181410
93550	0.182947
93600	-0.057398
93650	-0.087011
93700	-0.069705
93750	-0.205967
93800	-0.052987
93850	-0.184445
93900	0.116804
93950	-0.065175
94000	-0.169696
94050	-0.163326
94100	-0.070086
94150	0.079522
94200	-0.105652
94250	-0.017389
94300	0.214531
94350	0.073528
94400	0.044147
94450	-0.158634
94500	-0.084975
94550	-0.233643
94600	-0.032104
94650	0.023626
94700	0.081444
94750	-0.236802
94800	0.041631
94850	0.156303
94900	-0.117946
94950	-0.114155
95000	-0.101662
95050	-0.067628
95100	0.223191
95150	-0.124456
95200	0.071570
95250	0.230919
95300	-0.192178
95350	0.177105
95400	-0.059107
95450	0.148127
95500	-0.064771
95550	0.079302
95600	0.006207
95650	-0.102754
95700	-0.126774
95750	-0.006326
95800	-0.084965
95850	-0.174574
95900	-0.057387
95950	-0.364787
96000	0.089978
96050	0.121693
96100	0.129063
96150	-0.110094
96200	0.090467
96250	0.100672
96300	-0.038472
96350	0.160359
96400	0.063301
96450	0.080903
96500	-0.047161
96550	-0.062530
96600	0.129709
96650	-0.157998
96700	-0.016331
96750	-0.130396
96800	0.071472
96850	0.222638
96900	-0.164345
96950	0.068072
97000	0.089932
97050	0.193011
97100	-0.087518
97150	0.089401
97200	0.099923
97250	0.024570
97300	0.271709
97350	0.162365
97400	0.036209
97450	-0.061390
97500	0.014943
97550	-0.021135
97600	-0.183510
97650	0.044232
97700	-0.126210
97750	0.168976
97800	-0.248187
97850	-0.087267
97900	-0.331048
97950	-0.038061
98000	0.072652
98050	0.030825
98100	0.030400
98150	0.283841
98200	0.212165
98250	0.167866
98300	0.169511
98350	-0.119168
98400	-0.148965
98450	0.050162
98500	0.071104
98550	-0.121162
98600	-0.101580
98650	0.059322
98700	-0.402346
98750	0.002531
98800	0.130117
98850	0.169489
98900	-0.004894
98950	-0.006442
99000	-0.038892
99050	0.178328
99100	0.133786
99150	-0.058535
99200	0.062711
99250	0.067957
99300	0.066778
99350	0.007693
99400	-0.047456
99450	-0.096978
99500	-0.247755
99550	-0.111514
99600	-0.090036
99650	0.157352
99700	0.121981
99750	-0.007172
99800	-0.374076
99850	0.101859
99900	0.128675
99950	0.016790
100000	-0.094182
100050	-0.043874
100100	0.124878
100150	0.076538
100200	0.247863
100250	-0.163981
100300	-0.009317
100350	0.023278
100400	-0.124464
100450	0.077691
100500	0.044448
100550	-0.026945
100600	0.125924
100650	-0.011255
100700	0.111634
100750	-0.049618
100800	-0.151215
100850	-0.257491
100900	-0.108355
100950	-0.103860
101000	-0.163465
101050	0.177941
101100	-0.105279
101150	-0.311534
101200	-0.045767
101250	-0.393417
101300	0.005496
101350	-0.216695
101400	-0.067289
101450	0.016776
101500	0.199126
101550	0.068462
101600	0.174372
101650	0.047962
101700	0.167463
101750	-0.079483
101800	-0.022557
101850	-0.118426
101900	0.095869
101950	0.124357
102000	0.024963
102050	-0.072333
102100	-0.147845
102150	-0.014271
102200	-0.017573
102250	-0.160559
102300	0.026372
102350	0.086592
102400	-0.088654
102450	-0.040106
102500	0.076426
102550	0.025613
102600	0.266785
102650	0.046086
102700	0.120170
102750	0.120146
102800	0.118815
102850	-0.196684
102900	0.013436
102950	0.117452
103000	-0.085708
103050	-0.191089
103100	-0.001837
103150	-0.000491
103200	-0.049505
103250	0.175883
103300	0.239331
103350	-0.057458
103400	0.213902
103450	-0.077025
103500	-0.054750
103550	-0.355764
103600	-0.085935
103650	0.137956
103700	-0.108175
103750	0.145514
103800	0.056156
103850	-0.149388
103900	0.060523
103950	0.043135
104000	-0.038800
104050	-0.080901
104100	0.144467
104150	-0.129712
104200	-0.250343
104250	-0.035816
104300	-0.103441
104350	0.078321
104400	-0.152002
104450	0.126668
104500	0.188530
104550	0.002001
104600	0.042535
104650	0.062171
104700	-0.015796
104750	0.206826
104800	0.355728
104850	-0.122736
104900	-0.041712
104950	-0.128924
105000	0.047967
105050	0.103768
105100	-0.042173
105150	-0.061742
105200	-0.030086
105250	-0.244677
105300	0.315893
105350	-0.133017
105400	-0.227376
105450	-0.024419
105500	-0.077479
105550	0.258281
105600	-0.119833
105650	-0.057768
105700	0.208283
105750	0.020384
105800	-0.126122
105850	-0.024288
105900	0.084179
105950	-0.234988
106000	0.154812
106050	-0.066294
106100	0.213671
106150	0.054178
106200	0.143510
106250	-0.157819
106300	0.160656
106350	0.218119
106400	0.034493
106450	0.347889
106500	-0.015559
106550	-0.114391
106600	-0.162665
106650	0.101419
106700	-0.067281
106750	-0.251744
106800	-0.109027
106850	-0.061646
106900	-0.133646
106950	0.235509
107000	0.181848
107050	-0.166818
107100	-0.037678
107150	-0.076625
107200	0.026864
107250	0.097802
107300	0.206279
107350	0.058775
107400	-0.027853
107450	0.238153
107500	-0.013312
107550	0.059143
107600	-0.038157
107650	0.168987
107700	0.286468
107750	-0.172766
107800	0.155522
107850	0.037652
107900	-0.095319
107950	-0.040323
108000	0.047485
108050	-0.089562
108100	0.125840
108150	0.022195
108200	-0.139334
108250	-0.073592
108300	-0.135319
108350	-0.043951
108400	-0.023574
108450	-0.176438
108500	-0.096031
108550	-0.095768
108600	0.087771
108650	-0.246796
108700	0.002458
108750	-0.049688
108800	-0.216841
108850	-0.238256
108900	-0.007223
108950	-0.157004
109000	-0.044339
109050	-0.072079
109100	0.092992
109150	0.004514
109200	-0.072625
109250	0.178240
109300	0.067466
109350	0.283600
109400	0.214868
109450	0.396499
109500	-0.137967
109550	0.101190
109600	0.042105
109650	0.016694
109700	-0.007332
109750	-0.023504
109800	0.195609
109850	0.247850
109900	0.051132
109950	0.048201
110000	0.314013
110050	-0.023485
110100	-0.300107
110150	-0.219251
110200	-0.005290
110250	0.108436
110300	-0.200715
110350	0.214724
110400	-0.361748
110450	-0.052355
110500	0.082716
110550	0.277275
110600	-0.152236
110650	0.039281
110700	0.039056
110750	0.175815
110800	0.084357
110850	-0.223220
110900	-0.096442
110950	0.040561
111000	-0.073049
111050	-0.049216
111100	-0.127463
111150	-0.125302
111200	0.150588
111250	-0.059042
111300	0.034794
111350	-0.083765
111400	0.005227
111450	0.356197
111500	-0.055383
111550	-0.110202
111600	0.156090
111650	-0.135397
111700	-0.100766
111750	-0.077581
111800	0.297887
111850	0.077753
111900	0.080898
111950	0.181424
112000	0.054986
112050	-0.026844
112100	-0.073295
112150	0.184208
112200	0.025456
112250	-0.082353
112300	0.197725
112350	0.068105
112400	-0.256733
112450	-0.349646
112500	0.002241
112550	0.019169
112600	-0.069946
112650	0.181453
112700	-0.162941
112750	-0.240659
112800	-0.024268
112850	-0.030832
112900	-0.048988
112950	-0.101988
113000	0.267504
113050	0.280452
113100	0.232587
113150	0.030994
113200	-0.074865
113250	-0.020941
113300	-0.021337
113350	-0.161936
113400	0.018925
113450	0.271398
113500	0.036053
113550	-0.169847
113600	0.030606
113650	0.163069
113700	-0.010586
113750	-0.027250
113800	-0.086097
113850	-0.315895
113900	-0.207077
113950	0.060126
114000	-0.162956
114050	0.143126
114100	0.047248
114150	0.030076
114200	0.340025
114250	-0.039000
114300	0.197894
114350	0.275461
114400	0.302128
114450	-0.081326
114500	0.212406
114550	0.162218
114600	0.179650
114650	0.078624
114700	0.364904
114750	0.275601
114800	0.057857
114850	0.166608
114900	0.024542
114950	0.079865
115000	0.005502
115050	-0.123055
115100	-0.003917
115150	0.224304
115200	0.097143
115250	0.160529
115300	0.001830
115350	-0.080511
115400	-0.141158
115450	-0.203084
115500	-0.163885
115550	-0.138378
115600	-0.091043
115650	-0.045186
115700	0.040112
115750	0.013107
115800	0.023462
115850	-0.134069
115900	-0.044558
115950	-0.030247
116000	-0.259612
116050	-0.041600
116100	0.206025
116150	0.095051
116200	0.235249
116250	-0.139404
116300	0.065193
116350	-0.178219
116400	-0.082030
116450	0.051549
116500	0.027514
116550	0.093234
116600	0.080789
116650	-0.237992
116700	-0.153289
116750	-0.088087
116800	-0.117464
116850	-0.110399
116900	0.046224
116950	0.325350
117000	0.025136
117050	-0.002644
117100	-0.106635
117150	0.289258
117200	0.061347
117250	0.151035
117300	-0.171760
117350	0.126175
117400	-0.139261
117450	0.239147
117500	0.040808
117550	-0.096912
117600	-0.025884
117650	-0.180577
117700	-0.120502
117750	-0.185907
117800	0.158275
117850	-0.128271
117900	-0.043817
117950	-0.156697
118000	-0.005985
118050	-0.191143
118100	0.049154
118150	0.182462
118200	-0.071619
118250	-0.049989
118300	-0.007978
118350	0.140633
118400	0.372627
118450	0.004281
118500	0.318547
118550	-0.212395
118600	-0.096692
118650	-0.236724
118700	0.069048
118750	-0.013251
118800	0.039338
118850	0.158479
118900	0.004086
118950	0.029513
119000	-0.022739
119050	-0.114949
119100	0.103175
119150	-0.113069
119200	-0.226159
119250	-0.225696
119300	-0.136194
119350	0.111317
119400	-0.121929
119450	-0.225384
119500	-0.076857
119550	0.276419
119600	0.294852
119650	-0.075533
119700	-0.307697
119750	0.012185
119800	-0.056231
119850	-0.079249
119900	0.209301
119950	-0.060691
120000	0.072799
120050	-0.174348
120100	0.055142
120150	-0.017285
120200	-0.261689
120250	-0.417583
120300	-0.330792
120350	-0.013207
120400	0.194373
120450	-0.107348
120500	-0.143664
120550	-0.028722
120600	0.190961
120650	-0.196621
120700	0.030518
120750	0.076851
120800	0.024278
120850	-0.175242
120900	-0.088168
120950	0.014086
121000	0.059939
121050	0.016830
121100	-0.002465
121150	-0.069938
121200	0.039491
121250	-0.000971
121300	0.259518
121350	-0.039348
121400	0.109473
121450	0.061865
121500	0.036100
121550	0.039258
121600	-0.153889
121650	0.073515
121700	0.050165
121750	-0.123043
121800	0.167932
121850	-0.199813
121900	-0.061107
121950	0.074867
122000	0.155571
122050	-0.060247
122100	-0.186618
122150	-0.054077
122200	-0.200262
122250	-0.138884
122300	-0.121020
122350	-0.076111
122400	-0.149599
122450	-0.344869
122500	-0.054297
122550	0.066825
122600	-0.129106
122650	-0.139250
122700	-0.031700
122750	-0.109435
122800	0.012424
122850	0.143954
122900	0.160216
122950	0.025270
123000	0.054897
123050	0.075705
123100	0.136722
123150	-0.052315
123200	0.014246
123250	0.104337
123300	0.120286
123350	-0.005961
123400	-0.055855
123450	-0.194970
123500	-0.046133
123550	-0.081829
123600	-0.136954
123650	-0.166379
123700	0.040242
123750	0.020651
123800	-0.010234
123850	-0.185003
123900	0.223617
123950	0.095695
124000	-0.162016
124050	0.067683
124100	0.029335
124150	-0.081666
124200	0.210914
124250	0.014765
124300	-0.099601
124350	-0.050305
124400	-0.146100
124450	-0.115812
124500	0.014864
124550	0.105583
124600	-0.146363
124650	0.294310
124700	0.067443
124750	-0.145908
124800	0.072367
124850	0.180777
124900	-0.108497
124950	-0.053957
125000	-0.085848
125050	-0.154713
125100	0.106959
125150	-0.000926
125200	0.113107
125250	-0.028086
125300	0.009439
125350	0.092578
125400	0.085346
125450	-0.020088
125500	-0.005435
125550	-0.115142
125600	-0.025769
125650	-0.052677
125700	-0.146429
125750	-0.198715
125800	0.202146
125850	-0.017264
125900	0.126293
125950	0.042282
126000	-0.018803
126050	0.189383
126100	-0.092213
126150	0.007176
126200	0.190778
126250	0.033325
126300	-0.152143
126350	-0.183549
126400	-0.098510
126450	-0.272597
126500	0.171259
126550	0.039564
126600	-0.036536
126650	0.181728
126700	0.122013
126750	-0.111855
126800	0.028055
126850	-0.037780
126900	-0.013937
126950	-0.162001
127000	-0.366855
127050	0.281517
127100	-0.101711
127150	0.114579
127200	-0.066465
127250	0.096559
127300	0.108763
127350	0.055801
127400	-0.127276
127450	0.125853
127500	0.253135
127550	0.406043
127600	-0.403167
127650	0.233524
127700	-0.043368
127750	0.175796
127800	-0.126643
127850	0.050175
127900	-0.176026
127950	-0.203020
128000	-0.113546
128050	-0.055863
128100	0.215533
128150	0.005939
128200	0.300476
128250	-0.092786
128300	0.154475
128350	0.178771
128400	-0.209803
128450	0.275988
128500	-0.091329
128550	-0.119514
128600	0.062335
128650	-0.004841
128700	-0.124474
128750	0.112765
128800	0.141097
128850	0.371191
128900	0.147663
128950	-0.063803
129000	-0.096169
129050	0.067229
129100	0.055420
129150	-0.199017
129200	0.028708
129250	0.079000
129300	-0.000106
129350	0.064658
129400	-0.116177
129450	-0.039894
129500	0.041611
129550	0.054475
129600	-0.008738
129650	-0.182994
129700	0.076290
129750	0.149048
129800	0.040938
129850	-0.053403
129900	-0.115392
129950	0.147691
130000	0.134273
130050	-0.031337
130100	-0.270301
130150	-0.004667
130200	0.103589
130250	-0.019231
130300	-0.079217
130350	0.233524
130400	0.184490
130450	0.224230
130500	-0.051912
130550	0.118370
130600	-0.022012
130650	0.113185
130700	-0.107739
130750	-0.092744
130800	-0.099552
130850	-0.076221
130900	0.027134
130950	0.254997
131000	0.189220
131050	0.027550
131100	0.039378
131150	0.167735
131200	-0.007605
131250	0.200082
131300	0.164660
131350	0.126186
131400	0.320795
131450	0.123271
131500	-0.001752
131550	0.171442
131600	0.284874
131650	0.022996
131700	-0.251239
131750	-0.194461
131800	0.006508
131850	0.095464
131900	-0.058029
131950	0.252948
132000	0.046045
132050	0.091818
132100	0.157626
132150	0.292552
132200	-0.171549
132250	-0.175991
132300	-0.043277
132350	0.332698
132400	-0.146731
132450	0.143798
132500	0.084392
132550	0.405871
132600	0.064694
132650	-0.015927
132700	-0.126816
132750	0.149825
132800	0.170900
132850	-0.047906
132900	-0.222831
132950	0.042715
133000	0.001275
133050	-0.018938
133100	0.104058
133150	-0.345402
133200	0.220436
133250	-0.209921
133300	-0.042273
133350	-0.132038
133400	-0.081876
133450	-0.064781
133500	0.024907
133550	0.001405
133600	0.266015
133650	-0.179993
133700	0.072325
133750	-0.057056
133800	-0.135986
133850	0.114625
133900	0.387267
133950	-0.039540
134000	-0.028408
134050	0.003798
134100	-0.070993
134150	-0.181868
134200	-0.177637
134250	-0.195068
134300	0.127887
134350	0.164506
134400	-0.134221
134450	0.196020
134500	-0.117082
134550	0.238241
134600	0.062225
134650	0.200853
134700	-0.087258
134750	-0.002549
134800	-0.124849
134850	0.041157
134900	-0.059151
134950	0.000820
135000	0.147880
135050	-0.082716
135100	-0.048716
135150	0.294541
135200	0.059795
135250	0.120357
135300	-0.094187
135350	0.421163
135400	-0.010612
135450	-0.067577
135500	0.221411
135550	-0.034536
135600	0.026885
135650	0.067382
135700	-0.306521
135750	-0.084245
135800	-0.196629
135850	-0.134332
135900	-0.267208
135950	-0.154417
136000	0.054489
136050	0.038506
136100	-0.068210
136150	-0.211597
136200	-0.336368
136250	-0.195597
136300	-0.414363
136350	-0.028412
136400	-0.053394
136450	-0.180413
136500	0.130924
136550	0.160310
136600	0.230081
136650	-0.109320
136700	0.070650
136750	0.081447
136800	-0.055132
136850	0.326360
136900	-0.089113
136950	-0.074120
137000	-0.043512
137050	0.038810
137100	0.065110
137150	0.203085
137200	0.179991
137250	-0.078381
137300	0.016354
137350	-0.179036
137400	0.153505
137450	0.158903
137500	-0.300864
137550	-0.174243
137600	-0.049980
137650	-0.104219
137700	-0.207018
137750	-0.156904
137800	0.010445
137850	0.038860
137900	-0.131909
137950	-0.052084
138000	-0.251175
138050	-0.222687
138100	-0.012865
138150	-0.009906
138200	0.067079
138250	0.014919
138300	0.068584
138350	0.061827
138400	-0.149520
138450	-0.054115
138500	0.101759
138550	0.102657
138600	-0.218949
138650	0.127019
138700	0.476976
138750	-0.101784
138800	0.004150
138850	-0.222110
138900	0.120361
138950	-0.191931
139000	-0.110751
139050	0.141302
139100	-0.209054
139150	-0.043853
139200	-0.045011
139250	0.191247
139300	0.136943
139350	0.104979
139400	-0.118038
139450	-0.041231
139500	0.146425
139550	-0.233071
139600	0.068375
139650	-0.078521
139700	-0.185293
139750	-0.117590
139800	-0.099230
139850	-0.171849
139900	-0.249274
139950	0.117451
140000	-0.198344
140050	0.101205
140100	0.151873
140150	-0.122658
140200	-0.173382
140250	-0.128696
140300	0.179001
140350	-0.022084
140400	0.094159
140450	-0.032534
140500	0.200144
140550	-0.150921
140600	-0.127193
140650	0.187431
140700	0.197501
140750	0.046048
140800	0.028916
140850	0.146181
140900	-0.220780
140950	-0.253161
141000	0.037953
141050	0.068651
141100	0.260186
141150	-0.000949
141200	-0.051216
141250	0.018624
141300	0.068587
141350	0.065324
141400	0.061501
141450	0.037011
141500	-0.066194
141550	-0.049551
141600	-0.031331
141650	0.057300
141700	-0.284746
141750	0.126290
141800	-0.072564
141850	0.047663
141900	-0.028845
141950	-0.230231
142000	-0.001164
142050	0.057042
142100	0.147899
142150	0.102201
142200	0.023467
142250	0.202865
142300	-0.070714
142350	-0.047617
142400	0.049365
142450	-0.011779
142500	-0.200186
142550	0.074022
142600	-0.063947
142650	-0.048888
142700	0.122413
142750	-0.000158
142800	-0.012254
142850	-0.196185
142900	-0.090358
142950	0.128506
143000	0.072356
143050	-0.263307
143100	0.015184
143150	0.047904
143200	0.026151
143250	-0.154000
143300	0.132567
143350	-0.337094
143400	0.000786
143450	0.117060
143500	-0.011298
143550	0.131669
143600	0.049658
143650	-0.171687
143700	0.358347
143750	-0.111391
143800	0.240959
143850	0.127263
143900	0.219794
143950	0.022322
144000	-0.279653
144050	-0.111684
144100	0.047794
144150	-0.073762
144200	0.217638
144250	-0.025928
144300	-0.157630
144350	-0.117805
144400	0.023730
144450	-0.210306
144500	0.173477
144550	0.185399
144600	-0.110575
144650	-0.021017
144700	-0.189399
144750	0.380863
144800	0.103885
144850	-0.102294
144900	0.099284
144950	-0.124216
145000	-0.211199
145050	0.021001
145100	0.205564
145150	0.303375
145200	-0.085484
145250	0.200746
145300	-0.029805
145350	-0.175063
145400	-0.228873
145450	-0.137494
145500	-0.034275
145550	-0.054379
145600	-0.084801
145650	-0.256504
145700	-0.124199
145750	-0.017532
145800	-0.129771
145850	0.169328
145900	-0.117036
145950	-0.120487
146000	0.203735
146050	-0.026911
146100	-0.010571
146150	0.118563
146200	0.249214
146250	0.039861
146300	0.130430
146350	-0.072154
146400	-0.024757
146450	-0.201965
146500	0.069820
146550	-0.055818
146600	0.054421
146650	-0.069357
146700	-0.187304
146750	0.012135
146800	0.134760
146850	0.040969
146900	-0.004508
146950	0.161385
147000	-0.130973
147050	0.081342
147100	-0.017920
147150	0.121666
147200	0.005945
147250	-0.088192
147300	-0.039939
147350	-0.281978
147400	-0.292050
147450	-0.106049
147500	0.220072
147550	0.047515
147600	-0.057781
147650	-0.187327
147700	0.229074
147750	0.060258
147800	-0.032191
147850	-0.137555
147900	0.092371
147950	0.278481
148000	-0.013044
148050	-0.159920
148100	0.234551
148150	0.029105
148200	-0.076345
148250	-0.071945
148300	-0.244242
148350	-0.075498
148400	0.109229
148450	0.045706
148500	0.335624
148550	-0.046286
148600	-0.013416
148650	0.005104
148700	0.076105
148750	0.128820
148800	-0.060956
148850	-0.002524
148900	0.179597
148950	0.167686
149000	0.218691
149050	0.182244
149100	0.086524
149150	0.049302
149200	0.165627
149250	-0.104969
149300	-0.377812
149350	0.064051
149400	-0.022048
149450	-0.121338
149500	-0.094749
149550	0.096891
149600	-0.139462
149650	-0.052282
149700	-0.185074
149750	0.116484
149800	-0.046329
149850	0.342047
149900	-0.122128
149950	-0.119118
150000	0.019953
150050	0.189247
150100	-0.041405
150150	0.046276
150200	0.212553
150250	-0.065884
150300	-0.059149
150350	-0.024604
150400	0.115345
150450	-0.073509
150500	0.054930
150550	0.007354
150600	0.152787
150650	0.093215
150700	-0.041076
150750	0.023191
150800	0.170635
150850	0.082938
150900	0.095740
150950	-0.013859
151000	-0.046132
151050	0.065968
151100	-0.061213
151150	0.194345
151200	0.118159
151250	0.231506
151300	0.011709
151350	0.084008
151400	-0.119361
151450	-0.073645
151500	0.054426
151550	0.037740
151600	-0.133976
151650	0.039288
151700	-0.042904
151750	0.079036
151800	0.007906
151850	0.045868
151900	0.148202
151950	-0.146197
152000	-0.080210
152050	-0.261259
152100	-0.053968
152150	0.048370
152200	-0.051209
152250	-0.186821
152300	-0.024345
152350	0.013947
152400	0.016701
152450	-0.115394
152500	-0.223145
152550	-0.140106
152600	0.182020
152650	-0.000425
152700	0.244264
152750	-0.070560
152800	-0.259971
152850	0.056007
152900	0.155814
152950	0.034804
153000	-0.101150
153050	0.262327
153100	-0.103498
153150	0.125379
153200	0.090140
153250	-0.041889
153300	-0.212430
153350	0.055663
153400	-0.021558
153450	-0.032058
153500	-0.337916
153550	-0.166181
153600	0.182328
153650	-0.093858
153700	-0.271260
153750	0.050417
153800	0.136430
153850	-0.005749
153900	-0.007090
153950	-0.055188
154000	-0.137923
154050	0.078978
154100	0.049786
154150	0.083092
154200	-0.273554
154250	-0.125011
154300	0.017996
154350	-0.100929
154400	-0.085594
154450	-0.265056
154500	-0.032210
154550	-0.057548
154600	0.128106
154650	-0.244218
154700	-0.358945
154750	0.118966
154800	-0.039583
154850	-0.203189
154900	-0.030244
154950	0.053309
155000	-0.196497
155050	-0.244260
155100	-0.212497
155150	-0.174723
155200	0.112844
155250	-0.024762
155300	0.106792
155350	-0.149454
155400	0.086730
155450	0.272296
155500	-0.056167
155550	0.106790
155600	0.188705
155650	0.024979
155700	0.024344
155750	0.067470
155800	0.132973
155850	0.223484
155900	-0.023839
155950	0.001256
156000	-0.100416
156050	0.033245
156100	0.083608
156150	0.079257
156200	-0.117125
156250	0.220609
156300	0.114037
156350	-0.001858
156400	-0.105531
156450	0.070066
156500	0.076800
156550	-0.173044
156600	-0.097818
156650	0.310351
156700	-0.096761
156750	-0.150047
156800	-0.155859
156850	-0.102015
156900	0.035711
156950	0.040166
157000	-0.142138
157050	-0.139128
157100	-0.013883
157150	-0.028032
157200	-0.169758
157250	-0.044179
157300	0.120456
157350	-0.155819
157400	-0.185367
157450	0.113405
157500	0.092811
157550	0.095058
157600	-0.153770
157650	0.049748
157700	0.144976
157750	0.050164
157800	0.123087
157850	-0.089250
157900	0.181038
157950	-0.029108
158000	-0.099222
158050	0.117363
158100	0.208852
158150	0.016038
158200	-0.074753
158250	0.026334
158300	0.110767
158350	-0.102310
158400	-0.105030
158450	-0.024373
158500	-0.213232
158550	0.011125
158600	-0.015276
158650	0.074924
158700	-0.039244
158750	0.166838
158800	0.049644
158850	-0.160602
158900	-0.035272
158950	0.006414
159000	-0.136844
159050	-0.171961
159100	-0.365469
159150	0.244632
159200	-0.046189
159250	0.081745
159300	0.003773
159350	0.155920
159400	-0.138047
159450	-0.028725
159500	-0.013569
159550	-0.084836
159600	0.159501
159650	-0.129290
159700	-0.058757
159750	0.262599
159800	0.024737
159850	-0.200693
159900	-0.036207
159950	0.009471
160000	0.112500
160050	0.110949
160100	0.113810
160150	-0.137438
160200	0.151569
160250	0.101452
160300	0.162718
160350	-0.163492
160400	0.086724
160450	0.155644
160500	-0.119995
160550	0.010094
160600	0.099009
160650	-0.064076
160700	0.059501
160750	0.029264
160800	0.026974
160850	-0.096593
160900	-0.158423
160950	0.035182
161000	0.145514
161050	0.059205
161100	-0.058274
161150	0.128731
161200	0.035969
161250	0.100451
161300	0.015729
161350	0.250119
161400	-0.143046
161450	0.057016
161500	0.123612
161550	-0.031300
161600	0.052647
161650	0.169404
161700	-0.142825
161750	0.174186
161800	-0.020605
161850	-0.166159
161900	-0.171000
161950	-0.060313
162000	0.151523
162050	-0.067936
162100	0.120296
162150	-0.030013
162200	-0.063758
162250	0.019714
162300	-0.089485
162350	0.004021
162400	0.076791
162450	0.160321
162500	-0.068303
162550	0.088962
162600	-0.221079
162650	0.134055
162700	-0.244680
162750	0.179436
162800	0.184021
162850	-0.086895
162900	0.115766
162950	0.316145
163000	0.091941
163050	-0.356261
163100	-0.016555
163150	0.012743
163200	-0.266045
163250	-0.103299
163300	0.104977
163350	0.147274
163400	0.252411
163450	0.051485
163500	0.017738
163550	-0.164506
163600	0.202311
163650	0.053687
163700	-0.261762
163750	-0.231023
163800	-0.022211
163850	-0.047649
163900	0.101935
163950	-0.274514
164000	0.108115
164050	0.253371
164100	-0.113048
164150	-0.013108
164200	-0.080510
164250	0.061953
164300	0.117295
164350	0.035618
164400	-0.196248
164450	0.003407
164500	0.020374
164550	-0.022719
164600	0.314163
164650	0.147331
164700	0.022748
164750	-0.241682
164800	0.045994
164850	-0.060860
164900	0.050668
164950	0.077285
165000	0.072461
165050	-0.079565
165100	-0.220091
165150	-0.125421
165200	0.076034
165250	-0.228970
165300	-0.133876
165350	0.158181
165400	0.245051
165450	-0.117642
165500	0.341285
165550	-0.201926
165600	0.234216
165650	0.117382
165700	0.124260
165750	0.009662
165800	0.040684
165850	0.183247
165900	0.066494
165950	-0.088685
166000	-0.238497
166050	0.093944
166100	-0.215220
166150	-0.036614
166200	0.115289
166250	-0.121803
166300	-0.068426
166350	-0.130427
166400	-0.111269
166450	0.178439
166500	-0.214753
166550	0.096111
166600	-0.061759
166650	0.046642
166700	-0.178863
166750	0.030349
166800	0.096946
166850	-0.084485
166900	0.098662
166950	-0.304141
167000	-0.090727
167050	-0.001026
167100	-0.086408
167150	-0.043331
167200	-0.468462
167250	-0.137515
167300	0.004760
167350	-0.060595
167400	-0.017037
167450	-0.174596
167500	0.002704
167550	0.030994
167600	0.138427
167650	-0.064174
167700	-0.233523
167750	0.130272
167800	0.138648
167850	0.252513
167900	0.006194
167950	-0.291993
168000	-0.045194
168050	0.016367
168100	-0.055473
168150	0.202574
168200	0.038808
168250	-0.032063
168300	-0.296537
168350	-0.053847
168400	-0.109154
168450	0.219953
168500	0.079101
168550	0.042363
168600	0.017486
168650	-0.139921
168700	-0.195479
168750	-0.129440
168800	-0.126693
168850	-0.037331
168900	-0.148683
168950	-0.085402
169000	0.180966
169050	0.066906
169100	0.124509
169150	-0.036889
169200	0.169940
169250	-0.137539
169300	-0.049559
169350	-0.008568
169400	0.221290
169450	0.060333
169500	0.035349
169550	0.010345
169600	0.206945
169650	-0.171948
169700	0.001999
169750	-0.169202
169800	-0.057204
169850	-0.141023
169900	-0.070502
169950	-0.154538
170000	0.059404
170050	-0.110461
170100	-0.057803
170150	-0.289751
170200	-0.233338
170250	-0.075054
170300	0.060577
170350	-0.180081
170400	0.023867
170450	0.012681
170500	-0.081831
170550	-0.295125
170600	0.103102
170650	0.223881
170700	-0.104429
170750	-0.042599
170800	0.063044
170850	0.017014
170900	-0.280147
170950	-0.440626
171000	0.020985
171050	-0.079805
171100	0.275659
171150	0.265107
171200	0.195115
171250	0.026844
171300	-0.175572
171350	-0.394619
171400	0.064422
171450	-0.123799
171500	-0.107810
171550	-0.004214
171600	0.033247
171650	0.009488
171700	0.030510
171750	-0.023329
171800	-0.193455
171850	0.055618
171900	0.056408
171950	-0.162787
172000	0.039306
172050	0.093217
172100	0.367365
172150	-0.023122
172200	0.149845
172250	-0.124325
172300	0.081369
172350	-0.071632
172400	-0.061662
172450	0.020967
172500	0.327522
172550	0.261258
172600	0.067002
172650	-0.068148
172700	-0.088271
172750	0.460648
172800	-0.112785
172850	0.168055
172900	-0.047406
172950	-0.292257
173000	0.001452
173050	-0.247391
173100	-0.093453
173150	-0.086238
173200	0.027966
173250	0.045669
173300	-0.021401
173350	0.065966
173400	-0.123449
173450	0.255516
173500	0.111937
173550	-0.180746
173600	0.005049
173650	0.238014
173700	-0.062369
173750	0.177473
173800	-0.048793
173850	0.069571
173900	0.014729
173950	-0.120266
174000	-0.035913
174050	0.029557
174100	0.016202
174150	0.168237
174200	0.065804
174250	0.023268
174300	0.330105
174350	-0.157638
174400	0.065224
174450	-0.155620
174500	-0.174766
174550	0.072126
174600	-0.058336
174650	0.041472
174700	-0.067377
174750	-0.043462
174800	0.225054
174850	0.040028
174900	-0.079303
174950	-0.134166
175000	0.046248
175050	0.009918
175100	-0.001322
175150	-0.060508
175200	-0.173540
175250	0.306485
175300	-0.008129
175350	-0.223360
175400	-0.145895
175450	-0.097945
175500	0.186888
175550	0.226443
175600	0.021285
175650	-0.013178
175700	0.150149
175750	-0.111542
175800	0.211987
175850	-0.034901
175900	0.160446
175950	0.096411
176000	-0.050555
176050	0.156849
176100	0.014832
176150	-0.191511
176200	-0.019070
176250	-0.052408
176300	-0.056795
176350	0.085516
176400	0.299425
176450	0.124778
176500	-0.286854
176550	0.132174
176600	0.045490
176650	0.200488
176700	0.234226
176750	0.105463
176800	-0.289761
176850	0.073391
176900	0.043082
176950	-0.034631
177000	-0.165146
177050	-0.303886
177100	-0.002024
177150	-0.157376
177200	-0.092138
177250	-0.149121
177300	-0.306834
177350	0.233415
177400	0.163972
177450	-0.035300
177500	0.012543
177550	-0.302696
177600	0.198495
177650	-0.139930
177700	0.027955
177750	-0.396496
177800	0.194883
177850	0.006949
177900	0.040213
177950	-0.051973
178000	0.014251
178050	-0.013688
178100	-0.125239
178150	-0.120545
178200	-0.051816
178250	-0.222962
178300	0.215083
178350	0.073719
178400	-0.248873
178450	0.320935
178500	-0.218646
178550	-0.129968
178600	0.115089
178650	-0.324180
178700	-0.046048
178750	-0.148993
178800	-0.293806
178850	-0.048010
178900	-0.134510
178950	0.023340
179000	-0.137774
179050	0.208317
179100	0.087289
179150	-0.053369
179200	0.008159
179250	-0.084595
179300	-0.017728
179350	0.131669
179400	-0.226685
179450	0.157441
179500	0.008014
179550	0.126023
179600	-0.088517
179650	0.005927
179700	0.121686
179750	0.187725
179800	0.077664
179850	0.291401
179900	-0.028793
179950	-0.108011
180000	-0.040373
180050	-0.019823
180100	0.028673
180150	0.301935
180200	0.087691
180250	-0.080566
180300	-0.040716
180350	-0.033634
180400	-0.114667
180450	-0.054833
180500	0.381023
180550	0.012157
180600	0.128553
180650	-0.364514
180700	0.071781
180750	-0.046101
180800	0.087899
180850	-0.031170
180900	0.194385
180950	-0.116465
181000	0.065900
181050	0.066735
181100	0.064319
181150	0.043131
181200	0.117978
181250	0.001461
181300	0.129306
181350	0.143739
181400	0.340413
181450	-0.129627
181500	-0.054852
181550	-0.060575
181600	0.012502
181650	0.191778
181700	0.164668
181750	-0.048529
181800	0.039994
181850	-0.069917
181900	0.029901
181950	0.114464
182000	0.026172
182050	0.176018
182100	-0.013163
182150	-0.162038
182200	0.178631
182250	-0.019237
182300	0.200400
182350	-0.198452
182400	-0.025536
182450	0.260759
182500	-0.013111
182550	0.332730
182600	-0.025227
182650	0.366000
182700	0.124658
182750	-0.039998
182800	-0.034387
182850	-0.108488
182900	-0.008469
182950	0.200091
183000	0.120496
183050	-0.311633
183100	0.160236
183150	-0.159076
183200	0.318673
183250	-0.210059
183300	0.106128
183350	0.141317
183400	0.023542
183450	-0.173441
183500	-0.372267
183550	-0.142700
183600	0.162411
183650	0.012298
183700	0.003555
183750	0.088544
183800	-0.199590
183850	-0.019851
183900	-0.223162
183950	0.057972
184000	0.185329
184050	0.086383
184100	0.054465
184150	-0.288723
184200	-0.214275
184250	-0.049062
184300	-0.152051
184350	0.065306
184400	-0.131435
184450	-0.110948
184500	-0.076493
184550	0.200716
184600	-0.031831
184650	0.013691
184700	-0.159281
184750	-0.036032
184800	-0.162226
184850	0.126965
184900	-0.146849
184950	0.236516
185000	-0.031654
185050	0.172654
185100	0.059383
185150	0.024340
185200	0.010143
185250	-0.215248
185300	0.031557
185350	0.119692
185400	0.102147
185450	-0.068473
185500	-0.078081
185550	-0.046465
185600	-0.050545
185650	-0.114025
185700	0.028618
185750	0.113239
185800	0.167193
185850	-0.197039
185900	0.007312
185950	-0.172681
186000	-0.210721
186050	-0.154279
186100	0.051024
186150	-0.233719
186200	-0.082818
186250	-0.019351
186300	-0.096467
186350	-0.278745
186400	-0.036083
186450	0.007375
186500	-0.282917
186550	0.023899
186600	0.122033
186650	0.041986
186700	0.099509
186750	-0.142520
186800	0.064492
186850	0.113892
186900	0.093241
186950	-0.069668
187000	-0.282142
187050	0.055856
187100	-0.225316
187150	-0.063950
187200	0.185899
187250	0.239991
187300	0.016464
187350	0.157426
187400	0.112152
187450	0.135867
187500	0.061633
187550	-0.176054
187600	-0.065704
187650	0.054986
187700	0.006388
187750	0.210579
187800	0.034812
187850	0.121915
187900	-0.314811
187950	-0.019628
188000	-0.066510
188050	-0.004466
188100	0.144906
188150	0.027761
188200	-0.381364
188250	-0.075017
188300	-0.296158
188350	0.000755
188400	0.108039
188450	-0.077622
188500	0.002182
188550	-0.151132
188600	0.090498
188650	0.024687
188700	-0.128457
188750	-0.037716
188800	-0.290779
188850	-0.256618
188900	0.159353
188950	0.225391
189000	0.016433
189050	-0.304027
189100	-0.147981
189150	0.062129
189200	-0.040363
189250	-0.012343
189300	0.080614
189350	-0.136735
189400	-0.181079
189450	0.071598
189500	0.023586
189550	-0.265386
189600	0.087166
189650	0.057583
189700	-0.140795
189750	0.289967
189800	-0.048652
189850	-0.240475
189900	-0.009481
189950	-0.067356
190000	-0.119907
190050	-0.165531
190100	-0.116156
190150	0.032944
190200	0.161369
190250	0.208904
190300	0.276656
190350	0.155082
190400	-0.213035
190450	0.137670
190500	0.031649
190550	-0.062037
190600	-0.264745
190650	-0.184775
190700	0.078163
190750	0.311583
190800	-0.249840
190850	0.594795
190900	0.219124
190950	0.084330
191000	0.211235
191050	0.056549
191100	-0.220985
191150	0.362759
191200	0.072831
191250	-0.032706
191300	-0.309653
191350	0.015934
191400	0.011942
191450	-0.146701
191500	0.131439
191550	-0.048550
191600	-0.019002
191650	0.230245
191700	0.329597
191750	-0.124359
191800	-0.054631
191850	0.048976
191900	0.042846
191950	0.090909
192000	0.061219
192050	-0.016719
192100	-0.008033
192150	0.066527
192200	0.061645
192250	-0.038936
192300	-0.022276
192350	-0.075704
192400	0.067704
192450	-0.058577
192500	-0.101297
192550	0.151570
192600	0.063059
192650	-0.019475
192700	0.297612
192750	-0.132767
192800	-0.195256
192850	0.052517
192900	0.080176
192950	-0.098356
193000	-0.283377
193050	0.055995
193100	-0.208374
193150	-0.059851
193200	-0.191533
193250	-0.091378
193300	0.060290
193350	-0.340828
193400	-0.419196
193450	-0.151194
193500	0.077491
193550	0.084968
193600	0.160053
193650	-0.346900
193700	0.068140
193750	0.065049
193800	0.301375
193850	-0.094794
193900	-0.098586
193950	-0.099999
194000	0.021566
194050	-0.262376
194100	-0.203634
194150	-0.223597
194200	-0.017061
194250	0.131269
194300	-0.076423
194350	0.143405
194400	0.003690
194450	0.046140
194500	0.072501
194550	0.091196
194600	-0.114923
194650	0.128064
194700	-0.099320
194750	-0.092426
194800	-0.151242
194850	-0.157532
194900	0.076017
194950	0.000087
195000	-0.004326
195050	0.150984
195100	0.239415
195150	0.057079
195200	-0.112385
195250	-0.039129
195300	0.019411
195350	-0.074668
195400	-0.045720
195450	-0.073695
195500	0.126531
195550	-0.157331
195600	0.063676
195650	-0.230449
195700	-0.202564
195750	-0.035873
195800	0.071620
195850	-0.099899
195900	-0.077831
195950	-0.101389
196000	0.155862
196050	-0.032735
196100	0.157864
196150	0.124329
196200	-0.069673
196250	0.047770
196300	0.121732
196350	-0.053536
196400	-0.004917
196450	0.084028
196500	0.098648
196550	0.124223
196600	-0.026932
196650	0.146290
196700	0.223141
196750	-0.022139
196800	0.016086
196850	-0.095702
196900	-0.182214
196950	-0.097896
197000	-0.054268
197050	-0.142483
197100	-0.307277
197150	-0.157308
197200	-0.173964
197250	0.368018
197300	-0.030866
197350	0.131693
197400	0.387956
197450	0.139241
197500	0.177630
197550	-0.232989
197600	-0.136705
197650	-0.115731
197700	0.065961
197750	-0.191329
197800	-0.009308
197850	0.164138
197900	0.009222
197950	-0.143410
198000	-0.042546
198050	0.055469
198100	0.173221
198150	0.200707
198200	-0.050132
198250	0.109288
198300	-0.077637
198350	-0.172592
198400	0.085841
198450	-0.176350
198500	0.070080
198550	0.047014
198600	0.053581
198650	0.129147
198700	-0.198839
198750	-0.106314
198800	0.105734
198850	-0.062335
198900	0.001744
198950	0.027139
199000	0.118650
199050	-0.083605
199100	-0.228885
199150	-0.104152
199200	0.176265
199250	0.153202
199300	-0.147417
199350	0.076281
199400	-0.076904
199450	-0.125060
199500	-0.358054
199550	0.028504
199600	-0.187725
199650	-0.106244
199700	-0.098362
199750	-0.277522
199800	-0.039995
199850	0.035018
199900	0.104677
199950	-0.026714
