1.326523
0.796783
0.685728
0.443188
0.327886
0.269065
0.136045
0.195607
0.202094
0.090282
0.058835
0.062153
0.186649
0.155692
0.085239
0.090013
0.184662
0.150052
0.103883
0.139396
0.058717
0.126144
0.143272
0.019246
-0.004475
0.051984
-0.039539
0.014437
0.056740
0.082435
0.157527
0.077423
0.010827
0.110363
0.053533
0.014372
0.083031
0.074681
0.029190
0.056239
0.051529
0.021245
0.053791
0.040736
0.097183
0.033807
0.047772
0.045042
0.020300
0.086893
0.124617
0.028223
0.042869
-0.005874
0.059174
0.006414
-0.068036
0.000329
-0.045731
0.061746
0.128365
0.102394
0.096839
0.055080
0.022915
0.133416
0.014177
-0.028589
-0.022495
-0.029805
-0.033915
0.014226
0.000742
0.012518
-0.025044
-0.014399
-0.035758
0.012161
-0.051207
-0.027388
0.029022
0.042860
-0.110627
-0.107461
0.021250
0.043864
0.105018
-0.047568
0.092702
0.094042
0.014182
0.003875
-0.013417
0.015902
0.046872
0.054534
0.009257
0.044188
0.110177
0.015233
0.129764
0.066321
0.041291
0.112892
-0.008377
-0.011908
0.145616
0.138485
0.125218
0.045639
0.089851
0.058751
0.067437
-0.015788
0.073268
0.117883
-0.003358
-0.025851
0.072732
0.057862
0.007894
0.014479
0.028354
-0.056667
0.030553
-0.009425
0.070457
0.033963
0.037821
0.003057
0.039688
0.053851
-0.070295
0.002848
-0.010378
-0.045376
0.064515
0.025569
-0.038342
0.033031
0.065528
0.049294
0.049762
0.084295
0.110881
0.064719
0.042228
0.033035
-0.025242
-0.000692
0.010607
0.153885
0.125188
0.028534
0.019398
-0.013876
0.041082
0.068788
0.033411
0.075600
-0.022833
-0.046920
0.034566
-0.049397
0.024279
0.015547
0.067811
0.092301
0.032647
0.020610
0.077513
0.039722
0.040568
0.034491
0.065893
0.105629
0.087385
0.020700
0.069793
-0.023585
0.024684
-0.027824
-0.013550
0.007206
0.001192
-0.010981
-0.081297
0.014044
0.097428
0.019130
0.023044
0.050602
0.005153
0.057238
0.042876
-0.074914
0.013841
-0.016646
0.032349
0.109635
-0.016610
-0.074382
-0.035163
-0.000329
0.080540
0.002492
-0.021524
-0.003415
0.018821
0.004816
-0.000716
0.097813
0.108589
-0.006273
0.011545
0.030050
0.083258
0.010261
-0.060333
0.034372
-0.016429
-0.034962
0.056862
0.031612
-0.009189
0.006475
0.132179
0.055213
0.043730
0.111772
0.065585
0.009913
0.046342
0.114328
-0.009623
-0.085559
0.091538
0.106925
-0.015734
0.036184
-0.001485
-0.059248
0.004773
0.029512
0.093664
-0.057654
-0.012983
-0.054871
-0.021441
0.029043
-0.075448
0.071386
0.006859
0.049911
0.090730
-0.007982
0.133634
0.046741
0.029800
-0.069289
-0.013088
-0.042451
0.009474
0.029148
-0.040064
0.076294
0.023074
-0.024267
-0.063204
-0.021635
0.032351
0.064672
0.027223
-0.023199
0.085628
0.055996
0.015422
-0.011775
0.060557
0.061376
-0.003574
0.063336
0.052009
0.046170
0.099659
0.046223
0.029019
0.180461
0.096211
0.074905
-0.023080
-0.045473
-0.050524
-0.051695
0.088753
-0.019673
-0.107749
0.017528
-0.022090
-0.010027
-0.023070
-0.033913
0.051619
0.002301
0.004036
0.073833
-0.097537
-0.025551
0.010106
0.005075
0.112804
0.064153
0.107862
0.029026
0.052973
0.117267
0.032420
0.018537
0.011076
0.049248
0.067881
0.011285
0.091344
0.032012
0.005508
0.022692
0.018711
0.048562
0.066029
-0.044817
0.021405
0.072328
0.003385
-0.035495
0.006507
0.039870
0.053688
0.128196
0.084337
-0.009452
0.065294
0.082879
0.052265
-0.085149
0.023305
0.019527
-0.008587
-0.014533
-0.088325
0.021377
0.001360
-0.021347
-0.017767
0.005060
0.091304
0.024770
0.084352
-0.025617
-0.038040
0.022729
0.000766
-0.018770
-0.000835
-0.032332
0.032038
0.076336
-0.000756
0.003500
0.076757
0.038727
0.136050
0.072375
0.042699
0.148869
-0.032985
0.095510
-0.021579
-0.044940
-0.015441
0.009274
0.033069
-0.024998
0.012059
-0.108979
-0.099634
0.044687
0.137039
0.036065
0.018376
0.048688
0.020364
-0.025925
-0.069613
-0.028132
-0.013119
0.043591
-0.013940
-0.011644
0.044305
-0.005906
-0.008462
0.054568
-0.048975
0.032228
0.064839
0.012867
0.139347
0.071893
0.095957
-0.057812
0.029982
0.066424
-0.019340
-0.090944
-0.030572
-0.025060
0.054293
0.056395
0.014396
0.043957
0.036375
-0.103923
0.065474
0.014316
-0.049175
-0.020308
-0.087642
-0.012108
0.052171
-0.095148
-0.012237
0.035089
0.005645
0.029423
0.035162
-0.056417
-0.032640
0.030049
-0.020921
-0.032861
-0.019977
-0.042885
0.010638
0.076218
0.065783
0.084292
0.036022
0.092287
0.068721
0.033727
0.109021
0.088119
0.010146
-0.096282
0.000522
0.078337
0.065873
0.041642
0.032012
0.046229
0.067845
0.035344
0.049232
0.038171
-0.001669
0.018965
0.098889
0.092711
0.090525
-0.023797
0.100400
0.086861
-0.010171
0.050406
0.045176
0.040334
0.108805
0.030724
0.002180
0.035789
0.008285
0.009388
-0.025800
0.018781
0.015883
-0.043052
0.065613
0.022698
0.008304
-0.020160
0.022821
0.053344
0.052360
0.078013
0.075997
0.063854
0.010301
0.065320
0.102510
0.026861
0.032291
0.007222
0.020948
-0.042582
0.053850
0.039332
0.067593
0.032863
0.037990
0.106395
0.137618
0.047701
0.069150
-0.014478
0.073471
0.063037
0.117269
0.009217
0.045381
0.075594
0.022173
0.080472
0.053341
0.054005
0.011899
0.048191
0.032520
0.013770
-0.029668
-0.017857
0.032213
0.022740
0.024304
-0.058667
-0.086292
-0.085933
-0.024420
-0.007077
0.000038
0.010330
-0.079652
0.013924
0.052757
0.023820
-0.041859
0.028959
0.101577
0.012713
0.073681
0.019933
-0.003769
-0.005441
0.055100
0.014575
0.096951
0.087034
-0.063434
-0.034734
-0.042407
-0.041308
0.038603
0.081147
0.068266
-0.000133
0.039494
0.108993
0.056516
0.029861
0.047393
-0.012005
-0.021474
-0.047030
-0.050771
-0.015387
0.028300
-0.047152
-0.062838
0.011816
0.010985
0.043720
-0.000756
-0.074350
-0.048498
0.044838
0.012886
-0.011931
0.103361
0.054323
-0.041336
-0.070200
0.023109
0.151765
0.124092
0.043081
-0.036130
0.095729
0.110501
0.020225
0.006459
0.065871
-0.004762
0.130922
0.141911
-0.029222
-0.020488
0.107265
0.105993
0.084538
0.003436
-0.013938
0.011852
0.040577
0.052346
0.050359
0.100635
0.058973
0.034794
0.007713
-0.041010
-0.112852
0.000814
0.001538
-0.067942
-0.033560
0.071612
0.040716
-0.011362
-0.033772
-0.032712
-0.001530
0.007998
-0.009590
0.068717
0.011229
0.049137
0.040161
-0.111191
-0.007228
-0.035627
-0.036049
0.148475
0.064516
-0.026201
0.032963
-0.014087
-0.021322
0.095008
-0.051387
-0.067449
-0.019366
-0.021112
-0.002855
-0.005605
0.104620
0.079187
0.103335
0.050298
-0.029148
0.027108
0.057649
0.022453
0.097373
0.053811
0.099537
0.113328
0.059488
0.001725
0.059961
0.149982
0.123270
0.089610
0.116627
0.083095
0.071228
0.036163
0.046055
0.005134
0.010864
-0.002318
-0.041773
0.038721
-0.012737
0.014798
0.052525
-0.005879
0.032401
0.070141
-0.022978
0.066029
0.086277
-0.054807
0.036611
0.001515
0.022704
0.019038
0.081559
0.007742
0.015881
0.069189
0.001716
-0.027265
-0.066007
0.057797
-0.090257
0.005794
0.016407
-0.035032
0.015395
-0.003107
0.027655
-0.013413
0.058622
-0.029071
0.006034
0.055976
0.026096
0.065481
0.120916
0.111988
0.013744
0.023359
0.072564
0.049474
0.058369
-0.029825
0.054776
0.019540
0.058777
0.032992
-0.007064
-0.011781
0.004370
0.004826
0.077743
0.059911
0.032984
0.052391
-0.017764
-0.027311
-0.039819
-0.031758
-0.061652
-0.086969
-0.052161
-0.158662
-0.116819
-0.058499
-0.048962
-0.113869
-0.009602
-0.129260
-0.116663
-0.040440
-0.055802
0.003307
0.077704
0.058590
0.167068
0.045789
-0.036798
0.123010
0.014978
-0.021337
-0.054662
-0.000035
0.088094
0.071936
0.137391
0.078831
0.057571
0.048885
-0.001770
-0.027716
-0.045118
0.016917
0.035305
0.088117
0.030335
0.039726
0.045547
0.082805
0.139047
0.035166
0.002855
0.009657
-0.090259
-0.050121
-0.003480
0.004470
0.024936
0.017230
0.061304
0.008124
0.006311
0.081598
-0.032216
0.051521
0.065059
0.053627
0.080453
-0.067207
-0.048002
-0.048058
-0.034249
0.032318
-0.006118
-0.015895
-0.020981
0.024396
0.065914
-0.003110
-0.002809
-0.004791
0.062073
0.004095
0.030479
0.036964
0.060893
-0.056087
-0.095157
-0.063398
-0.136784
-0.122232
-0.029952
-0.008944
0.002559
-0.037567
-0.051618
-0.025460
0.012854
-0.009800
-0.029938
-0.119154
-0.029395
-0.027024
-0.001037
0.032882
0.064799
0.062343
0.047041
0.025128
0.002328
0.083101
0.020893
-0.018589
0.035761
-0.007669
0.003565
-0.055624
-0.042088
-0.029115
0.024819
0.060767
-0.123451
-0.027913
-0.057146
-0.061044
-0.036455
0.016173
0.014538
0.045768
0.101785
0.109662
0.131069
0.057982
0.042620
0.054349
0.050814
0.044751
0.063505
-0.001379
0.046046
0.028853
0.056606
0.052975
0.005010
0.002547
-0.000517
-0.029562
-0.001968
0.013574
0.000401
-0.045703
-0.047142
0.037051
0.024386
0.040071
0.025124
-0.044549
-0.007342
-0.052367
-0.066645
-0.079575
-0.037809
0.020677
-0.014453
0.071657
0.030559
0.045549
0.018173
0.009832
0.010375
0.011605
-0.007030
0.013664
0.081339
0.001932
0.016085
0.021375
0.102593
0.085536
0.083512
0.054433
0.030475
0.079126
0.019658
0.032942
0.050687
0.060584
0.035042
0.005396
-0.007271
0.030310
0.102391
0.053255
0.057248
0.028103
0.019723
-0.049908
0.079532
-0.002718
-0.027151
0.058729
-0.053702
0.061804
0.056788
-0.013319
0.004438
0.013819
-0.037977
-0.024588
0.020324
0.054025
0.050821
0.012720
-0.004950
0.031946
-0.042570
-0.046248
-0.013821
-0.013439
0.014358
-0.060288
-0.062553
-0.009713
-0.099044
-0.039374
-0.017208
0.014635
0.006872
0.004083
0.101254
-0.017046
-0.024547
0.022963
-0.024067
0.001865
-0.002937
-0.053530
0.086527
0.037685
-0.038394
-0.024609
-0.011988
0.053218
0.047629
-0.001964
-0.036996
0.026684
-0.032499
-0.043780
-0.043950
-0.069769
-0.036644
-0.080648
0.012267
-0.063702
-0.089757
-0.048192
0.012834
-0.004173
-0.062353
0.049229
-0.019247
0.003508
0.062210
0.003890
0.022863
0.016878
0.080252
0.013519
-0.016190
0.040828
-0.041762
-0.029720
-0.091759
0.002315
-0.040801
-0.101506
0.008110
0.093161
0.059851
-0.004460
-0.007556
0.046223
-0.047043
0.012119
0.019987
-0.028262
-0.013261
0.055023
-0.065487
-0.060511
0.034823
0.007861
0.001922
0.000266
0.053989
0.010689
0.025953
0.042783
0.003799
0.006710
0.026247
-0.028470
0.063219
-0.042178
-0.069082
0.010785
0.005361
0.001426
-0.023993
0.036390
0.001498
0.043630
0.084243
0.065581
0.093933
0.150255
0.051658
0.095643
0.012223
0.014744
0.003652
-0.020885
-0.024962
-0.073315
-0.005482
-0.057571
0.007820
0.080366
0.006564
0.066087
-0.004923
0.038087
0.047945
0.092100
0.032926
-0.038114
0.031640
0.010592
-0.003358
0.005076
-0.002298
-0.035308
0.025116
-0.084607
-0.003345
-0.061942
-0.085543
0.058049
-0.054257
-0.019379
-0.002848
-0.034282
0.031967
-0.011936
-0.010584
0.007732
-0.038794
0.009145
-0.026865
-0.017652
0.015130
-0.022529
-0.031639
-0.001969
0.007114
-0.010825
0.014221
0.016877
0.053109
-0.003021
0.028390
-0.002658
0.006856
-0.011188
-0.018470
-0.018508
-0.018934
-0.007218
0.087081
-0.016900
0.093279
0.046533
-0.031574
0.058620
-0.001789
0.016864
0.025739
0.046382
0.118024
0.023508
0.020571
0.057856
0.093151
0.020631
0.014569
0.044603
0.000932
-0.011288
-0.016490
0.008674
-0.034480
-0.000097
0.049278
0.046326
-0.008310
-0.045323
0.089836
0.025552
-0.035420
0.024952
0.097561
-0.021184
0.009165
-0.004341
0.013243
0.003922
0.000360
-0.049214
-0.048269
-0.014646
-0.049656
-0.045565
0.050532
0.024277
-0.023310
-0.006258
0.019212
-0.022722
0.074482
0.093538
0.056153
0.053213
0.035161
0.070463
0.027710
-0.022814
0.030439
0.072380
0.017505
-0.001018
0.049800
0.078370
-0.059661
-0.021565
0.012479
-0.011701
-0.073682
0.002983
-0.016953
-0.071474
-0.007316
-0.034367
-0.029429
-0.072147
-0.086720
0.000636
-0.022748
0.063746
0.000175
0.022110
0.013848
0.069119
0.060278
0.027524
-0.069609
0.017721
0.042350
-0.043999
-0.147784
0.013151
0.019963
0.029072
-0.015611
-0.022522
-0.031947
-0.021393
-0.012981
0.017584
-0.023417
0.134988
0.000109
-0.104193
-0.080998
-0.052047
0.073373
0.009343
-0.048632
-0.025126
0.012341
-0.022499
0.089637
0.096795
-0.037355
0.012192
-0.036860
-0.007553
0.030301
0.068364
0.000297
-0.002458
0.058358
-0.077724
-0.078513
-0.020918
-0.073042
-0.027377
0.060525
0.053383
0.134302
0.075530
0.013908
0.073951
0.004698
-0.020089
-0.021688
-0.041010
-0.079404
-0.123696
-0.036633
-0.014143
0.044482
0.089322
-0.049806
-0.017794
0.050499
0.009435
0.045543
0.073465
0.003553
0.011959
0.014241
0.053528
0.002361
-0.022742
-0.048066
-0.076291
-0.003853
-0.027532
0.059877
0.036865
-0.030227
0.023888
-0.004192
-0.075248
0.040449
0.037895
0.009139
-0.033726
0.022081
0.057402
0.076348
0.049224
0.144959
0.074881
0.048072
-0.001708
-0.013714
-0.092630
-0.029429
-0.061844
-0.054233
0.045959
-0.004578
-0.063231
-0.074591
-0.117855
-0.070730
-0.045586
-0.011847
0.030627
-0.025521
0.017426
-0.008827
0.064387
0.056694
0.076615
0.000970
-0.024681
0.017549
0.015735
-0.003983
0.041690
0.019596
-0.016729
0.113933
0.028701
-0.051810
0.061693
-0.024780
0.025962
0.020309
0.044114
-0.025272
-0.116673
-0.070049
-0.078973
-0.067288
-0.038802
0.011924
0.029729
-0.011534
-0.012490
0.014688
0.057138
-0.029480
0.022698
0.064134
-0.087719
-0.045265
-0.016944
0.020224
-0.014636
-0.058243
-0.073818
0.007255
-0.012025
-0.033222
0.125818
0.003125
0.064535
0.045601
-0.058787
0.117201
0.053341
0.011631
0.075171
0.038770
0.010980
-0.002049
0.066390
0.080303
0.013291
0.076143
0.048370
-0.030608
-0.051365
0.008982
0.104339
0.068512
0.102027
0.004592
-0.090323
-0.069001
-0.053591
-0.041252
0.035780
0.093392
-0.012320
0.002142
-0.024213
-0.063645
0.018520
-0.039974
0.017645
-0.094551
0.017196
-0.080979
-0.087407
0.011592
0.002642
0.080737
0.030097
0.049011
-0.013528
0.010753
-0.029297
-0.065742
0.061753
0.005993
0.097231
-0.061753
0.021634
0.012789
0.007776
-0.063523
-0.077014
0.004506
-0.095203
-0.043437
-0.026511
0.009223
0.000248
-0.039516
0.040900
0.061822
0.034089
0.082055
0.047366
-0.029701
0.048411
0.006152
-0.012762
-0.047615
0.005856
0.046451
-0.059374
-0.084358
-0.025633
-0.031440
0.027407
0.026041
-0.064202
-0.002563
-0.014051
0.099027
0.001913
0.057639
0.065455
0.028564
0.042087
-0.085609
-0.055144
0.081356
0.049532
0.102060
0.018466
0.005805
-0.000464
0.007900
0.012026
0.037521
-0.002252
0.002776
0.012959
0.066219
0.004220
-0.019077
0.060081
0.062104
-0.028365
-0.017354
-0.028692
-0.042760
-0.088060
-0.046097
-0.039792
0.011003
-0.016704
-0.060421
-0.031271
0.016061
-0.021653
-0.008084
-0.035963
-0.050074
0.016017
0.026567
0.054029
0.112432
0.058988
-0.043571
0.089175
-0.025261
0.124673
0.076958
-0.025356
0.055636
0.025935
-0.022414
0.043571
0.096008
-0.017867
-0.004719
-0.015606
0.068460
0.082276
0.060608
-0.072105
-0.080557
-0.008176
-0.081646
0.026046
-0.032700
0.001089
0.048225
-0.071011
0.116102
-0.003023
-0.022127
-0.001911
0.008433
-0.010954
-0.005933
0.029242
-0.006924
0.064202
0.056082
-0.009778
0.021951
0.099198
-0.016583
0.026930
0.056307
0.082440
0.052490
-0.038414
0.066175
-0.032252
0.001150
0.086915
0.007023
0.090404
0.056053
0.004121
0.006838
-0.006886
-0.002593
-0.002449
0.064007
0.077442
-0.074698
-0.107750
-0.053531
0.056242
0.016586
-0.100685
0.045693
0.007125
-0.021767
0.002900
0.004880
-0.020971
0.025071
0.083020
0.037167
0.013181
-0.015190
0.012837
0.024578
-0.061960
0.020017
0.002086
-0.039427
0.030448
0.035567
0.040022
-0.005281
-0.021793
0.026727
0.019683
0.022767
0.093201
0.076262
0.052939
-0.017786
0.022729
0.109549
0.033367
0.052869
0.066690
0.034411
0.135951
0.153603
-0.019031
0.027125
0.050061
-0.031757
0.034197
0.053244
-0.000617
0.052968
0.023886
-0.079438
-0.079643
0.031021
-0.038237
0.015314
0.064213
0.006571
-0.085279
-0.005598
0.072691
0.014685
0.045629
0.002853
0.005455
-0.086201
-0.049304
-0.026236
0.006237
-0.015213
-0.017328
-0.071127
-0.047644
-0.012988
0.083812
0.045643
-0.023796
0.072409
0.116809
0.086025
0.037659
0.030148
0.030923
0.053753
0.109212
0.036646
0.115080
0.073261
0.053078
-0.002394
-0.005775
-0.002067
-0.116911
-0.116989
-0.080140
0.050544
-0.040899
-0.044125
-0.035089
-0.027867
0.026423
0.026481
-0.008270
-0.011766
-0.021006
-0.083333
-0.009173
0.047841
-0.000914
0.031118
0.057753
0.070082
0.013142
0.047348
0.112111
0.031130
-0.032128
0.029440
-0.002718
0.016723
0.020941
-0.003007
0.059636
-0.030189
-0.059973
-0.013541
-0.053986
-0.001963
-0.003631
0.031396
-0.016111
-0.032257
0.026502
-0.038141
-0.019829
-0.019213
-0.005309
0.058606
0.052105
-0.004864
0.098260
0.097605
-0.023532
0.106982
0.032532
0.083161
0.069868
-0.012931
0.091850
0.031868
-0.001103
0.053915
0.055672
-0.028528
0.080736
-0.029955
-0.049561
-0.026043
-0.089851
0.098521
-0.005610
-0.018684
-0.008099
-0.012621
-0.011604
-0.011386
-0.012583
0.027508
0.097353
-0.002694
-0.036141
0.124565
0.054031
0.000763
-0.021990
-0.021410
0.071352
0.089411
-0.040578
-0.051306
-0.068832
-0.004834
-0.038270
-0.018436
-0.017072
0.063951
0.109955
-0.007661
-0.024289
-0.003942
-0.017559
0.007291
-0.008223
0.012272
-0.047745
-0.016436
-0.031452
-0.088085
-0.005311
-0.037593
-0.013546
0.069077
-0.029646
-0.040780
0.107899
0.063794
-0.004541
0.104308
0.073811
0.037226
0.017855
0.006293
0.068176
0.086428
0.014448
-0.010141
-0.037219
0.052476
0.077711
-0.073274
-0.080055
0.019088
-0.087199
-0.043468
-0.019854
0.046096
0.067315
0.013579
-0.037227
0.031960
-0.044481
0.043310
0.050057
0.004572
-0.006809
-0.033347
-0.040024
0.020772
0.037765
-0.011423
-0.058029
-0.049811
-0.045663
-0.106620
0.013611
0.056510
0.020206
0.005632
0.011774
-0.051148
-0.017472
-0.024732
-0.000884
0.069208
-0.044351
-0.017127
-0.008381
0.016253
0.021815
0.010407
-0.007700
-0.071534
-0.005639
-0.016506
-0.120302
-0.109688
0.041654
0.026078
0.009761
-0.022486
-0.023008
0.014790
-0.016561
-0.050539
0.022295
-0.035444
0.005650
0.030256
-0.086990
-0.145248
-0.068378
-0.030679
-0.001150
0.093946
-0.085618
-0.101342
0.019573
0.015156
-0.058915
-0.005023
0.029932
0.009031
-0.034726
-0.052914
0.020814
0.010260
-0.017616
0.034354
-0.013245
0.087233
0.072132
0.080901
0.043641
-0.057423
0.007903
0.031471
0.036120
-0.061291
-0.044544
0.063133
-0.058072
0.019699
0.037262
0.026198
0.063209
0.073831
0.036949
-0.071053
-0.058155
-0.024844
-0.019103
0.045242
-0.061293
-0.084713
-0.060743
-0.035603
0.043371
-0.074702
-0.014174
-0.017227
-0.129765
-0.067683
0.019752
-0.103258
0.003857
0.006858
0.048883
-0.032623
-0.026186
0.006336
-0.003291
0.082677
0.041048
0.025816
0.031155
-0.015004
0.048599
0.040881
-0.029329
0.008873
0.089149
0.099915
0.069064
-0.019704
0.024132
-0.087232
-0.010701
-0.008435
-0.030795
-0.006657
-0.030430
-0.067951
0.088844
0.078702
-0.001289
-0.021568
0.065055
-0.062329
-0.024128
0.016084
-0.040465
-0.017512
-0.067540
-0.082227
-0.017024
-0.033418
0.094727
-0.020268
-0.038114
0.097602
0.015888
0.017868
0.067606
0.026919
0.023450
0.075179
0.028316
-0.013382
0.034630
-0.025278
-0.005093
-0.005950
-0.019097
0.120125
0.002326
-0.019188
-0.016640
0.042884
-0.018471
0.007687
0.104004
0.009915
0.000726
-0.053170
0.030296
0.077254
0.012889
0.026593
0.040413
0.018040
-0.014484
-0.003178
-0.013229
-0.076435
-0.031441
-0.048316
0.039159
-0.072332
-0.097603
0.042851
-0.000490
-0.018576
-0.009009
-0.007523
0.022320
-0.015900
0.093476
0.020676
0.007872
0.038727
-0.015293
-0.025485
-0.079662
-0.137593
-0.080109
0.027568
0.049601
0.024166
0.004460
-0.000524
0.105831
-0.032973
-0.035539
0.059941
-0.030268
0.004980
0.000773
-0.079667
-0.064014
-0.036459
-0.009275
0.040782
0.038801
0.041644
-0.008059
-0.002771
0.054894
0.088816
0.080103
0.065477
0.075749
0.046393
-0.028507
0.054327
0.012918
0.102425
0.107042
0.012391
0.014740
-0.044637
0.013287
0.097736
0.008718
0.010183
0.036514
0.024300
-0.010982
-0.002910
-0.006629
0.039352
0.007515
0.004442
0.009107
-0.001115
0.054027
0.038376
0.061541
-0.077691
0.007231
-0.024114
-0.048253
0.031918
0.084801
-0.003184
-0.045747
-0.036150
-0.025058
-0.039889
-0.018672
0.046622
-0.006160
0.001518
-0.037423
0.077374
0.077013
0.110336
0.048330
0.121835
0.042722
-0.016706
0.020996
-0.017271
-0.062370
-0.080161
-0.066655
-0.071650
-0.003889
-0.006321
0.010228
0.038773
-0.034976
-0.019627
-0.074877
0.021861
0.115562
0.019842
0.021103
0.055348
-0.041668
0.003370
0.002520
0.020805
0.022553
0.076538
0.044593
0.087443
0.027442
0.025881
0.068584
0.014199
0.045442
0.091474
-0.006611
0.042839
0.060896
0.020750
0.054656
-0.002201
-0.004684
0.039185
0.057978
-0.030214
-0.046418
0.049282
0.042252
0.026579
0.061477
0.050334
-0.012456
-0.014923
0.036810
-0.006608
-0.021343
0.000774
0.022983
0.017725
-0.017829
0.015954
-0.020176
-0.035141
0.010595
-0.059006
-0.096119
0.065058
0.099246
0.093112
0.089795
0.016383
0.059973
0.082345
-0.056795
-0.016397
-0.002938
-0.007644
-0.000903
-0.074572
-0.017737
0.036951
0.024903
-0.053881
0.081159
-0.047962
0.040227
0.034957
0.024713
0.118369
0.041375
-0.023886
-0.029014
0.018558
0.007159
-0.015094
0.045789
0.074200
0.011849
-0.080086
0.005555
-0.004499
-0.052831
-0.034637
-0.030368
0.016836
-0.017010
-0.001266
-0.002776
0.000508
-0.014626
0.006760
0.044747
0.026159
-0.028550
0.070685
0.071901
0.070973
0.093994
0.082916
0.109924
0.009325
-0.027305
0.040818
0.068672
0.030950
0.005403
-0.038092
0.031792
-0.000409
0.026160
-0.014682
0.018689
0.019761
0.055034
0.006926
0.006591
0.110295
0.039279
0.066819
0.083132
0.089251
-0.006708
-0.011566
0.121165
0.003185
-0.060353
0.002898
0.016205
0.009061
0.048711
0.032426
-0.062203
-0.004375
0.001855
0.004385
0.070914
-0.014825
0.027503
0.031842
0.032125
0.034798
-0.022036
0.025517
-0.005948
-0.016566
-0.045424
-0.027204
-0.033222
0.012721
0.003264
0.015383
-0.022180
-0.026807
-0.001075
-0.064900
0.064175
0.015614
0.040105
0.035400
0.096018
0.033591
-0.023060
0.032744
0.016621
0.028549
0.084588
0.026935
0.004303
0.016848
0.027643
0.034254
-0.024702
0.024290
0.047278
0.018419
0.113483
0.114135
0.046856
0.130279
0.047067
0.041536
0.001390
0.024249
0.004731
0.050837
-0.037657
0.001797
-0.019747
0.033155
0.063548
-0.048430
0.009910
-0.030941
0.081105
0.053156
-0.080563
-0.002270
-0.047933
-0.045241
0.049579
0.009179
-0.069816
-0.029713
0.022001
0.011231
-0.000936
-0.031776
0.030421
0.026096
0.031769
0.020717
-0.004116
0.011009
0.035012
0.016912
-0.025464
0.002370
0.044019
0.072119
0.048653
-0.011569
0.047177
0.065419
0.043742
-0.048026
-0.030703
0.083344
0.063324
0.019692
0.044529
0.016990
0.128973
0.016538
0.117374
0.158864
-0.053863
0.052399
0.039482
-0.060809
-0.038811
-0.035986
-0.057294
-0.071702
-0.007820
-0.094911
-0.037199
-0.109832
-0.005746
0.006190
-0.044465
-0.078081
-0.058048
0.063551
-0.038931
-0.075676
-0.028281
-0.051141
0.082395
0.059930
0.054119
-0.060829
-0.070960
-0.036297
-0.025610
-0.096702
-0.047830
-0.028104
-0.038667
-0.085240
-0.061270
0.001084
-0.000320
-0.055245
-0.009186
-0.015836
-0.112309
-0.072687
0.018241
0.035626
-0.004199
0.050521
0.076735
-0.049185
0.078793
0.052063
0.049735
0.040883
0.078401
-0.005005
-0.012338
-0.004724
-0.047253
0.041219
0.084717
-0.071440
-0.071710
-0.059317
-0.010840
0.049846
0.106813
0.023654
-0.015902
0.027611
-0.027910
0.038536
-0.014445
-0.079463
0.076032
0.013342
-0.024549
0.063196
0.011634
0.081157
0.050775
0.006465
0.030300
0.067696
0.053900
-0.005750
0.054929
-0.043297
0.021205
0.031273
-0.082801
-0.043333
0.033405
0.006489
-0.034764
-0.033301
-0.077535
-0.022056
0.021473
0.033950
0.004412
0.065575
0.056867
0.056721
-0.013311
0.012309
0.104758
0.038005
-0.004505
-0.035467
0.080191
0.019757
0.016921
0.000631
0.064386
0.067106
-0.066054
-0.041731
-0.058180
-0.041251
0.025980
-0.048745
0.008036
0.196712
0.009912
-0.002627
-0.047440
-0.071870
0.009651
0.007278
0.099873
0.124636
0.050726
-0.051377
-0.004024
-0.009553
0.017080
0.093140
-0.085115
-0.044687
-0.048455
-0.060678
0.021595
-0.005774
0.091815
0.080542
0.096709
0.010211
0.058310
0.108624
0.071266
0.053268
-0.068268
-0.019212
0.003271
-0.076347
0.034473
0.034704
0.047929
0.046582
0.104618
0.028338
-0.017036
-0.074317
0.011019
0.011241
-0.057028
0.018009
0.042194
-0.050445
0.034711
0.025723
-0.000620
-0.013553
0.005364
0.012843
0.016339
0.003357
-0.027175
-0.021162
0.005195
-0.036015
0.001507
-0.010229
0.018199
-0.056204
-0.046485
-0.036105
-0.036384
-0.020760
-0.012673
-0.076277
-0.072216
0.062384
0.061513
0.054659
0.037474
0.065596
0.049022
0.062417
0.021630
-0.047837
-0.070584
-0.044877
-0.004309
-0.046662
0.028404
0.041229
0.057181
0.074020
0.083088
0.109054
0.058008
0.036158
0.077866
-0.066472
-0.040366
0.062233
0.043856
0.020295
0.027720
0.088967
0.119309
0.059089
0.031627
0.090233
0.117905
0.064863
0.014475
0.041838
0.066408
-0.009506
0.010033
-0.047937
0.088780
0.092008
0.042077
0.003807
0.026396
-0.002944
0.032967
0.015399
0.027155
0.061185
0.044784
0.024794
0.040126
0.080724
0.076860
0.102818
0.027719
0.039934
0.059463
0.004282
0.148611
0.037141
0.027364
0.015878
0.044936
0.021548
-0.007286
0.022586
0.023799
-0.006718
-0.088250
-0.015812
0.053081
0.028482
-0.001202
0.164173
0.115049
0.102428
0.112472
0.077674
0.020589
-0.083034
0.032994
0.034251
-0.007542
0.008879
-0.089464
-0.011336
-0.031730
-0.006293
0.087829
0.052942
-0.007239
-0.041615
-0.008465
0.043543
0.077966
-0.041795
0.020424
0.073507
-0.026526
0.079327
0.038191
-0.010932
0.013697
0.007551
-0.012229
-0.114887
0.009463
-0.048964
0.004957
0.037655
0.011034
-0.060413
0.025726
-0.054690
-0.009742
0.053415
0.034718
0.041984
-0.015229
-0.009925
0.050023
0.047507
-0.048116
0.051819
0.008922
-0.001210
0.081749
0.038730
-0.028686
0.029683
0.074799
0.044208
0.004940
0.019435
0.016359
0.127256
-0.073081
-0.060939
0.001896
-0.109801
0.057669
0.078760
-0.002615
0.041402
0.023377
0.033056
0.082319
-0.030664
0.012176
0.033754
-0.008271
-0.063224
-0.063338
-0.047626
-0.024739
-0.061035
-0.012384
-0.011569
-0.011267
0.115735
0.165638
0.030561
0.067199
0.063228
-0.022688
-0.031404
0.002056
-0.008169
0.018674
0.066178
0.021423
-0.005475
0.028085
0.057304
0.000480
0.032124
0.014116
-0.004250
0.008118
-0.022376
0.075974
0.008642
-0.026737
-0.070032
-0.082175
-0.055362
0.031341
0.002918
-0.049994
-0.046504
-0.062378
-0.038588
-0.045510
0.044726
-0.043148
0.050616
-0.010009
-0.042926
-0.013117
0.126450
0.088778
-0.018268
0.030501
0.015694
0.045870
0.064026
0.090759
-0.007515
0.030178
-0.020293
0.005001
0.017869
-0.017935
0.119650
0.052466
0.056785
0.094650
0.037485
0.021229
0.005649
0.070264
-0.059694
-0.016658
-0.007363
0.010535
0.045818
0.012803
0.053868
-0.058006
-0.027230
-0.075340
0.024885
0.033391
0.015485
0.013575
0.015402
0.029113
0.039749
-0.063769
0.001072
0.045385
0.010569
-0.074113
0.025582
0.081205
0.070974
0.042867
-0.086186
0.025199
-0.002483
0.048161
-0.027290
0.042842
0.071604
-0.037021
0.028338
0.011413
0.001103
0.010061
0.055741
0.006199
-0.046927
0.020810
-0.025289
-0.082042
-0.033984
-0.050966
0.003892
0.005976
0.002020
-0.027753
-0.066561
-0.075459
-0.090441
-0.150170
-0.107702
0.026212
0.040338
-0.012925
0.031912
0.001583
-0.043165
0.010354
0.013827
-0.057649
-0.148469
-0.020037
-0.113031
-0.010928
0.039773
-0.018719
-0.055043
-0.021550
-0.110347
-0.125062
-0.061429
-0.050340
-0.011557
-0.080355
-0.000899
-0.079037
-0.030068
-0.005932
-0.016930
0.078130
-0.025639
-0.014866
0.018400
-0.012303
0.083841
0.015597
-0.011852
0.068194
0.149647
0.090029
0.001245
0.034176
-0.000557
0.055319
0.014426
0.066851
0.093338
-0.035498
0.013731
0.076223
0.030142
0.028850
0.039911
-0.032474
-0.011084
0.090273
0.008684
-0.048005
0.040249
0.005347
0.000499
-0.036058
-0.007472
-0.039916
-0.051234
0.026171
0.048269
0.043517
0.078626
0.035307
-0.009550
0.042650
0.082788
-0.097264
-0.027178
0.010808
-0.007321
0.021022
0.035764
-0.024498
0.011070
-0.015838
-0.042466
-0.085584
0.026966
0.033781
-0.023518
-0.014516
0.047113
0.034141
-0.048537
-0.104033
-0.021129
-0.069240
-0.047866
0.017637
-0.017057
-0.034648
-0.033768
0.002334
-0.047646
-0.105347
0.001249
0.051554
-0.030991
-0.082109
-0.019920
0.059804
-0.019491
-0.014468
-0.010820
-0.057668
0.026416
-0.013730
-0.020496
0.029584
0.008249
0.024481
-0.002836
0.048615
0.063546
-0.030892
0.011015
-0.033491
-0.067289
0.069857
-0.027797
-0.017285
0.011767
-0.064830
0.059497
0.000617
-0.030050
0.083821
-0.045610
0.056430
0.086705
0.067549
0.071716
-0.017611
0.003034
0.058119
-0.009585
0.029835
0.040133
0.000701
-0.021372
0.002493
-0.003498
-0.014008
0.022388
0.051205
0.010527
0.058844
-0.015827
0.008102
0.056792
-0.003701
0.019136
-0.080486
-0.028842
0.030864
0.037810
-0.087643
0.020205
-0.009277
-0.023067
0.065928
-0.000056
0.060083
0.012991
-0.045701
0.039966
0.074089
-0.005418
-0.025364
0.007045
-0.002563
-0.061002
-0.072683
0.017118
0.056172
-0.035442
-0.045865
-0.093371
-0.015220
0.015645
-0.096423
-0.027838
-0.037773
-0.034065
0.030709
-0.010843
-0.073872
-0.062763
0.005883
-0.008353
0.022979
-0.095258
-0.095540
-0.057549
-0.139322
-0.052343
-0.024605
-0.014590
0.056664
0.075633
0.062159
-0.083731
-0.036770
0.011745
0.023256
-0.042700
-0.022879
-0.065145
-0.029686
0.001980
-0.042359
0.010199
-0.046033
-0.044655
-0.054365
-0.025755
0.033979
-0.005057
0.046509
0.031959
0.088425
0.009214
0.006787
0.081223
-0.020260
-0.012147
0.046518
0.051712
-0.076162
0.058328
-0.020871
-0.008064
-0.034956
0.015652
0.087404
0.065060
0.036162
0.019473
-0.066538
-0.008146
-0.034860
0.005319
0.045122
0.031015
0.005592
-0.016222
0.060010
0.031687
0.038423
0.035744
0.012693
0.012725
-0.012548
-0.106834
-0.081107
-0.055657
-0.015370
-0.015433
-0.034221
-0.015884
-0.046895
-0.019955
0.067945
-0.046950
-0.001932
-0.021700
-0.051524
-0.005921
-0.060671
-0.041903
-0.063199
0.089649
0.038945
-0.013516
0.024893
-0.072142
-0.057344
0.003096
-0.056353
-0.077725
0.078138
-0.028484
0.039624
0.094513
0.041030
0.069753
-0.004119
0.009224
0.076476
0.044668
0.004827
-0.052145
0.054261
-0.011794
-0.037010
0.025794
0.059030
-0.075853
-0.077461
0.050522
0.049544
0.047264
0.006329
0.032940
-0.020872
-0.000501
-0.014124
-0.010471
0.016540
-0.006330
0.035285
-0.017238
0.081375
0.100787
-0.041821
-0.038247
-0.028120
-0.058672
-0.031565
-0.017220
0.005884
-0.046029
-0.040138
0.078940
0.048045
0.022100
-0.063705
0.007278
0.018848
0.002468
0.029752
0.052784
0.005568
0.004341
0.001794
-0.067012
0.005230
-0.073052
-0.115668
0.077910
-0.059416
-0.068385
0.006253
0.001090
-0.016821
0.011808
0.021700
-0.023190
-0.080670
-0.056183
-0.022676
-0.036384
-0.040324
-0.049059
0.011016
0.066362
-0.003431
0.043463
-0.075621
-0.023082
-0.006391
-0.016515
-0.023826
-0.055929
-0.076751
-0.037470
0.034639
0.047381
0.046031
-0.014064
0.026888
-0.018952
0.058953
0.076010
0.042574
0.129335
0.054441
0.018258
-0.026738
-0.012642
0.071521
0.066620
-0.044078
-0.001014
0.032888
0.032109
0.042507
0.019022
0.027991
0.080289
-0.043606
-0.069564
0.042176
0.033045
-0.021727
0.032961
-0.056509
-0.011524
-0.028863
-0.070747
0.010982
0.031084
-0.043249
0.038169
-0.007818
0.021250
0.065271
0.053836
0.001486
0.058655
0.160261
0.055293
0.035512
0.004721
0.030543
-0.028243
0.028988
0.186519
-0.002814
0.042040
0.035547
-0.065245
0.023162
0.008693
-0.027094
-0.064141
0.071699
0.008083
0.044942
-0.005391
0.100955
0.047178
-0.003514
-0.047652
-0.044700
-0.026953
0.020196
0.050302
-0.017420
0.012510
0.074558
0.075067
0.055675
0.007102
-0.033776
-0.025032
0.003483
-0.002504
0.014948
0.019900
0.063971
0.018856
-0.002988
0.024189
0.071073
0.070388
-0.051835
0.005514
-0.037380
0.037452
-0.050845
-0.037519
-0.013323
0.003886
-0.015205
0.049656
0.083029
-0.022127
-0.005957
0.011032
0.016017
-0.004992
-0.022210
-0.094941
-0.031479
-0.002847
0.038557
0.076839
0.000210
-0.024794
-0.035373
-0.026851
0.029592
-0.042611
-0.050501
0.100249
-0.000872
0.060933
-0.010313
0.030778
0.032989
0.080758
-0.005335
-0.070390
0.035253
0.011337
-0.008688
-0.029234
0.020637
-0.003530
0.087952
-0.021611
0.000459
-0.049877
-0.078115
0.068569
-0.098886
-0.010429
0.097795
0.028621
0.104188
0.045196
-0.042718
0.060964
0.025128
0.000775
0.020732
0.006790
0.054972
0.033034
-0.005354
0.030605
0.013283
0.063741
0.070347
-0.010702
0.033187
0.041433
-0.011585
0.037152
-0.006784
-0.015406
0.051352
-0.004667
-0.013093
-0.007723
-0.050645
0.053168
0.068220
-0.019768
-0.018558
-0.040094
0.003160
-0.041520
-0.045563
0.113121
0.029738
0.022349
0.078947
-0.023982
0.031701
0.026084
0.039523
-0.063481
-0.038116
0.060619
-0.016407
0.014947
0.000479
0.011283
0.123312
0.076317
-0.071557
0.025019
0.037620
0.047383
-0.005144
0.037423
0.072637
-0.013798
-0.013055
0.024136
0.030692
0.056078
0.010973
-0.030096
-0.006009
0.003924
0.075903
0.007870
0.062499
0.029049
-0.023870
0.083299
-0.023624
-0.007970
0.006934
0.100157
0.064130
-0.032677
0.052495
-0.014802
-0.042696
0.110505
0.071831
0.035332
-0.006710
-0.079141
-0.014984
-0.039163
-0.041765
-0.092096
-0.060767
-0.021142
-0.003838
0.049837
0.029188
-0.049144
-0.091529
-0.052656
0.036740
0.002702
0.016845
0.022245
-0.006167
0.028317
0.045152
-0.077063
0.029763
0.066310
-0.116164
0.036203
0.053970
0.000415
0.005227
-0.006533
-0.009059
-0.038852
0.054237
-0.040579
-0.071184
-0.035084
-0.089892
0.080124
-0.024789
0.036950
0.037075
-0.005566
0.013203
0.028019
0.140601
0.143538
0.026339
-0.004849
-0.057106
-0.071277
-0.022191
-0.013846
0.003225
0.027670
0.002341
0.035350
0.031429
-0.035766
0.061972
0.124648
-0.008331
0.021845
0.030375
0.056523
0.016409
0.054630
0.063095
0.082696
0.156876
0.058229
-0.008799
0.011052
0.005039
0.010460
-0.027507
-0.070957
-0.046362
0.028096
-0.084239
0.042141
0.098801
-0.037714
0.025589
-0.072170
0.007660
-0.011357
-0.015898
0.033091
0.053057
0.031313
0.017379
-0.006482
-0.049575
0.021209
0.010195
0.018122
0.037263
0.023025
0.008242
0.053249
-0.005555
0.025252
-0.066066
0.030677
0.025587
-0.020084
0.042402
0.058938
0.053091
0.014998
0.003220
-0.029464
-0.056390
-0.029508
-0.027520
0.061464
-0.020789
-0.017760
-0.006451
-0.059175
0.004783
0.047180
0.016722
-0.031657
-0.068484
-0.008170
0.000914
0.034387
0.021743
0.012442
0.038102
0.054278
-0.058738
-0.106867
0.000664
0.040852
0.046190
-0.046293
0.068331
0.025655
-0.082811
0.020662
-0.011471
0.017015
0.021981
0.068854
0.049876
0.018437
0.060258
0.050572
0.061274
-0.028533
-0.032621
0.033076
0.012491
0.075938
0.030415
0.083428
0.030648
-0.069485
-0.089971
-0.105786
-0.059102
-0.063765
-0.100889
0.000262
-0.004164
-0.018287
0.064054
0.032692
0.049481
0.124786
0.000191
-0.002094
0.016016
-0.014234
0.032486
-0.039457
0.070312
0.018370
-0.071128
0.054023
0.054153
-0.069382
0.044509
0.018091
-0.063935
-0.030557
-0.028274
-0.005267
-0.117714
-0.020202
0.060227
-0.109467
-0.077312
-0.014255
-0.090503
0.011054
-0.047840
0.050930
0.089358
-0.041368
0.039806
-0.109877
-0.059557
-0.006274
-0.002826
0.064405
0.005707
0.115795
0.079946
0.030561
0.027833
0.056804
0.013870
-0.001723
0.060177
0.063403
0.017972
-0.028089
0.028889
0.019253
-0.038759
0.014199
0.028932
-0.018858
-0.031163
-0.039740
0.047605
0.017293
-0.057368
-0.000142
0.063463
0.005427
0.069219
0.091866
-0.007768
0.028081
0.020418
0.003397
0.021168
0.004142
0.026628
0.021889
-0.046478
-0.056255
-0.043879
0.026460
-0.046446
0.041720
0.059742
-0.009357
-0.047552
0.004692
0.014787
0.013198
-0.059627
-0.029559
-0.037130
0.028988
-0.005432
0.075085
0.061554
0.034217
0.006666
0.025348
0.080538
0.037066
-0.013867
-0.030949
0.059875
0.097009
0.016615
0.122185
-0.019766
0.088170
-0.045907
-0.064235
0.101638
-0.076747
-0.094504
-0.009798
0.073781
0.015424
0.012120
0.059648
0.044470
0.015675
0.021469
-0.039794
-0.004404
-0.027077
0.009002
0.005022
-0.056472
0.016170
-0.051482
-0.016034
0.026883
-0.071510
-0.119662
-0.022048
-0.023819
-0.025397
0.047763
-0.011668
0.038778
-0.080208
-0.079430
0.004707
-0.104941
-0.037117
0.028298
-0.047707
-0.039241
-0.117224
0.072018
0.040952
0.030103
-0.002255
-0.013619
-0.013733
-0.072136
-0.035860
-0.009931
0.000525
-0.005437
0.044808
-0.035882
-0.027030
-0.031294
-0.138886
0.005699
0.051770
-0.016708
0.061820
0.079129
-0.001368
0.056230
0.063706
0.026011
-0.022819
0.000188
-0.020405
-0.039351
-0.058382
0.016026
0.047955
-0.065319
-0.020772
0.044835
-0.053927
-0.009662
0.050568
0.077340
0.016890
0.005290
0.084219
-0.013067
0.100351
0.057056
0.026584
0.082489
-0.050969
-0.012528
-0.104482
-0.000401
0.094802
0.037095
0.028995
0.054074
0.095632
0.050726
0.082905
0.011589
-0.018917
0.006760
-0.003592
-0.019177
-0.013419
0.009449
0.011405
-0.016256
0.037497
0.060885
0.027135
0.013088
-0.009101
-0.021769
-0.080059
-0.032083
0.011084
-0.020529
-0.013634
0.084595
0.001867
-0.000839
-0.037527
-0.005799
0.032266
-0.071120
-0.053046
-0.010078
0.074446
0.093256
0.043331
-0.037299
-0.042952
0.038745
0.011805
0.042713
0.052977
-0.060120
-0.061363
-0.010345
-0.035064
-0.031484
0.040334
0.053872
0.044910
0.061277
0.071724
0.057058
0.009913
-0.007242
0.005788
-0.015306
-0.085316
-0.019023
-0.062755
-0.119256
-0.037530
-0.047820
-0.051817
0.049951
0.035350
-0.042286
-0.019949
0.002094
0.021549
0.012913
-0.028032
-0.046547
0.012615
-0.088561
-0.022354
0.002480
0.058027
0.012668
-0.012053
0.040315
-0.030855
-0.006228
0.051640
-0.051817
-0.051519
0.005176
0.000611
0.000105
-0.038443
-0.016774
-0.003713
0.058430
0.102610
0.007405
0.014362
0.085951
-0.054886
-0.099783
-0.027677
-0.010340
-0.065933
-0.081092
-0.072885
0.002183
0.040315
-0.027902
-0.020083
0.011876
0.087647
0.062263
0.063399
0.047851
0.034492
0.078658
0.108216
0.063174
0.078696
0.019264
-0.096862
0.022416
-0.078421
-0.170916
-0.064129
-0.042802
-0.043499
0.022650
-0.083604
-0.056295
0.017187
-0.024168
-0.025151
-0.012480
0.079381
0.088508
0.006654
0.019594
0.092937
-0.019439
-0.119447
-0.043427
0.033994
0.015181
-0.071654
-0.020223
-0.019598
-0.052295
0.050365
0.018277
0.032913
-0.000112
-0.043692
0.030399
-0.076104
0.007085
-0.026210
0.007968
-0.045093
-0.066238
-0.031580
-0.072245
-0.003330
-0.066443
0.027736
0.002749
-0.072269
-0.042543
-0.038629
-0.018353
0.031829
0.002219
-0.009395
-0.042103
-0.026397
-0.017460
0.023280
-0.046984
0.034644
0.065013
0.057066
0.026316
-0.064780
0.025011
-0.070321
-0.085470
0.010050
-0.087330
-0.071121
0.099367
-0.031300
0.018220
0.062605
-0.005766
0.022411
-0.042535
-0.091976
-0.012034
-0.017030
-0.040626
-0.000456
-0.006120
-0.002019
0.007792
-0.035766
0.077981
-0.032730
-0.038398
0.019075
-0.061653
-0.020492
0.052583
0.031193
0.032621
0.052004
0.030576
0.026707
-0.037007
0.062361
0.045655
0.124439
0.010175
0.012246
-0.020072
-0.026885
0.072550
0.099156
0.072088
0.037304
-0.004669
0.044311
-0.032844
-0.033843
0.024499
0.057784
0.028812
0.047457
-0.009712
-0.043720
0.004034
0.050168
0.127738
0.150030
0.010567
0.065061
0.113628
-0.013562
-0.092720
0.048608
-0.017407
0.014366
-0.029812
0.093337
0.051283
-0.027722
-0.082265
-0.093707
-0.057574
-0.050517
-0.028524
-0.011512
-0.036414
-0.099456
-0.036613
0.008336
-0.010755
0.044941
-0.030203
-0.031267
-0.005575
0.100866
0.022924
0.088281
0.059811
-0.013844
-0.026906
0.007617
-0.034674
0.007892
-0.015391
-0.001808
-0.001514
-0.081686
-0.025295
-0.032047
-0.059585
-0.006908
0.017187
-0.002945
0.045841
-0.056779
-0.045681
0.008194
-0.055875
-0.001640
-0.020926
0.045727
0.021162
0.014146
-0.000382
-0.057579
-0.068170
-0.022158
-0.120970
0.023159
0.028466
-0.053174
-0.009381
0.061999
-0.011322
-0.036101
-0.042263
-0.088825
-0.068873
-0.086583
-0.003309
0.058071
0.024709
0.026447
0.008699
-0.071875
-0.058980
0.031903
-0.029311
-0.048692
-0.038868
-0.018949
-0.009409
-0.089258
0.002844
0.024609
-0.031724
-0.024501
0.005112
0.037466
-0.012442
0.033770
-0.000046
0.013545
0.014983
-0.023619
-0.001179
0.029422
-0.039111
0.051824
0.044252
0.026916
0.004755
0.035888
0.086566
-0.071967
-0.019604
-0.016932
-0.008232
0.012189
0.017261
0.001564
0.022023
0.047253
-0.000770
-0.021965
-0.032689
0.009632
-0.026267
-0.146110
-0.050263
0.022618
0.003513
-0.010694
-0.009711
-0.015919
-0.097220
-0.076045
0.003226
-0.073088
0.008432
-0.005575
0.002634
0.046954
-0.048360
-0.071173
0.043047
0.004244
-0.089008
-0.066929
0.090301
0.005057
0.048516
0.078861
-0.022192
0.018287
0.007493
-0.050549
0.020528
-0.004043
0.076665
0.050652
0.013127
-0.003630
0.000032
0.034458
-0.084743
0.050448
0.169607
0.125770
0.159363
0.120912
0.015124
-0.062143
-0.013382
0.028253
-0.042314
-0.020274
-0.032138
-0.028986
0.075289
0.019126
0.037317
0.074884
0.049507
0.054886
0.074139
-0.065033
0.009579
0.074440
0.081194
0.091614
0.156196
0.109759
-0.019420
-0.045007
-0.069834
-0.015896
0.010261
0.107272
0.053940
0.008883
0.049879
-0.001805
-0.003942
-0.051194
0.039149
0.098370
-0.050486
0.049363
0.092952
-0.067377
0.022592
0.041701
0.016682
0.049574
0.050283
-0.001273
-0.060510
-0.072184
-0.041744
0.004383
-0.079090
-0.052074
0.056503
0.000950
0.042379
0.062781
-0.000777
0.067690
0.084435
-0.024188
0.115077
0.016971
-0.012479
0.051350
0.101149
-0.015693
0.018273
0.039487
0.056389
0.103044
-0.018035
0.039442
-0.040440
-0.060763
0.081998
0.004286
-0.005757
0.085700
0.100888
0.039814
0.008793
0.034613
-0.029639
-0.034361
-0.033014
0.086513
0.043881
0.004376
0.002000
-0.038369
-0.024261
0.035972
0.039520
0.011328
-0.037542
0.020263
-0.043373
0.024161
0.035822
-0.012685
-0.001925
0.022277
0.018363
0.032702
0.072227
0.033488
-0.037570
-0.023527
0.024823
0.072156
0.041637
0.027159
0.075724
0.001755
-0.052855
-0.071784
-0.060204
-0.101069
-0.036940
-0.056054
-0.093081
0.053437
-0.045088
0.038410
0.110448
0.063171
0.054010
0.035348
0.076623
0.089724
-0.067972
0.051552
-0.090514
-0.159256
-0.054344
-0.146647
-0.019776
0.075799
0.101283
0.012951
0.084296
0.027882
0.051174
0.064444
-0.037524
0.023171
0.013311
-0.065863
-0.007784
0.020541
-0.035861
-0.007814
-0.000879
-0.026951
-0.006196
-0.072858
0.039866
0.069216
0.012323
0.037545
-0.026545
-0.011702
0.047961
0.062439
0.058768
0.065514
-0.003671
0.023639
0.093531
0.059394
0.011681
0.014122
-0.046556
-0.022933
0.090788
0.096934
0.059748
-0.020622
-0.001306
0.039244
-0.037114
-0.010838
-0.053638
0.012367
0.003137
0.016048
-0.039423
0.027122
-0.005772
-0.038780
-0.015438
-0.000825
-0.034594
-0.021756
-0.059678
0.075007
0.127095
0.032746
0.047515
0.021534
0.073544
0.074072
0.103785
0.056182
0.086916
0.021457
-0.005210
0.013428
0.071138
0.072572
-0.003666
-0.034038
0.040663
0.008801
0.037634
0.047230
-0.049642
0.079313
0.109032
-0.011637
0.036554
0.026660
-0.024057
0.083992
0.003933
-0.080934
-0.022317
-0.035871
0.069839
0.047985
-0.048800
-0.009586
0.073805
0.007450
-0.096286
-0.003099
-0.006310
-0.006377
-0.017394
0.021352
-0.030894
-0.015976
0.089587
-0.061400
-0.044926
-0.031402
0.007021
0.056696
0.020985
0.065657
0.005522
0.045106
0.058472
0.032243
0.009396
0.018470
0.010516
-0.036797
0.042798
0.039155
-0.041897
-0.017142
-0.012572
0.083394
0.073357
0.125075
0.069151
-0.063405
0.061417
-0.028288
-0.024611
-0.071240
0.045865
-0.026886
0.031167
-0.014288
-0.050984
-0.014839
0.037749
0.083716
0.001963
0.071776
0.037427
0.021001
0.043229
-0.009178
0.026333
0.088248
0.024575
0.002525
0.006538
-0.052035
0.015747
0.074790
0.008163
0.030445
-0.026483
-0.006291
-0.070621
-0.011176
0.059968
0.047223
-0.018131
-0.030654
0.029775
-0.054260
-0.024809
-0.014155
-0.062061
0.013436
-0.029600
-0.025279
-0.000782
-0.027293
-0.114066
-0.024660
0.053385
0.056318
0.086337
0.026700
-0.049733
-0.000922
-0.068429
-0.014227
0.000454
0.001431
-0.032481
-0.029897
0.036684
0.013939
0.022305
0.043626
0.045498
-0.038983
-0.091690
0.004999
0.034930
-0.102055
-0.069910
-0.019028
-0.080912
0.019224
-0.031769
0.041917
0.025390
-0.080763
0.079063
-0.067205
0.021289
0.061813
-0.049087
0.021358
0.024225
0.019218
-0.092896
0.028501
0.081654
-0.012681
0.015865
0.053445
0.003142
-0.022616
0.023921
0.020612
-0.043109
-0.054470
0.026488
-0.085475
-0.010980
0.009392
0.020752
-0.058705
-0.076076
-0.013202
0.027046
-0.077581
0.003780
0.064845
0.076276
0.060170
-0.007023
-0.067519
-0.034470
0.050204
0.014146
0.025257
-0.008638
-0.056032
-0.103450
-0.078124
0.069732
-0.072299
0.015963
0.024024
-0.038074
-0.021743
0.016737
-0.001926
-0.023189
0.053795
-0.031487
-0.013798
0.000394
-0.011831
0.076819
-0.006559
0.001514
-0.039015
0.017527
0.056480
0.075712
-0.042588
0.005147
0.041220
-0.060374
-0.060801
0.057742
0.024426
0.013052
0.031957
-0.024317
0.034481
-0.028380
-0.048621
0.035842
0.045859
0.075946
0.041338
0.039227
0.049693
0.069722
-0.010096
-0.096524
-0.020343
0.052273
-0.039512
-0.090776
0.024819
-0.010012
-0.045664
-0.020295
-0.016243
-0.008659
-0.035925
0.038676
-0.057252
-0.030030
-0.005503
-0.031629
-0.018831
-0.023261
-0.031214
-0.018545
-0.047765
-0.004523
-0.057177
-0.048039
0.066844
0.013072
0.038546
0.045047
-0.048754
-0.000242
-0.014533
-0.004129
0.108731
0.130122
0.051075
0.088799
0.018001
-0.032433
0.092536
-0.109658
-0.010035
0.014990
0.087474
0.043267
0.001440
0.083752
0.010405
-0.013641
-0.066954
-0.012752
-0.078283
-0.101669
-0.001045
0.013713
-0.012194
-0.050658
-0.005378
0.050251
0.000663
-0.036801
-0.083414
0.016378
-0.085514
-0.109732
0.020340
-0.087673
0.001393
-0.011164
-0.016411
0.001771
-0.068387
-0.083821
-0.010098
0.020720
-0.000286
0.094099
0.001217
-0.072165
0.013731
0.043340
0.027112
0.043566
0.036583
0.043486
-0.057423
0.014684
0.039121
-0.036672
0.064619
0.098921
0.048431
0.044336
0.036055
0.038725
-0.002237
0.030176
0.005562
0.005305
-0.056298
0.066888
0.071995
0.065123
0.027010
0.072771
0.071752
0.029072
0.066798
0.052286
0.073637
0.036154
0.072527
0.027037
-0.023923
0.049887
0.035065
0.015787
-0.033082
-0.003789
0.020640
-0.044346
-0.020083
0.022775
0.030358
-0.054531
0.029870
-0.020519
-0.052936
-0.019338
0.008477
-0.032081
-0.047476
-0.026578
0.015110
0.022861
-0.033247
0.047023
0.089804
-0.016214
0.042931
0.039857
-0.053538
0.037610
0.028922
0.019042
0.002572
-0.021698
0.017649
-0.008131
0.029699
-0.038890
-0.042904
-0.026698
-0.030191
-0.011434
-0.068909
-0.131641
-0.036614
0.022601
0.084383
0.023317
0.009173
0.009368
0.038977
-0.010759
0.035363
-0.010745
-0.035854
0.073504
-0.018030
-0.002455
0.032563
-0.040907
0.046606
0.005823
0.011553
0.000588
-0.028001
-0.048439
-0.043015
-0.103806
-0.033781
-0.056136
-0.077954
-0.047475
0.020885
-0.013782
-0.001006
0.056677
0.040651
-0.032456
-0.018650
0.048652
-0.001287
-0.012388
-0.000289
0.035314
0.032392
0.012529
0.012154
0.065750
0.034922
-0.074387
-0.017313
0.021090
-0.079470
-0.033082
-0.053082
0.039300
0.020581
-0.041199
0.080996
0.021334
-0.000737
-0.025555
-0.011664
-0.059016
-0.088190
-0.039546
-0.000986
-0.028209
-0.016164
0.001373
0.035192
-0.028662
0.042473
-0.009864
0.008523
-0.040330
-0.121132
0.044874
0.001296
0.047650
-0.002124
-0.067680
0.046353
-0.029371
-0.000532
0.088378
0.047021
-0.001670
-0.039853
-0.008745
-0.003874
-0.057235
-0.022237
-0.014788
-0.002000
-0.016856
-0.006367
0.003728
-0.008672
-0.003851
-0.019968
-0.034577
0.078789
0.038210
-0.039558
0.008016
-0.128547
-0.031125
-0.057052
-0.108169
-0.095971
-0.024477
-0.034862
-0.026680
0.079476
-0.059959
0.030092
-0.018837
0.057035
0.065492
-0.100238
0.041891
0.049607
-0.078797
0.016993
0.039196
0.001313
0.032807
0.032876
-0.044932
0.029726
0.029273
0.009235
-0.038001
0.015727
0.040071
0.036773
-0.022609
-0.025937
-0.088974
0.032897
0.082158
0.036511
0.028628
0.097098
-0.018338
0.031448
0.069636
0.109495
-0.006004
0.029357
-0.014182
-0.048427
-0.065565
-0.092920
-0.044396
-0.037697
0.010452
-0.024350
0.023720
-0.005748
0.020911
0.034997
0.037224
-0.042718
-0.023318
0.028466
0.064375
0.079929
-0.047055
-0.055328
-0.013375
-0.064910
-0.020369
0.016916
0.081629
-0.018398
0.100730
0.077200
0.022482
0.026360
-0.040561
0.051326
0.033261
0.076802
0.115129
0.048748
0.077641
-0.007201
-0.066162
-0.053371
0.037946
-0.017046
-0.013973
-0.046567
-0.094842
0.010187
0.090493
0.085617
0.029794
0.018455
0.042825
0.082378
-0.007458
0.007816
0.042196
0.041573
0.000388
-0.094392
-0.009198
0.088526
0.007361
0.018470
-0.022816
-0.001442
-0.067457
-0.060732
-0.018430
0.060312
-0.016773
-0.051579
0.076305
0.028127
0.059391
0.063937
0.033959
0.128981
0.029116
0.045386
0.039470
0.032061
0.104054
0.005963
0.036249
0.065411
0.091083
0.067806
0.060571
0.032553
0.031396
0.079197
0.101394
0.074605
0.027393
-0.012959
-0.006849
-0.132808
-0.109934
-0.033522
-0.042454
0.018698
-0.070673
0.095764
0.053229
-0.024429
0.049838
0.068666
0.040726
0.040104
-0.025793
0.022178
0.055630
-0.007665
0.040689
-0.060423
-0.039891
0.059314
0.021457
0.042220
-0.011186
0.069591
0.020723
0.075125
0.052973
-0.063612
0.028147
0.044884
0.119750
0.047363
0.004728
0.027668
0.007908
0.008503
-0.008744
0.022271
-0.000394
-0.016032
0.038516
0.008065
0.007364
-0.009751
0.066873
0.005029
-0.032381
-0.025210
-0.010628
0.070960
0.006041
-0.101320
-0.041429
-0.028759
-0.080080
-0.080223
0.021885
0.020970
-0.069060
0.037769
0.010530
-0.024117
0.008699
-0.019641
-0.029740
-0.057922
0.028473
-0.000781
-0.060178
-0.007710
-0.078813
-0.017439
-0.112977
-0.075056
-0.053922
-0.046024
0.017313
-0.020762
0.039944
0.004786
-0.069792
-0.052841
-0.048140
0.022647
-0.050627
-0.058393
-0.063940
-0.011545
-0.002650
-0.009031
-0.030952
-0.035439
0.022760
0.011959
0.064777
0.074311
-0.046370
0.017248
-0.077627
-0.011297
-0.001100
-0.036200
-0.055113
-0.007781
-0.084532
-0.058829
-0.067273
-0.031883
0.009868
-0.003252
0.012106
-0.066453
-0.093173
-0.038784
-0.049096
0.009107
-0.041919
0.000132
-0.069396
-0.004860
0.079333
-0.062201
0.008753
-0.007344
-0.021786
-0.003144
-0.016058
0.114668
-0.053894
-0.019903
0.020935
-0.018936
0.027972
0.040202
0.039083
-0.003075
0.041708
-0.027868
0.004461
0.085292
-0.033978
0.012476
0.028742
0.067004
-0.036956
-0.048962
0.087242
0.076623
-0.078453
-0.029700
-0.011184
0.045635
0.074822
0.052156
0.042414
0.050480
0.052427
0.011803
0.043570
0.096978
-0.079776
0.009158
-0.028380
-0.016996
-0.055175
-0.104885
0.012363
0.007918
0.026381
0.026105
0.003229
-0.052739
-0.103249
-0.065294
-0.001935
-0.017491
0.051696
-0.038538
-0.022758
0.031793
0.013495
-0.007205
-0.026362
0.008327
0.015641
-0.047455
-0.032679
-0.043004
0.036356
-0.003909
-0.102391
0.035345
0.074342
0.043411
0.011154
0.028164
0.130863
0.060182
-0.077173
-0.057436
-0.050799
-0.008815
-0.008890
-0.065477
-0.032702
0.040146
0.023851
-0.002575
-0.006972
-0.073840
-0.010564
-0.031063
-0.052647
0.014616
-0.000253
0.053244
0.122974
0.041482
-0.002380
0.015344
-0.005014
0.081388
-0.003141
-0.019304
0.012828
0.044403
0.048472
-0.032467
0.008611
-0.015209
-0.079633
-0.043053
0.007018
0.028713
-0.070411
-0.014367
0.021325
0.012755
0.024077
-0.002627
0.063268
-0.020469
0.032151
0.064134
-0.027102
0.049567
0.057945
0.007473
-0.062600
-0.022802
0.013320
-0.003193
0.038053
-0.018544
0.009479
0.000416
0.001144
-0.029922
-0.017732
-0.062082
-0.124576
-0.064796
-0.005473
-0.134021
-0.033905
0.005610
0.001214
0.013569
0.021969
0.054288
-0.037825
-0.004645
0.041889
-0.067903
-0.018512
-0.063751
-0.079315
-0.083210
-0.027928
0.020020
-0.078601
0.006259
0.016480
0.023629
0.053559
0.030279
0.061582
0.037704
0.059616
-0.030194
-0.010785
0.019906
-0.014002
0.057089
-0.015272
-0.111429
-0.022384
-0.003488
-0.058365
-0.026955
-0.015382
-0.130450
-0.045784
-0.012747
-0.035400
0.022775
0.026923
0.005262
-0.050141
0.093923
-0.016625
0.074882
-0.026702
0.053775
0.024648
-0.048982
-0.058511
-0.002286
0.035921
0.045651
0.015030
-0.026793
-0.081525
0.099162
0.072120
-0.086607
-0.070243
-0.044624
-0.022963
-0.020816
-0.002386
-0.019126
-0.017172
-0.036114
-0.030967
0.116354
0.053828
0.058364
0.042979
0.057894
-0.035314
-0.123224
0.007901
0.084163
0.060578
0.027927
-0.001307
0.051362
0.030139
0.052412
0.002251
-0.066269
-0.015660
0.059620
-0.017497
-0.062099
-0.060305
-0.086734
0.015129
0.023806
-0.021731
0.050621
0.049557
-0.005855
0.072306
0.072304
-0.047281
-0.029782
-0.000217
0.004411
0.029335
0.037066
0.026128
-0.047595
-0.057381
-0.030190
-0.028333
-0.056880
0.018531
-0.027927
-0.003573
0.024316
0.006777
-0.079477
-0.089196
0.013679
0.006374
0.055271
0.102750
0.059516
0.065384
-0.033670
-0.013651
-0.019873
-0.012756
-0.052155
-0.149943
-0.073776
0.039657
-0.019227
-0.027048
-0.048910
0.000912
0.021752
-0.037843
-0.074124
-0.069867
-0.067801
-0.033720
0.067939
0.014626
0.022872
0.046560
0.066063
0.060435
-0.010024
-0.053503
-0.050991
0.035612
0.003246
-0.008425
-0.017440
0.057960
0.071411
-0.112351
-0.029040
-0.028437
-0.056085
0.010272
0.107240
0.060862
-0.103500
0.052695
-0.024822
-0.041193
-0.010152
-0.059593
0.001990
-0.029802
-0.096329
-0.093882
0.052588
0.017240
0.081926
-0.036410
-0.097205
-0.010601
0.039257
0.000300
-0.094330
-0.049862
-0.084512
-0.075076
0.005664
0.002675
0.013227
-0.067188
-0.032581
0.038110
0.026357
0.099358
0.004200
0.073428
0.096362
-0.016467
-0.051685
0.007929
-0.012105
-0.016821
-0.005103
-0.033876
0.032923
0.034858
0.079639
0.011903
0.006152
0.015246
0.024148
0.060480
0.136212
0.027536
0.098157
0.094464
0.007867
0.022302
0.034473
0.031808
-0.058641
-0.046681
0.022118
-0.013959
0.011451
-0.003636
-0.012876
-0.021343
0.050346
0.031318
0.037555
0.085978
-0.008912
0.040394
0.009693
0.006305
0.085687
-0.053027
0.056991
-0.014855
-0.052375
0.027361
0.034132
0.012167
0.078395
0.110741
0.043861
0.013686
0.063546
0.065650
0.020851
0.013751
-0.001883
-0.013895
0.010575
0.002340
-0.013311
-0.023377
0.045816
-0.002210
0.036874
0.050610
-0.013330
-0.044690
-0.046213
0.034145
-0.112675
0.004923
-0.027158
0.003035
0.055180
0.030768
0.051840
0.055955
-0.021762
-0.026619
0.073366
-0.001353
-0.022837
-0.022603
0.046242
0.079506
0.062033
0.018703
0.030076
0.028714
-0.060346
0.000011
0.079216
-0.016322
0.098840
-0.017169
-0.065337
-0.019160
-0.020581
-0.005461
-0.051584
0.005544
0.015121
-0.066117
0.049441
0.057433
0.010051
0.046493
0.029086
-0.030339
-0.033406
-0.025860
0.056918
0.010907
0.065109
-0.007273
0.000811
-0.010212
0.009528
0.022155
-0.075673
0.065143
0.039203
-0.044835
-0.029981
0.038045
-0.041443
-0.022707
-0.077123
-0.075026
-0.023082
-0.121843
-0.064907
0.019221
-0.051133
-0.017338
-0.057142
-0.049790
-0.032120
-0.112191
0.027438
-0.049524
-0.015983
-0.052422
-0.034547
0.015162
-0.121495
-0.068831
-0.002307
0.032472
-0.011528
-0.038032
0.031794
-0.009668
-0.056203
0.034798
0.015383
0.013229
-0.015263
-0.061472
0.091167
0.037412
-0.016256
0.089801
0.017018
-0.028968
-0.044636
-0.025350
-0.002023
0.000124
0.001598
0.019823
0.054022
0.026521
-0.009936
0.046853
-0.039180
-0.056984
-0.008554
-0.013961
0.127293
0.059680
0.080019
0.043093
0.020182
0.047026
0.037549
0.069622
0.065610
0.073381
0.080190
0.003482
-0.076295
-0.052412
0.008861
-0.026310
-0.012440
0.006401
-0.030607
-0.022437
0.102267
0.032531
-0.015381
0.044581
-0.017106
-0.054441
-0.067198
-0.018687
-0.016733
-0.012168
-0.048685
-0.066484
-0.035617
0.000400
-0.078836
-0.080739
-0.024604
0.001956
-0.011943
0.045340
-0.001464
-0.006809
0.024881
0.120839
-0.043526
0.036406
0.030463
0.082214
0.066335
-0.020222
0.123365
-0.009715
-0.003907
0.046978
0.062794
0.028250
-0.073809
0.023208
-0.047432
-0.083768
0.000826
-0.045423
-0.047681
0.007654
0.031708
0.112136
0.026160
0.031934
-0.001591
0.048693
-0.013516
-0.039653
0.025903
-0.094291
-0.067742
-0.048681
-0.002926
-0.011708
-0.069765
0.074295
0.021731
-0.033255
0.045174
0.114301
-0.073956
-0.081363
-0.115033
-0.082999
-0.107066
-0.001377
-0.004597
-0.044145
0.008017
0.039450
0.110768
-0.053276
0.005053
-0.007281
0.011926
-0.021224
-0.069739
0.004285
0.008336
0.026958
0.036669
-0.036206
-0.072065
-0.023098
0.057946
0.009094
0.059518
0.064217
-0.042036
0.107345
0.073885
0.025210
0.045575
-0.028330
0.031904
0.039344
0.024375
-0.030257
0.052000
0.010390
0.030804
0.029721
0.000140
0.028263
0.007303
0.022456
0.026298
0.027979
0.044390
-0.011651
0.016331
-0.016671
0.025138
0.098300
0.019204
-0.064375
0.065237
0.089631
-0.014324
-0.042425
-0.024346
-0.011497
0.040294
-0.013822
-0.035419
-0.049078
-0.134276
-0.075289
-0.028324
-0.091191
0.001692
-0.005996
-0.001934
-0.001935
-0.018096
-0.131987
-0.063546
-0.070197
-0.074766
0.018975
0.044640
0.032952
0.064997
0.004442
-0.053541
0.006080
-0.043970
-0.090470
-0.062952
-0.036526
0.013568
-0.067052
0.046429
-0.030913
0.030324
0.076741
0.007975
0.046676
-0.045081
-0.003444
-0.058647
-0.117027
-0.007442
-0.048071
-0.014317
-0.007593
-0.046511
0.053574
0.032289
-0.009845
-0.055962
0.024544
0.031191
-0.009414
-0.062802
-0.023371
-0.030996
-0.095675
0.035224
-0.015292
0.032657
0.057978
-0.014760
-0.046309
0.052747
0.044076
-0.052187
0.086212
0.010013
0.031132
0.030819
-0.015519
0.043940
0.104756
-0.011233
-0.032181
0.050576
-0.001113
-0.003091
-0.029122
-0.069238
-0.033508
-0.080853
-0.129542
-0.013737
0.031885
-0.017867
0.016654
0.110948
0.052051
-0.096328
0.067292
0.070277
0.026699
0.018870
0.032550
0.069818
-0.057401
-0.010480
-0.009201
0.070860
0.035175
0.039313
0.059414
0.014323
-0.009430
-0.061367
-0.018354
0.054901
-0.048236
-0.059832
-0.033568
-0.071237
-0.020429
-0.025411
0.014331
-0.063841
-0.010928
-0.073763
0.004902
0.014040
-0.010628
0.047509
0.063339
0.016293
-0.106376
-0.036036
-0.041526
-0.031874
0.021271
-0.049940
-0.016039
-0.001509
-0.084635
0.025396
-0.007579
-0.079665
0.023046
0.035643
-0.008217
-0.058265
0.037953
0.032938
0.072865
-0.034211
-0.010451
0.090533
0.009689
0.006984
0.110021
0.103589
0.050239
0.013014
-0.030181
0.098701
-0.004231
-0.007793
0.021891
-0.004643
0.052164
-0.050790
-0.048399
0.063753
-0.008708
0.024908
-0.012698
-0.031064
0.016657
-0.013525
0.036648
0.031923
0.002349
0.033214
-0.023622
-0.082212
-0.027427
-0.115283
0.043901
0.003730
-0.003815
-0.004170
0.039812
0.129837
0.003078
0.005303
-0.033597
0.025264
-0.002692
-0.043791
0.073585
0.029256
-0.004679
0.111039
-0.031406
0.035383
0.022072
-0.110749
-0.070702
-0.041816
0.036194
-0.024774
0.004392
0.027690
-0.041896
-0.015779
-0.036583
-0.015826
-0.063413
-0.027180
0.024835
0.059661
-0.028123
-0.062338
0.049103
0.135344
0.110625
0.006060
-0.060871
-0.011909
-0.059184
0.006656
0.002544
-0.035197
0.080422
0.008129
-0.005218
0.063117
-0.049715
0.017732
0.102878
0.029617
-0.015284
0.040561
0.011335
0.000560
-0.041834
-0.065691
-0.021600
-0.023752
0.036654
-0.045595
-0.028821
0.034742
-0.091927
-0.060522
-0.117027
-0.026728
0.087720
0.021900
-0.096868
-0.001271
-0.053005
0.068618
0.027279
0.000991
-0.000440
-0.034840
0.019869
0.042221
0.040450
0.000213
-0.039596
-0.044448
-0.003307
0.045348
-0.004076
0.024681
0.043775
-0.021218
-0.046048
-0.010725
0.027698
0.030769
-0.056214
-0.084303
-0.047130
0.046940
0.040875
0.028394
0.031991
0.003200
0.050632
0.072484
-0.037516
-0.004111
-0.032142
0.022012
0.019153
-0.034952
0.036144
-0.068611
0.078107
-0.009107
-0.050102
0.067773
0.016741
0.007632
-0.069099
-0.006259
-0.012377
0.055423
-0.003712
-0.056648
-0.045766
-0.028264
-0.098151
0.022718
0.031341
-0.012476
-0.014747
-0.047525
-0.041940
-0.050863
-0.095236
-0.054391
-0.017275
-0.022457
0.012382
-0.045789
-0.021388
-0.032845
0.024188
0.006876
-0.086527
0.041158
0.044582
-0.148308
-0.011210
-0.072730
-0.019153
0.015442
-0.058199
-0.018383
0.008647
0.032019
0.053501
0.046998
0.019180
0.027130
0.039207
-0.014922
0.033664
0.026905
-0.031763
-0.066674
-0.029881
-0.074311
-0.106779
-0.064838
-0.059704
0.015808
0.074320
-0.006844
-0.026910
-0.000181
-0.014885
0.043470
0.002755
0.097422
0.091383
-0.034109
-0.019875
-0.045160
-0.022644
-0.110133
-0.057446
0.044363
0.024981
-0.052386
0.056878
-0.020993
-0.026767
0.037819
-0.013193
0.024479
-0.050766
-0.047284
0.011935
-0.041260
0.004943
-0.123383
-0.060604
-0.035868
-0.008777
-0.120501
-0.047565
0.076339
-0.049252
0.027949
-0.008284
-0.048861
-0.057402
0.048046
0.100170
-0.024037
-0.033892
-0.013206
-0.033942
-0.054609
-0.135640
-0.029558
0.000181
-0.049972
-0.035952
0.021983
-0.071957
-0.065069
0.037353
0.056004
0.079774
-0.016554
-0.100044
0.029710
0.052010
0.025143
0.063456
-0.043350
0.033004
0.012153
-0.034204
-0.054839
-0.019745
0.007239
0.038731
-0.005718
0.018511
0.077073
-0.043646
-0.078232
-0.045402
-0.141573
0.002226
0.058732
-0.006499
0.006342
0.005204
0.003254
-0.013841
0.003265
0.028670
-0.066927
-0.018310
0.032577
0.031889
-0.039644
0.031896
-0.023740
0.034921
0.067470
-0.023776
0.078242
0.074343
0.012791
0.021131
-0.057143
-0.048690
-0.006955
-0.010614
-0.064594
0.040002
0.054089
-0.009863
0.039581
-0.015113
-0.070567
-0.045930
-0.049388
-0.013714
-0.044829
-0.096878
-0.003036
0.012706
0.000128
0.085209
-0.000075
0.086991
0.098034
0.033733
0.006617
-0.065964
0.011875
0.079199
0.052661
0.037583
-0.017634
0.113377
-0.003686
-0.064276
-0.048722
-0.081841
-0.044170
-0.002922
0.002952
0.038957
-0.043125
-0.065948
0.040707
0.010358
-0.038347
0.029806
-0.082643
-0.066492
0.025561
-0.033172
-0.031242
0.009383
-0.036195
0.080379
-0.078428
0.054385
0.106797
-0.000738
0.079793
0.031981
-0.083086
-0.002789
-0.021924
0.000720
0.005025
0.010342
0.100195
0.037264
0.003129
0.030334
-0.013647
-0.019619
-0.048252
-0.096213
-0.024170
-0.028520
-0.051993
0.003585
0.011640
-0.016039
0.023194
-0.027661
0.020450
-0.016978
-0.049848
-0.004439
0.052124
0.080872
-0.027366
-0.046152
-0.058482
-0.001950
0.049173
-0.010035
0.044900
0.033489
-0.011304
0.025867
-0.050773
-0.041980
-0.017899
-0.058408
-0.039883
-0.013136
-0.033492
0.044773
0.066930
0.073881
0.022772
0.016690
0.087821
0.021975
0.012168
0.030036
0.028622
-0.061616
0.024984
0.074982
-0.022681
-0.000166
0.041532
-0.000581
0.063537
0.042890
0.058729
0.003449
-0.045349
0.011065
0.073477
-0.022101
0.005459
0.034059
0.020341
-0.038447
0.039748
0.056534
-0.095862
-0.056894
-0.032956
-0.042654
-0.065355
0.002529
0.034608
0.043111
-0.023124
-0.043601
-0.048364
-0.052329
-0.033562
-0.012385
-0.042630
-0.059029
-0.048714
-0.061411
0.004999
0.037626
0.019156
0.034300
0.018545
0.003518
0.036060
0.034790
0.074435
0.023840
0.021358
-0.020845
-0.010825
0.047758
0.010748
-0.024506
-0.038235
-0.068207
-0.014917
0.028092
0.018049
-0.095285
-0.165726
-0.078362
-0.050543
0.002551
-0.036514
0.040355
-0.003261
-0.001915
-0.116503
-0.042027
0.038795
-0.086166
0.033880
0.020627
0.029523
0.019875
0.083066
0.086117
0.033560
0.031500
0.063186
-0.022887
0.039967
0.067134
-0.027620
0.044761
0.005765
0.004557
0.026980
-0.027131
-0.020598
0.085590
0.050812
0.018393
0.095800
0.074518
0.071516
-0.057875
0.033421
0.022375
-0.019833
0.029349
-0.047714
0.071912
0.035320
0.036291
0.072285
0.004829
-0.064191
-0.021911
0.004039
0.015094
-0.016851
0.085172
0.018740
-0.057429
-0.038086
-0.022720
-0.059473
-0.011112
0.057625
0.024932
-0.050711
0.000013
-0.020379
-0.061253
0.013441
-0.000979
-0.013205
0.031520
0.071259
0.077784
0.005151
0.041619
0.047494
-0.053066
0.057575
0.013336
0.025853
0.009932
-0.026167
0.146267
-0.001302
-0.069613
0.083249
0.045055
0.024104
0.018383
-0.026839
-0.072063
-0.019332
0.008848
-0.022245
-0.077509
0.040160
-0.059392
-0.000180
0.050010
0.012523
0.039466
0.055667
0.075645
0.116411
0.111913
0.065727
0.044830
0.032100
0.103631
0.040655
0.006193
-0.079737
0.046034
0.027640
-0.003489
-0.031274
0.025952
-0.089321
-0.027560
-0.051666
-0.059157
-0.028748
0.002582
-0.021822
-0.007210
0.016904
-0.083918
0.002829
-0.070090
-0.074442
-0.061756
-0.059411
0.010095
0.031456
0.007369
0.029111
0.025754
-0.050522
0.022125
0.081185
-0.023174
0.104591
0.005981
-0.014090
0.016467
-0.088896
-0.000870
-0.072872
-0.021974
0.016612
0.033129
0.002641
0.005629
0.031198
-0.001026
0.028544
0.036330
0.001255
-0.007217
0.045032
0.037096
-0.000894
-0.032849
0.007917
0.121813
0.089787
0.004462
0.029474
0.050340
0.056075
0.022447
0.073322
0.053620
-0.058352
-0.040402
0.004351
-0.064476
-0.016422
0.058115
0.045251
-0.005289
0.081268
0.027772
-0.003043
0.038761
0.005000
0.024658
0.003797
-0.073476
0.081732
0.044926
-0.064111
-0.053427
0.004245
-0.044384
-0.029832
-0.036979
0.003646
-0.065728
-0.057481
0.050645
-0.051944
0.050348
-0.012387
0.006157
0.083129
0.059573
-0.038322
-0.007425
0.031108
0.010876
0.026002
0.025065
-0.045638
0.017994
0.007118
-0.021707
0.029392
0.109650
0.013351
0.022559
-0.065806
-0.134468
0.000874
-0.030576
-0.100026
-0.081226
-0.015739
-0.088457
-0.003413
0.047293
0.009404
-0.005210
0.040775
0.002110
-0.013947
0.006229
-0.036950
0.049546
0.047581
-0.038265
-0.053511
0.017484
0.032673
0.032905
-0.030962
-0.002319
0.045616
-0.058628
0.007503
-0.019334
0.005525
-0.042069
-0.078219
-0.103022
-0.053691
-0.028293
-0.047112
-0.105214
-0.149792
0.006235
0.005353
-0.088459
-0.027234
-0.004916
-0.003905
-0.004667
-0.072045
-0.025650
-0.042383
-0.000315
-0.033060
-0.036588
0.078965
0.027490
0.062380
0.000250
-0.081562
-0.093136
-0.045157
0.015988
0.071757
0.023421
0.016871
0.121354
-0.008002
0.029329
0.014347
-0.006535
-0.086839
-0.084188
0.053826
0.019222
0.119779
0.058489
0.106956
0.009293
0.040809
-0.005142
0.058313
0.044063
0.044639
-0.050880
-0.077663
-0.070682
-0.071928
0.012965
0.007736
0.007956
0.021562
0.008477
0.072644
0.005641
-0.083161
-0.019667
0.015040
-0.052725
-0.024475
-0.082749
0.023454
-0.013467
-0.010729
0.043746
-0.023649
-0.054801
-0.047217
-0.027523
-0.087585
0.016595
0.016065
0.016537
-0.034547
-0.081420
0.006861
-0.009169
-0.059423
-0.175006
-0.063930
-0.045728
-0.081008
-0.082379
-0.101776
-0.010543
-0.025801
0.068488
0.091908
0.073946
0.077776
0.036252
0.088600
0.025867
-0.012417
0.009241
-0.086138
0.038339
-0.019748
0.042439
0.059212
0.055101
0.015782
0.026993
0.015294
0.035591
0.030680
-0.038058
0.028195
0.072458
-0.046366
-0.064433
0.050017
0.040984
-0.038951
0.092442
0.057950
-0.005893
-0.022249
0.092000
0.000584
-0.001873
-0.000501
-0.036714
0.067212
0.010352
0.013634
0.082828
0.057379
0.086582
-0.021219
0.013962
0.077552
0.054143
0.003416
-0.006968
-0.050120
0.033542
-0.025822
-0.022543
0.047632
-0.067503
0.067211
0.053124
0.009017
0.030954
-0.062812
0.015105
-0.040297
-0.041156
-0.013435
-0.040096
-0.035989
-0.018476
0.003338
0.000857
0.085699
-0.063897
-0.001517
0.065462
-0.017923
0.009360
0.032965
0.085761
0.022839
0.029146
0.068141
-0.027690
0.082481
-0.031082
-0.072601
-0.003496
-0.055691
-0.025047
-0.024918
-0.078615
-0.072320
0.033972
0.012301
-0.035523
0.042621
0.062975
-0.006493
0.003833
0.028451
0.056860
0.009644
0.054525
0.081640
0.028711
0.038843
0.080153
-0.000100
0.054548
0.051623
-0.005762
-0.071410
-0.050511
0.024012
0.117615
0.086220
0.039029
0.051698
0.034762
-0.002654
0.004572
-0.074734
-0.006559
-0.040400
0.085404
0.066999
-0.029588
-0.016455
-0.066491
-0.099894
0.007258
0.006347
0.013519
0.035137
-0.047736
-0.035183
0.035010
0.017300
0.035204
-0.005818
-0.054269
-0.081891
-0.023140
-0.016589
-0.071163
0.049752
-0.084291
0.020173
0.023938
-0.051648
-0.053054
-0.012980
0.033394
-0.039895
-0.046062
0.010805
-0.104131
-0.096122
-0.064272
-0.037540
-0.031143
0.082353
0.128521
0.030328
0.016431
0.040961
0.019831
0.029386
0.049878
0.060760
0.037953
0.015311
0.025241
0.060116
0.068860
0.105207
0.007017
-0.006623
0.020318
-0.007655
0.007385
-0.008072
-0.057089
-0.054961
-0.064522
-0.035282
-0.085054
-0.007956
0.131133
-0.063789
-0.063316
0.100151
0.016777
-0.090578
-0.014050
0.010449
0.057779
-0.016787
-0.036831
-0.012993
-0.035123
-0.041320
0.093939
0.063679
0.070018
0.030713
0.039433
0.126160
0.030109
0.032585
-0.005107
-0.031235
0.080932
0.034273
-0.031090
0.053871
0.047530
0.012276
0.117115
-0.021409
-0.017770
0.010327
-0.010576
0.022802
0.011828
0.045131
0.018127
0.025909
0.046837
0.046222
0.058385
-0.033952
0.072691
0.070871
0.039304
0.011719
-0.061336
-0.046726
0.027930
-0.045149
-0.022491
-0.002846
-0.012731
-0.046568
-0.012206
-0.105596
-0.047272
0.051600
-0.012755
-0.029590
0.038667
0.036016
-0.010602
0.016937
-0.056700
-0.060275
0.026819
-0.018527
0.065304
-0.019287
0.011696
0.050943
-0.006730
-0.063423
0.053778
0.125544
0.117718
0.075757
0.119150
-0.028510
0.082280
0.053102
-0.032056
0.015829
-0.003082
0.002648
0.049713
0.074541
0.031177
0.058787
0.007767
-0.051465
-0.007903
0.010405
-0.060847
0.043761
-0.004794
-0.037801
-0.013822
-0.041009
-0.003024
0.018067
-0.012904
0.058684
-0.003710
-0.005505
0.103198
0.091732
0.012802
-0.059203
-0.063317
0.007022
-0.105214
-0.068787
0.009603
-0.003161
-0.003380
0.039312
0.000299
-0.005489
0.002525
-0.011348
-0.096432
-0.031228
-0.010578
-0.065316
-0.016593
-0.015368
-0.003275
-0.079340
0.011255
0.038595
-0.005921
-0.042471
-0.034597
0.000336
0.027800
0.049847
0.018290
0.057880
0.013009
0.055292
0.039151
0.007275
0.007030
0.040238
-0.000978
0.002931
0.067980
-0.039013
0.026289
0.104137
-0.010031
0.050530
-0.092469
0.026531
-0.009305
0.050300
0.103728
-0.076158
0.019229
-0.023338
-0.084547
-0.057753
-0.036907
0.047558
0.006598
-0.012593
0.044886
0.009846
0.024400
-0.072537
-0.015920
-0.030010
-0.054691
-0.013298
0.010022
-0.057021
-0.051806
-0.046012
-0.001875
0.006372
-0.078424
-0.033971
-0.017644
-0.090867
0.007376
0.017987
-0.097782
0.003945
-0.021157
-0.063710
-0.049853
0.078410
-0.021415
0.029619
0.064890
-0.023109
0.038950
-0.011834
-0.111699
0.052703
0.110876
-0.009057
0.011876
-0.025874
-0.071044
0.026805
0.053948
0.020368
-0.032337
-0.140905
-0.060738
0.021092
-0.097816
-0.065301
0.045782
0.003195
-0.094779
-0.085066
-0.107608
-0.081701
0.014519
-0.018421
0.049873
0.013236
0.041798
0.011957
0.029266
0.021375
0.023936
-0.065022
-0.114106
-0.077178
-0.120784
0.000443
-0.025189
-0.070966
-0.032524
-0.050142
-0.047543
-0.007946
0.057794
0.056473
-0.015580
0.020935
-0.014829
0.002946
-0.055367
0.004119
-0.058483
0.007262
-0.008439
0.049590
0.073923
-0.051557
-0.060729
-0.008809
-0.047300
-0.031945
0.037083
-0.116990
-0.044928
0.022735
-0.024857
0.003319
0.048829
-0.013693
0.004400
0.002273
0.066727
-0.028208
0.000858
-0.028599
-0.142885
-0.009184
-0.060738
-0.009808
0.061761
0.043199
-0.019673
-0.013186
-0.007375
-0.043401
-0.037838
0.023131
0.063185
0.043866
0.030350
-0.036972
0.001335
-0.003522
-0.032068
-0.004742
-0.043389
0.038964
0.014395
0.023971
0.042026
-0.040833
-0.047143
0.047498
0.021679
0.038331
0.073392
0.045945
0.060789
0.027909
0.044775
-0.037025
-0.131210
-0.048232
-0.062785
-0.085711
-0.063616
-0.052456
0.006878
0.058642
0.029982
0.016494
0.000675
-0.023148
-0.034087
-0.068801
-0.080986
-0.015630
0.031547
-0.008139
-0.009399
-0.066738
-0.047521
-0.092527
0.017151
0.078699
0.035904
-0.022312
0.095598
0.012266
-0.002622
0.057234
-0.075743
0.022534
0.013685
0.023478
0.067999
-0.027313
0.010191
-0.013117
-0.062602
-0.049794
-0.074434
-0.011906
0.025255
0.048709
-0.036496
-0.002656
0.026037
0.002267
0.025370
-0.066147
-0.025156
0.034931
0.040994
0.021047
0.113922
0.047068
0.061313
-0.057945
-0.064956
0.043217
0.013202
-0.061117
0.037159
0.067965
0.001446
0.037595
0.002449
0.074363
0.096121
0.034437
-0.011782
-0.005752
-0.057968
-0.058680
-0.032369
-0.039720
-0.014283
-0.047281
0.070037
0.008196
-0.039206
0.107279
0.082219
0.019696
-0.016133
-0.024576
-0.076136
0.007882
-0.005353
-0.040146
-0.032029
-0.010860
-0.043921
-0.023038
-0.047816
-0.022719
0.032976
-0.006688
-0.051650
0.003080
-0.040522
-0.031557
-0.080600
-0.025347
0.056190
0.045502
0.033006
0.086950
-0.007144
0.044010
-0.040019
-0.000025
0.025903
-0.027120
0.040791
-0.052546
-0.010144
-0.030261
-0.026353
0.056409
-0.094243
0.001571
0.054915
-0.021320
0.101126
-0.000595
0.029254
0.082023
0.039998
0.131333
-0.023389
0.000549
-0.010863
-0.049991
-0.024542
0.128869
0.039056
0.032221
0.024591
0.070248
-0.005650
-0.073453
0.054467
-0.033886
0.009281
0.030596
-0.095030
-0.014748
-0.063718
-0.060435
-0.010649
-0.040105
-0.015322
0.018193
0.092218
0.013526
0.050826
0.025466
0.011494
0.020084
0.032217
0.044738
0.000156
0.011888
0.069813
0.038074
-0.082887
-0.018457
0.011287
0.103604
-0.032840
0.004170
0.029598
-0.022552
0.011714
-0.028930
0.007583
0.015972
-0.008298
-0.041076
-0.031125
-0.015600
0.037104
0.067524
0.004086
0.039604
0.003734
-0.078778
-0.050944
0.008782
0.006739
0.068875
0.022683
-0.100870
0.047232
-0.056260
-0.130435
0.008722
-0.032698
-0.089412
-0.048090
0.013096
0.072604
0.034432
0.023464
0.034917
-0.017634
0.009423
0.042473
-0.004214
0.014410
-0.033286
-0.016741
-0.004185
0.021504
-0.022073
-0.019076
-0.028245
0.006231
-0.029489
0.007740
-0.012499
-0.036279
-0.023193
-0.043892
0.075485
0.100777
0.080635
0.061031
-0.040563
-0.017395
-0.012031
-0.005332
0.007361
0.056201
0.077154
0.058457
0.065925
0.063103
0.007364
0.077776
0.071244
0.044070
-0.009009
0.107234
0.049356
0.020640
0.050773
0.017648
-0.005512
0.032958
-0.040827
-0.067749
-0.034101
0.044127
0.020568
-0.087082
-0.031387
0.011728
0.016514
-0.035363
-0.010669
-0.064403
-0.011003
-0.038812
-0.033819
0.052228
-0.006110
0.012049
-0.011961
0.062860
-0.003476
-0.023939
0.065841
0.052542
0.019215
0.015856
0.058982
0.045359
0.060081
0.043891
0.030702
0.024906
0.007961
0.016266
0.047889
-0.028179
-0.016617
-0.069364
0.027847
-0.033237
-0.061081
0.039011
-0.038965
-0.040836
-0.033370
0.033374
-0.022995
0.045224
-0.025940
0.062468
-0.015364
-0.019864
-0.029350
-0.045501
-0.048748
0.010508
0.018989
-0.115852
0.001381
-0.049281
0.012144
0.058798
-0.010832
-0.020176
-0.019340
-0.082220
-0.097691
-0.085943
-0.070666
0.017093
-0.044521
0.046099
0.030906
-0.068594
-0.041592
0.047317
-0.097245
-0.075471
0.016631
-0.029685
-0.073859
-0.002789
-0.016013
0.016465
0.031733
-0.000166
0.024830
-0.071801
-0.005063
0.040681
0.033488
-0.016671
0.031751
0.051341
0.030474
0.004434
0.006191
0.003361
0.055206
0.049518
0.014193
0.031562
0.024465
0.036197
0.112026
0.127859
0.017948
-0.027024
-0.010976
0.096471
0.042522
-0.028443
0.006685
0.031234
-0.057383
0.035397
0.063206
-0.052215
0.014352
0.067363
-0.018809
-0.057980
0.023265
0.004793
0.043909
0.011049
-0.052860
-0.062165
-0.001920
0.017103
0.018784
0.112640
0.000182
0.106491
-0.031446
0.044119
0.158287
0.038111
0.057927
0.052665
-0.025478
0.006587
-0.052166
0.000613
-0.022641
0.024892
0.046912
0.032917
0.090161
0.081257
-0.006129
0.061336
0.009628
0.014824
-0.025375
0.011089
0.000702
-0.041866
0.032079
0.069083
0.004212
-0.003396
0.000966
-0.073211
-0.063454
-0.106803
-0.029401
-0.002710
-0.010030
-0.052452
-0.040684
-0.030663
0.010990
-0.014592
-0.053472
-0.045667
-0.014514
0.015300
0.073980
0.004270
0.105644
0.149025
0.017887
0.034048
0.085884
0.019201
-0.031404
-0.045191
0.072454
0.010164
0.021737
-0.005103
-0.053597
0.025252
-0.045996
-0.037757
-0.029903
-0.136830
-0.034255
-0.013893
-0.061846
-0.032246
-0.058546
-0.004393
-0.086197
0.009132
-0.110986
-0.044935
0.005363
0.004477
0.079373
-0.067130
-0.092692
-0.043718
-0.020631
-0.058311
-0.038514
-0.043505
-0.037181
-0.095547
0.078901
-0.046714
-0.037168
-0.024255
0.002762
0.007095
0.078728
-0.040413
-0.112186
0.025841
0.075552
0.009251
-0.035780
-0.080801
0.042737
0.016322
0.017957
0.033876
-0.012066
0.060720
0.120581
0.037766
0.056017
0.026376
0.017682
0.027833
-0.001634
0.000642
0.050695
0.073325
0.010786
0.031463
0.036233
-0.063654
0.056866
-0.037350
-0.093128
-0.024408
-0.017273
0.025400
-0.025533
-0.004252
0.033853
0.086606
0.040750
0.005086
0.050932
-0.015480
-0.100816
0.000501
-0.085945
-0.094003
-0.062017
0.015579
0.063575
0.057170
0.032704
0.026707
0.006379
-0.003577
0.044706
-0.079724
-0.115041
0.013371
0.061085
0.037198
-0.053856
-0.015225
0.023578
-0.030775
0.047029
0.009544
-0.034328
0.112689
0.044792
-0.002743
0.007183
0.054666
0.024491
-0.035285
-0.001177
0.014077
0.055401
0.023666
0.004045
-0.046002
-0.029369
-0.002220
-0.086331
0.114692
-0.001498
-0.010225
0.019486
-0.065605
-0.022030
-0.052291
-0.034901
0.038228
0.072574
0.016120
0.144460
0.067620
-0.043748
0.088887
0.019564
0.019500
0.013857
-0.097704
0.018907
-0.027158
0.052304
0.002768
-0.006140
0.070320
-0.025286
-0.038630
0.018470
-0.029532
-0.086881
-0.135825
-0.056251
-0.007307
0.004190
0.091205
0.037395
0.002479
0.001670
0.101628
-0.000424
-0.036625
-0.019902
-0.013725
0.016191
0.093807
0.055069
0.030757
-0.048954
-0.049383
0.011900
0.043217
-0.057118
-0.079442
-0.075598
0.009467
-0.016822
-0.064570
-0.060785
-0.032431
-0.058607
-0.009348
0.019383
0.028340
0.046475
0.008034
-0.012583
0.035916
0.131774
0.056004
-0.016033
0.006670
0.057635
0.063538
0.065275
-0.013937
-0.054802
0.056778
-0.009056
-0.091255
-0.050668
-0.005660
-0.016712
-0.019396
-0.054273
-0.069598
0.023438
-0.070927
0.014320
0.040081
-0.037397
-0.013679
-0.023710
-0.008515
0.037513
0.034788
-0.031740
0.035604
-0.021715
-0.007410
-0.008305
-0.032413
0.022871
0.009486
-0.048832
0.066694
0.046864
-0.105419
0.014082
-0.083764
-0.042967
0.097410
0.010734
0.048773
0.055854
0.088322
0.089104
0.066430
0.048163
0.046548
0.073950
0.044124
0.081144
0.005667
-0.002109
-0.047728
-0.033134
-0.033746
0.043483
-0.021715
-0.058019
0.035660
0.066535
0.030674
0.038006
0.047203
0.000538
-0.043238
-0.040204
-0.028689
0.001319
0.045513
0.062945
-0.023828
-0.032147
-0.048648
0.003482
-0.015822
0.027164
-0.076974
0.010752
-0.023975
0.039131
0.043865
-0.005523
0.001920
-0.111941
-0.033137
-0.010765
-0.028715
0.049075
-0.032341
0.031031
0.036562
-0.003876
0.067403
0.032501
0.094765
0.006006
0.068358
0.033294
-0.025372
0.061494
-0.002912
0.070884
0.040233
-0.000181
-0.038050
0.017675
0.020466
-0.055115
-0.004886
0.021119
0.063564
-0.014409
0.008961
-0.024992
-0.029624
-0.019472
-0.103596
0.091277
0.022752
-0.002964
0.024164
0.044850
0.048066
0.074027
0.107979
-0.024596
0.040520
0.097256
-0.004776
0.052712
0.072182
-0.000431
-0.005893
0.007864
0.015471
0.050681
0.070033
0.100592
-0.013184
-0.141557
0.012847
0.073976
-0.025205
-0.036827
-0.006829
-0.070908
0.008255
0.046651
0.017955
-0.023133
-0.009924
0.058390
0.044361
0.004822
0.018534
0.013721
0.081957
0.012287
0.033354
0.000639
0.001874
-0.034538
0.025365
0.067330
0.059098
0.006636
0.001894
0.041108
-0.036114
-0.032936
-0.058811
-0.051216
-0.085636
-0.042882
0.036570
-0.041804
-0.027674
-0.108561
0.002308
0.001261
-0.050270
-0.073405
0.072422
-0.052321
-0.029358
-0.012102
-0.136646
0.023928
0.021397
-0.029486
0.003369
0.058617
0.069735
-0.003483
0.010819
0.033372
0.066345
-0.061688
-0.104346
0.040827
-0.009794
-0.040478
-0.061990
0.030697
0.048890
0.031270
-0.035885
-0.043580
0.018751
-0.069673
-0.111052
-0.010897
-0.058193
0.005032
0.007088
0.006987
0.047436
0.021452
0.049269
0.000849
0.032167
0.105186
-0.044091
-0.014548
0.025580
-0.037454
-0.027938
-0.045147
-0.028777
-0.017940
0.056543
0.007403
-0.009598
-0.022266
-0.017773
0.019916
-0.019366
0.040866
0.019819
-0.015876
0.042190
0.024613
0.048466
-0.083286
-0.033218
0.009817
-0.092816
0.003285
-0.000233
0.044576
0.003766
-0.026989
-0.092883
-0.012546
0.011380
0.009483
0.022447
0.060364
0.040036
0.061135
0.026017
-0.033014
0.012971
0.017118
0.072567
0.003099
0.057072
0.036376
-0.049850
0.067290
-0.046895
0.030762
-0.074131
0.006537
0.014908
-0.073586
-0.009817
-0.017432
-0.078816
-0.033104
0.005835
0.078942
0.071217
0.035710
0.010592
-0.016790
-0.048323
0.042362
0.073509
0.065152
0.067281
0.060113
0.085354
-0.001074
-0.078374
0.010077
0.003177
0.000792
-0.054353
-0.044913
-0.014692
-0.064133
0.023361
-0.068673
-0.104984
-0.076528
-0.055090
-0.054914
-0.034080
0.110370
-0.042034
-0.040806
-0.028454
-0.012474
0.082019
-0.087677
0.037575
0.022278
-0.091911
0.111981
0.000140
-0.057040
-0.071354
0.082769
0.056340
-0.052254
-0.019421
-0.015898
-0.089038
-0.064141
0.020766
0.017564
0.014707
-0.023219
-0.028937
0.000536
-0.007404
-0.031277
-0.049425
-0.097291
-0.135157
-0.053676
-0.046743
-0.097526
-0.015731
0.054611
0.015317
0.033487
0.003161
-0.030004
0.034528
0.010172
0.033364
0.017249
-0.055122
-0.045843
-0.028168
-0.049906
-0.051603
0.045144
0.003724
0.057750
0.045146
0.111780
0.016039
-0.031574
-0.010981
0.037020
-0.024382
-0.012546
0.024852
-0.032059
-0.031940
-0.014062
0.058461
0.064942
0.000867
0.077436
0.081155
0.038978
0.047884
0.042688
0.006308
-0.051071
0.064247
0.072682
0.009805
-0.016224
-0.018539
0.061529
-0.015592
0.028231
0.036838
0.091041
0.072925
0.011824
0.065384
0.016837
-0.049734
0.074466
0.059874
0.040478
0.002540
0.028991
0.045506
0.072320
-0.002416
-0.035682
-0.051205
-0.007305
-0.029294
0.027639
0.088186
0.043095
-0.052520
0.003450
-0.097547
0.003249
0.028552
-0.023718
0.048685
-0.020402
0.016799
0.007521
0.119578
0.008641
-0.040429
0.010729
0.085169
0.091436
-0.035445
-0.029580
0.018486
0.035727
0.016289
-0.005987
-0.048935
0.010258
0.025239
-0.001135
-0.014863
-0.000668
-0.082965
0.021047
0.006513
0.024644
-0.003803
-0.065745
-0.034725
-0.032263
0.007836
0.038346
-0.027766
-0.071182
-0.027982
-0.000175
-0.102081
-0.077896
-0.121748
-0.052140
-0.051341
-0.086311
-0.075272
-0.088111
-0.064489
0.008742
-0.004225
-0.072022
-0.004089
0.055854
0.018588
0.035311
-0.086711
-0.023456
-0.025122
0.010225
0.072422
-0.048955
-0.022361
-0.007718
-0.048257
0.065890
-0.037812
-0.077319
0.008672
-0.083709
-0.084765
0.025331
0.012357
-0.057778
-0.017738
0.070015
-0.030400
-0.087135
-0.010037
-0.053309
-0.125780
-0.164207
-0.075787
-0.039568
-0.032027
0.004646
-0.061842
-0.098989
0.046517
0.087547
0.053267
0.076553
0.078761
0.071929
0.084955
0.045648
0.035513
0.017560
0.023920
0.003002
-0.006624
0.018844
0.035314
-0.132319
-0.049064
-0.042090
-0.066572
-0.089172
-0.007244
0.071804
-0.014858
0.115143
0.081801
-0.003895
0.044060
0.035570
0.036554
-0.040129
0.004632
-0.003760
-0.065193
-0.000723
0.078961
0.029066
0.020259
0.040449
-0.022731
0.000232
-0.040500
-0.041339
0.038499
0.018158
-0.000881
0.003192
-0.012704
0.040269
-0.014339
0.014731
-0.074240
-0.052563
-0.036589
-0.057718
-0.028325
-0.000824
0.011537
0.023400
-0.018547
-0.016303
-0.038552
0.019084
-0.004691
0.014393
0.014208
-0.017861
0.034526
-0.026379
-0.024040
-0.069078
0.000577
-0.057861
0.009442
-0.084757
-0.006730
0.013237
-0.018628
0.049044
-0.036962
0.016462
0.008949
0.038274
-0.009257
0.025216
0.088923
0.038431
-0.001007
-0.003542
-0.030922
-0.013785
-0.008128
-0.023633
0.055828
0.089444
0.038102
-0.013714
-0.008023
-0.037809
-0.047901
0.084391
0.000263
0.038183
0.052059
-0.056536
-0.012286
-0.018682
0.016099
-0.079975
-0.048289
0.014016
-0.018197
0.059828
-0.069594
0.020637
-0.057333
-0.082121
-0.017910
0.038750
0.027306
-0.062747
0.015978
-0.066751
-0.008004
-0.046881
-0.023281
0.043186
-0.037618
0.062025
0.043609
0.030872
-0.055352
-0.016979
-0.054286
-0.115320
-0.081580
-0.020190
-0.046069
0.011939
0.116138
0.096158
0.054406
-0.005911
0.054420
0.061776
0.042447
0.052449
0.004407
0.021445
0.063496
0.075030
0.077483
-0.040269
0.096829
0.027952
-0.030100
-0.013424
-0.042768
-0.041596
0.012979
0.001291
-0.078658
-0.092853
0.000449
-0.073492
-0.092225
-0.086996
-0.039796
0.013832
0.023530
0.105317
0.071554
0.120359
0.149907
0.069292
0.038620
0.043234
0.101027
0.017321
-0.063127
-0.038965
-0.075446
-0.004641
-0.026305
0.038609
-0.016623
-0.023737
0.004855
-0.028391
-0.034975
-0.083098
0.021127
-0.071728
0.026442
0.074451
-0.025753
-0.045953
-0.053625
0.046703
0.038164
-0.030014
0.031738
0.060873
-0.008172
0.045764
0.052505
0.018579
0.012496
-0.039698
0.042707
0.036025
0.006065
-0.062920
-0.067482
0.049957
-0.033311
-0.062412
-0.084140
0.000147
-0.023294
-0.063020
-0.079541
-0.038674
-0.063414
-0.068142
-0.082838
-0.083340
0.096664
-0.040287
-0.031715
-0.013864
0.024181
0.052077
0.009388
0.043344
0.093623
-0.006604
0.018069
0.029210
0.059008
-0.022127
-0.002664
0.093989
0.038925
0.091944
0.067360
-0.022614
0.014293
0.052185
-0.082755
0.017992
0.017404
0.000752
-0.029249
0.010663
-0.011218
-0.036623
-0.017858
-0.046727
-0.017034
0.105314
0.000805
-0.014530
0.040421
-0.069674
0.046762
0.003918
0.068489
-0.012769
-0.025421
0.023405
0.005857
0.064498
0.029848
-0.003243
0.143424
0.136934
0.080892
0.020443
0.019801
0.043127
0.022173
0.030850
0.049226
0.044101
-0.018030
-0.010594
0.009067
0.040672
0.038084
0.106241
0.032698
0.021953
0.013479
-0.089828
0.004748
-0.012976
0.004723
0.056963
-0.022505
0.023014
0.092392
-0.045887
-0.030460
-0.041671
-0.013377
-0.013929
-0.008591
0.104209
0.054778
0.005790
0.051735
0.017969
-0.072127
-0.059900
-0.034493
-0.004744
-0.030015
0.019989
0.036930
0.032554
0.008052
-0.070826
-0.044352
0.012614
0.029644
-0.006760
0.000059
0.012484
-0.018068
-0.050161
-0.024000
0.028904
0.040945
-0.004928
0.020713
0.099197
0.017653
-0.001137
0.085985
-0.016332
-0.005682
-0.005518
-0.047741
0.011847
-0.046274
-0.045259
0.055531
0.100055
-0.011647
-0.045754
0.026318
-0.093197
-0.024030
-0.011661
0.000159
-0.056939
-0.052015
0.077924
0.023195
0.021656
-0.077462
0.005669
0.038159
-0.086578
-0.048733
0.019260
-0.003186
-0.040742
-0.012860
-0.012834
0.008678
0.039789
-0.112588
-0.082842
0.072611
0.014000
0.037298
0.055926
0.067311
0.012399
-0.081094
-0.023025
-0.014109
-0.021823
0.016005
0.022097
0.129606
0.082460
-0.025265
-0.026386
-0.002240
0.000085
0.003377
-0.006001
-0.087881
-0.003594
0.010871
-0.057747
0.015419
-0.043448
-0.036490
-0.025492
0.029344
-0.108896
-0.014147
-0.015573
-0.034725
-0.029605
0.028481
0.005467
-0.015592
0.021907
0.007303
-0.000463
0.112004
0.080041
-0.031933
0.031594
-0.028731
-0.014679
0.014037
0.039890
0.044160
0.088028
0.017400
-0.037251
0.013383
-0.123193
-0.048930
-0.034235
-0.101726
-0.062808
0.042332
0.043598
0.047764
0.071421
0.002194
0.057442
-0.051462
0.003830
-0.006028
0.028040
0.150569
0.016990
0.001222
-0.050397
0.043051
-0.032333
-0.017842
0.042154
-0.071509
-0.013415
0.027178
-0.044972
0.051356
0.015525
0.014460
0.013446
-0.016998
-0.008206
-0.061741
-0.032338
-0.006797
0.021729
-0.015827
-0.022272
0.026802
-0.069862
-0.025147
-0.005934
-0.024728
0.029175
-0.048917
0.033125
0.068861
0.047425
0.007984
0.004037
0.060804
0.017524
-0.027930
-0.017970
0.085631
-0.106766
-0.066438
0.031871
-0.046658
-0.041218
0.022704
-0.039126
-0.006846
0.041379
-0.018349
0.014049
-0.090611
-0.032527
0.039874
-0.028430
0.023813
0.003577
0.029123
0.058861
-0.074402
-0.016973
-0.043368
0.010359
0.082643
-0.016522
0.021110
-0.011848
-0.015452
-0.002721
0.007533
-0.095154
0.000441
0.027625
0.026788
0.012715
0.132985
0.031368
-0.060519
0.013663
-0.025144
0.055868
0.024670
-0.023033
-0.013703
-0.057751
-0.031733
0.003749
0.010870
0.024449
0.023643
0.040665
-0.016913
-0.033851
0.048416
0.029394
-0.040473
-0.070162
-0.037771
0.036703
0.013274
-0.017704
0.068052
0.032641
0.003559
0.020395
-0.073050
-0.086256
-0.007966
0.071638
-0.015232
0.047942
0.039309
0.040008
-0.022659
0.010450
0.022084
-0.043448
-0.022265
0.000044
0.026215
-0.041214
-0.018340
-0.032291
0.047116
0.035829
0.026953
0.078676
0.014062
0.087433
0.027652
0.037322
0.029304
-0.054890
-0.023460
-0.006329
0.005452
-0.033593
-0.041256
-0.102601
-0.021639
0.055648
0.033299
0.033021
0.056788
-0.053169
0.009117
-0.027311
-0.064159
-0.036559
-0.057682
-0.004331
0.039031
-0.020338
-0.006863
0.076305
0.009316
-0.069422
-0.077221
0.037779
-0.015346
0.076249
0.083148
-0.030159
-0.042980
-0.005929
-0.066910
0.052569
0.001569
-0.019253
-0.023204
-0.094608
-0.047379
-0.053261
0.027346
-0.054869
-0.043024
-0.002995
0.052104
0.110511
0.061657
0.109541
0.027372
0.027638
0.029942
-0.043755
0.013629
0.018072
0.047441
-0.045842
-0.016249
0.039553
-0.016065
0.008734
-0.038958
0.013643
0.016708
0.028992
0.064371
-0.039785
0.055766
0.084016
-0.036619
0.007144
-0.033453
-0.125628
0.019150
-0.024430
-0.084534
0.077880
0.060881
0.031197
-0.007026
0.050190
0.005683
0.055667
0.068705
-0.031938
0.076683
-0.017214
-0.045958
0.057489
0.050750
0.017339
0.018281
-0.018502
0.036054
0.068632
0.101135
0.047627
0.021268
-0.006321
-0.002265
0.037979
0.043112
-0.005971
-0.005534
0.039477
0.031305
0.010291
0.004138
-0.045830
-0.034668
0.031174
0.017655
0.036717
0.039648
0.039179
-0.027261
0.020985
0.006164
-0.031774
0.057657
0.011636
-0.093798
-0.053976
-0.041195
-0.000881
0.036010
0.007978
0.090459
0.005782
-0.059502
-0.016772
-0.049040
0.056067
0.042635
-0.023286
-0.001385
0.026704
0.034947
-0.036782
-0.027950
-0.111392
-0.014765
0.010474
-0.089259
0.014516
0.079913
0.051622
0.008118
0.019366
0.032703
-0.023270
0.026514
-0.039577
-0.094068
-0.060817
0.014363
0.016443
0.002236
-0.044644
-0.107861
-0.003679
-0.035273
-0.098364
-0.053612
0.025017
-0.049063
-0.026007
-0.042308
-0.075292
0.020154
-0.011503
-0.003449
-0.049518
0.001087
0.040117
0.047374
0.054764
0.037957
0.133201
0.058786
0.049804
-0.003742
0.013339
0.029981
0.004459
0.000098
0.053372
0.066484
0.079865
0.048515
0.096707
0.041974
-0.011379
0.033892
0.009930
-0.017208
-0.012300
-0.014774
-0.022165
0.007709
0.021761
-0.024805
-0.025113
-0.052976
0.071835
0.042193
0.043902
0.022613
0.089970
0.010941
-0.053795
0.003210
-0.046762
0.005903
0.039617
-0.076475
-0.003058
-0.001393
-0.111769
-0.018116
-0.069575
-0.023284
0.015014
-0.031312
0.029777
0.038491
-0.022783
-0.028242
0.020257
-0.005491
-0.036307
-0.015129
-0.071103
-0.005350
0.001609
-0.003487
0.067079
-0.034126
0.062510
0.002753
-0.057789
0.055374
-0.055306
-0.008611
-0.027952
0.010241
-0.005878
-0.035467
0.023364
-0.070722
-0.002823
0.025432
-0.016245
0.075850
0.003404
0.018532
-0.021387
-0.096348
0.075470
-0.005971
0.070714
0.010405
-0.014314
-0.000938
-0.017132
0.035629
-0.004462
-0.018308
0.028765
0.043701
-0.032011
-0.071603
0.015373
-0.059668
0.007571
-0.020933
-0.015258
0.016001
0.051183
-0.029270
0.047844
0.107323
-0.026161
-0.022249
0.022067
0.076787
-0.060432
0.004963
-0.074486
0.006748
0.079220
-0.040119
0.018610
-0.012491
-0.071057
0.013152
0.032459
-0.044404
-0.057113
0.065232
0.025333
0.091832
0.063388
0.034768
0.042671
0.017251
0.071782
-0.008033
-0.071716
-0.020981
-0.051606
-0.028563
0.053323
-0.090695
-0.065011
-0.024370
0.008303
0.010112
0.078850
0.035900
0.095382
0.107392
-0.005645
0.052627
0.026453
0.006931
0.024886
-0.084631
0.019994
0.089160
0.033302
-0.070740
-0.041157
-0.068709
-0.078240
0.046047
-0.007116
0.016899
0.053747
0.072514
-0.002235
0.067079
0.094444
-0.020369
0.010374
-0.021756
0.016927
-0.016828
0.031680
0.080302
-0.018123
0.013407
0.107032
0.010746
0.106836
0.010883
0.062257
0.106897
-0.025758
-0.061959
-0.021570
-0.012261
0.029045
-0.050848
-0.030731
-0.028107
-0.021630
-0.069589
-0.003350
-0.062443
-0.072460
-0.037068
0.021291
-0.006329
-0.059130
0.014305
0.041631
-0.049921
-0.054952
0.011097
-0.014511
0.007251
-0.045871
-0.025065
-0.032102
-0.009991
0.042059
-0.006376
0.009572
0.157700
0.017468
-0.018907
-0.027363
-0.025760
0.002758
-0.006412
0.027424
-0.053600
-0.070684
-0.006166
-0.016801
0.019749
-0.005243
0.096605
-0.003780
-0.059114
-0.062790
0.002540
-0.005520
-0.010194
-0.000813
0.008885
0.062271
-0.039185
0.048299
0.086820
0.000914
-0.007310
0.115035
0.052730
-0.053708
-0.041396
0.046786
-0.026557
0.010906
-0.030714
0.006183
0.029768
-0.034210
-0.022841
-0.032916
0.024035
0.010164
-0.059631
-0.020581
-0.051048
-0.054109
0.015757
0.073309
0.001190
0.027185
0.053132
0.074475
0.064604
-0.040250
-0.046702
0.004725
-0.060016
-0.060634
-0.063903
-0.032732
-0.048293
-0.040956
-0.024104
-0.018720
0.018661
-0.003321
-0.006860
0.000922
-0.052054
0.038325
0.045876
0.056585
0.004937
0.035533
0.064121
0.043032
0.068684
0.041338
-0.023513
0.019391
0.092939
0.005992
0.022598
-0.085704
-0.111095
-0.003755
-0.063432
-0.039623
-0.008324
-0.066575
0.079640
0.055254
0.048399
0.068912
-0.058841
-0.000743
-0.034808
-0.007828
0.073045
0.007179
-0.007434
-0.008323
0.018442
0.042335
-0.026767
0.023163
-0.004815
0.016431
0.014348
0.015465
-0.002546
-0.023964
0.015651
0.018299
0.012582
0.029371
-0.025650
0.068429
0.020813
0.072769
0.034715
0.025771
0.017924
0.011774
0.023275
0.044749
-0.038881
0.034621
0.047679
-0.008004
-0.063419
0.065373
0.083372
0.040347
0.013629
0.012230
0.059411
-0.022036
-0.025257
0.052451
-0.033296
-0.112658
-0.092586
0.017543
-0.094885
-0.070421
0.031764
-0.056108
-0.000522
-0.025248
-0.020675
0.052856
0.002408
0.032400
0.021749
0.036521
0.063867
0.026182
-0.000387
0.095061
0.048870
-0.029146
-0.031894
-0.083232
-0.026641
0.001648
-0.010096
0.015250
-0.015768
-0.066892
-0.066503
0.041270
0.004301
0.036546
0.034887
0.038440
0.028261
-0.095889
-0.081467
-0.024572
-0.035809
0.039898
-0.003226
-0.058091
-0.008567
-0.046004
-0.030854
0.022778
-0.018263
-0.108114
-0.006446
-0.047392
-0.072469
0.003893
-0.044841
0.039552
-0.007177
-0.158199
-0.114373
-0.033586
0.017056
-0.033470
0.027719
0.035897
-0.059212
-0.054461
-0.009772
0.038249
-0.072365
-0.034323
-0.018553
-0.009881
-0.098152
-0.061177
-0.040491
-0.015675
0.081251
0.055962
-0.007201
0.105755
-0.004778
-0.047379
0.057748
-0.065228
-0.055468
-0.014747
-0.026198
-0.043345
0.024635
-0.022086
-0.011694
0.120346
-0.001672
-0.048670
0.113001
0.057750
-0.037017
-0.007817
-0.058351
-0.033479
-0.038859
-0.022929
0.010449
0.043690
0.095288
0.100168
0.073043
0.092840
0.104247
0.014110
0.077503
-0.072805
-0.056896
-0.073841
-0.065891
-0.023130
0.035218
0.115776
0.044771
0.037792
0.076381
0.053818
-0.056031
0.020197
0.120723
0.028542
0.022802
-0.057263
-0.052282
-0.025812
-0.022338
-0.009545
-0.037705
-0.028232
-0.032168
-0.042663
0.006932
-0.002312
-0.008534
-0.040377
-0.048253
-0.075013
-0.035563
0.103945
0.071115
-0.054518
0.014897
0.033376
0.045249
0.071234
0.054882
0.003829
-0.073927
-0.050271
-0.046435
0.004915
-0.009219
-0.104813
-0.062169
0.026024
-0.014116
0.013372
0.027756
0.027914
0.032366
0.061516
-0.021474
0.020062
-0.006819
-0.015227
-0.028193
0.046371
0.011750
-0.012716
0.002549
0.017661
0.015994
-0.021872
0.032125
0.001640
-0.026052
0.046333
-0.010498
-0.007346
-0.023216
0.041251
0.048333
-0.015613
0.076388
0.062497
-0.001041
0.019752
-0.066685
-0.012810
-0.133096
0.022164
0.054671
0.012126
0.032117
-0.071655
-0.035264
0.114520
0.037991
0.055834
-0.010977
0.005057
-0.034818
-0.009172
-0.017677
0.071471
0.012099
-0.052380
0.035033
-0.041754
0.096406
0.111517
0.016915
0.022812
0.010258
-0.078383
-0.116073
-0.018555
0.061645
0.033361
0.037812
0.142582
0.024875
-0.052248
-0.045270
-0.016524
0.085466
0.006619
-0.082111
-0.066588
-0.008687
0.000386
-0.029741
-0.039667
-0.006072
0.122731
0.002405
-0.059497
-0.031447
-0.044221
-0.046643
-0.008963
-0.037550
0.032989
0.051596
0.074018
0.029926
-0.109398
-0.056960
0.032147
0.009230
-0.116752
0.052529
0.006212
0.026806
0.091745
-0.022824
-0.007325
0.030025
0.063144
0.017688
0.014555
0.100180
0.066586
0.017910
-0.017306
0.051691
0.010030
0.008140
-0.006153
-0.026294
-0.011788
-0.029558
-0.061236
-0.036720
-0.017063
-0.038772
0.063781
-0.005796
-0.023582
-0.042232
-0.008004
-0.050213
-0.002172
0.023106
0.017663
0.062245
0.067020
0.139696
0.025377
-0.063999
0.017872
-0.052016
-0.035696
0.025627
0.030726
-0.020410
-0.016808
-0.100159
0.009203
0.046637
0.040787
0.050584
0.042403
0.022226
-0.049705
0.064944
-0.023594
-0.056936
0.000952
0.059532
0.051676
-0.040897
0.043974
-0.007948
0.051187
0.072031
0.044535
0.100260
0.039202
0.019949
0.041502
0.014721
0.077159
0.028329
0.033745
-0.032287
0.026276
0.031529
-0.008819
-0.040945
-0.053414
0.012183
0.052524
0.067383
0.045616
0.035953
-0.034143
-0.046836
0.041468
-0.001011
-0.071266
-0.005366
0.021537
0.015216
0.039350
-0.058181
-0.002894
0.042345
-0.156126
-0.044365
0.039615
-0.019423
0.019744
-0.049449
-0.019983
0.024228
-0.080281
-0.019959
-0.121602
0.029961
0.070995
0.076756
0.108801
0.013807
-0.000358
0.014011
0.033099
0.051252
-0.026726
0.030953
-0.058254
0.022107
-0.031402
0.047198
0.084235
0.016625
-0.045931
0.027220
-0.044086
-0.031872
0.071566
0.082835
0.024160
-0.036587
0.021175
0.050323
0.021137
-0.014323
-0.002695
-0.063577
-0.048952
-0.024346
-0.015785
0.053199
0.044735
0.042024
0.080523
0.048673
0.095848
0.039154
0.059905
0.067611
0.012178
0.093613
0.042369
0.041065
0.030683
0.040810
-0.020907
-0.007316
0.029838
0.068753
-0.007084
0.050561
0.094201
-0.012712
-0.004934
-0.112312
0.018047
-0.005676
0.000724
0.014087
-0.033498
-0.042877
-0.073723
-0.004065
-0.052776
-0.003373
-0.074420
-0.116744
-0.057228
-0.055597
0.033381
-0.001594
-0.006421
0.084030
0.083880
0.012388
-0.014596
0.026446
-0.062110
0.032971
-0.048636
-0.036849
0.060170
0.048021
0.069581
-0.033069
0.016809
0.025404
-0.006341
-0.003871
0.013005
-0.000969
-0.015148
0.039962
-0.013216
-0.015690
0.008820
0.016468
-0.064561
0.031861
-0.040879
-0.125699
-0.018764
-0.060753
0.015545
0.038886
0.010034
-0.030726
0.050153
-0.004873
-0.043923
0.011839
0.020265
0.053195
0.057011
0.016825
0.022404
0.017058
0.032788
-0.093359
-0.038447
0.022399
0.040852
0.022680
0.004104
0.020265
-0.008651
-0.006036
0.085221
-0.006286
0.023589
0.057729
0.083470
0.014994
0.010984
-0.017205
-0.101410
0.041422
-0.030742
-0.019661
-0.044849
0.072993
0.114801
0.014128
0.054078
0.173677
-0.029566
-0.003108
