0.025000 	 0.000000
0.075000 	 0.000000
0.125000 	 0.000000
0.175000 	 0.000000
0.225000 	 0.000000
0.275000 	 0.000000
0.325000 	 0.000000
0.375000 	 0.000000
0.425000 	 0.000000
0.475000 	 0.000000
0.525000 	 0.000000
0.575000 	 0.000000
0.625000 	 0.000000
0.675000 	 0.000000
0.725000 	 0.000000
0.775000 	 0.000000
0.825000 	 0.000000
0.875000 	 0.000054
0.925000 	 0.028518
0.975000 	 0.503163
1.025000 	 1.664710
1.075000 	 2.352060
1.125000 	 2.237600
1.175000 	 1.820350
1.225000 	 1.421210
1.275000 	 1.122600
1.325000 	 0.917111
1.375000 	 0.781507
1.425000 	 0.695544
1.475000 	 0.646061
1.525000 	 0.625157
1.575000 	 0.628183
1.625000 	 0.652770
1.675000 	 0.696782
1.725000 	 0.756160
1.775000 	 0.825117
1.825000 	 0.895842
1.875000 	 0.961784
1.925000 	 1.017410
1.975000 	 1.053080
2.025000 	 1.061310
2.075000 	 1.046170
2.125000 	 1.015430
2.175000 	 0.974128
2.225000 	 0.927555
2.275000 	 0.881981
2.325000 	 0.842603
2.375000 	 0.812892
2.425000 	 0.794507
2.475000 	 0.787709
