2.344230
0.549467
0.517019
0.356364
0.280429
0.283031
0.336176
0.280825
0.234692
0.114273
0.076683
0.102153
0.207818
0.038004
0.113394
0.176745
0.036201
0.090767
0.046520
0.107499
0.027392
0.065424
0.022899
0.051203
0.093137
0.107756
0.181819
0.047415
0.028472
0.038903
-0.014294
0.069737
0.136406
0.147196
0.025154
0.102716
0.056462
-0.038351
0.044570
0.140077
0.170116
0.107634
0.019956
0.024076
-0.005910
0.093314
0.044414
0.064229
0.189535
0.097118
0.088962
0.081192
0.121808
0.124671
-0.012741
0.094969
0.037779
0.015554
-0.017891
0.127876
0.073029
0.000373
0.107751
-0.022317
0.045706
0.008706
0.004970
0.030728
0.026931
0.148270
0.077385
-0.021418
0.014809
0.026704
0.062783
0.121482
0.108009
0.086902
0.064510
0.080387
-0.094260
0.057050
0.192100
0.076506
0.082460
0.112022
0.106167
0.046333
0.010129
0.031009
-0.043833
0.135694
0.039328
0.030284
-0.000207
0.088794
0.090436
0.006008
0.079493
0.083230
0.149948
0.103725
-0.048214
-0.015656
0.013969
-0.017796
0.041936
0.043771
-0.052070
0.075590
0.073830
0.057085
0.144056
0.030586
-0.019307
-0.003422
-0.018300
0.052708
0.029409
0.022121
0.039661
-0.022967
-0.014715
0.164891
0.148475
0.071086
0.089207
0.121793
0.127162
0.085207
0.090837
0.029993
0.091851
0.096216
0.039243
0.083419
0.046746
0.067580
0.033887
0.053064
-0.020737
-0.030625
0.058842
0.152963
0.033509
0.045772
0.008002
0.027802
0.076369
0.068067
0.081813
0.166075
0.082996
0.013285
0.116634
0.050980
0.047039
0.077759
-0.046698
-0.040145
-0.063048
-0.059744
0.034888
0.049117
0.010577
0.149996
0.097380
0.017342
0.083697
0.110922
-0.001189
0.045402
0.064172
0.140265
0.044589
0.038201
0.147760
0.003377
-0.054940
-0.007432
-0.118600
-0.008323
0.000170
0.024258
0.108944
0.059061
-0.051882
0.035442
0.072068
0.001589
-0.007597
0.102706
0.026465
0.069175
0.002207
0.012311
-0.006938
0.060004
0.034283
0.048131
0.041882
0.027447
0.044927
0.033504
-0.006114
0.054677
0.071033
0.088107
0.025908
0.086215
0.027099
0.085083
0.039185
0.070288
-0.049027
0.025248
0.027392
-0.092626
0.006023
0.132365
0.016157
-0.036531
-0.024359
-0.038472
0.064172
0.102136
0.102657
0.139842
0.049901
0.012981
0.030066
0.010956
-0.006801
0.117835
0.027788
0.034987
0.025802
0.035501
0.075279
0.077638
0.002229
0.016824
0.065184
-0.014863
0.060684
0.011954
0.031027
-0.042743
-0.078948
0.010353
0.099780
0.106324
0.069745
0.097661
0.061962
0.014569
0.060970
0.054785
0.053377
0.057638
-0.000952
-0.025314
0.052517
0.057148
0.049445
0.053170
0.107133
-0.006640
-0.003231
0.210038
0.203426
0.102907
-0.000583
0.067228
0.054723
-0.056980
0.085137
0.023134
-0.009995
-0.008374
0.091523
0.028780
0.016661
0.079009
-0.012521
0.013240
0.089630
0.081039
0.013607
0.084603
0.091744
-0.014897
0.058989
0.138603
0.107501
0.161466
0.121010
0.134693
0.107742
0.027496
0.068389
0.155162
0.154384
0.109223
0.113198
0.117990
0.121691
0.078483
0.163908
0.133598
0.056108
0.000127
0.087400
0.086178
0.093949
0.072985
0.042293
0.146912
0.133316
0.065655
0.056374
0.040708
-0.009150
-0.012779
0.074062
0.065994
0.195297
0.010772
0.022316
0.067886
0.011980
0.048480
-0.037151
-0.015174
0.003317
0.035378
0.094795
-0.074651
0.047131
0.027559
0.023557
0.068212
0.008551
0.042718
-0.008475
0.042356
0.092083
0.072042
0.051320
0.022256
0.048302
0.045238
0.112161
0.029338
0.007335
0.069980
0.077667
0.066947
-0.011349
0.026551
0.012592
0.054245
0.041540
-0.014131
0.093934
-0.006096
-0.134790
0.070192
0.074166
0.075393
-0.030414
0.005550
-0.000201
0.017735
0.071771
-0.070209
0.000921
-0.049628
-0.032220
0.033232
0.008942
0.080081
0.066316
-0.050706
0.016237
0.069043
0.093295
0.022618
0.059908
0.066885
-0.036762
0.031260
0.092316
0.016501
-0.062021
-0.032343
-0.000178
0.001656
-0.023516
-0.006925
0.000985
-0.170717
-0.056888
0.003970
0.021513
0.021154
0.033880
0.101036
-0.001071
0.039371
0.055938
0.066013
0.062345
-0.063037
0.038489
0.014762
-0.037616
-0.063666
-0.040787
-0.026950
-0.062950
-0.003287
0.019588
-0.067794
0.045813
0.108087
-0.072412
-0.067480
0.012577
-0.022738
0.033714
0.143782
0.030547
-0.021021
0.075924
0.008261
0.031757
0.047988
0.059493
0.087389
-0.004855
0.039477
0.017245
0.038481
0.034340
-0.092333
-0.008294
0.010345
0.033281
0.041570
-0.007126
0.039939
0.018143
0.061452
0.009757
0.089859
0.000185
0.007383
0.114425
0.040222
-0.031873
-0.063639
-0.028792
-0.025190
0.012321
-0.004429
0.066613
-0.024349
-0.025137
0.010954
0.011342
-0.053041
-0.010975
-0.024760
0.010703
0.092111
-0.002046
0.052889
0.069434
-0.031797
0.010343
0.007232
0.080459
0.008219
0.048075
0.029053
0.008878
0.125593
0.077549
0.035856
0.024369
0.035444
-0.024042
0.053898
0.081285
0.007823
0.089642
0.015055
0.000731
-0.038339
0.032567
0.025437
0.095341
0.048063
0.038462
-0.022042
0.081611
0.063189
0.019272
-0.020496
-0.083947
-0.046349
-0.036026
-0.040574
-0.018355
0.015221
-0.017919
-0.043287
0.033519
-0.000061
0.068231
0.053276
0.010325
0.011996
0.036949
0.067790
0.057233
0.024058
-0.090928
-0.030720
-0.015260
-0.012792
0.013045
-0.034274
-0.002675
-0.028701
-0.047070
-0.010042
-0.029679
-0.017369
0.031217
-0.041234
-0.023532
0.023024
0.114693
0.038994
-0.060431
0.004481
0.039251
-0.022867
-0.031164
0.069484
0.036910
0.079074
0.085193
0.061754
0.073673
0.098178
-0.004496
0.040400
0.000466
-0.089685
0.007257
0.004343
0.056056
0.086225
0.025445
-0.072991
0.032072
0.026080
0.057866
-0.000681
-0.034719
-0.006872
0.004961
0.064404
-0.001754
0.038526
0.083784
0.097974
0.029587
0.058765
0.020257
0.012410
0.021885
-0.050378
-0.024328
0.032933
-0.070263
-0.103491
-0.027985
0.014130
0.026373
0.089196
0.118373
0.061509
0.094172
0.093354
0.022553
0.042982
0.119474
0.096758
0.085966
0.037142
0.012783
0.014131
0.114257
0.037419
0.130555
0.117280
0.083042
-0.031422
0.022462
0.124666
0.010655
0.018936
0.042169
0.029898
-0.008135
0.085191
0.034016
0.113444
0.110862
0.043949
0.052190
0.065514
0.091724
0.010165
0.047816
0.046585
-0.014952
0.033841
0.070473
0.024234
-0.003640
0.014206
0.103419
0.079123
0.106005
0.016300
-0.070066
-0.015537
0.012233
0.048607
0.040462
0.098716
0.048796
-0.014718
0.001904
-0.036716
0.088799
0.048414
0.016586
-0.010736
-0.012995
0.036063
-0.068392
0.078533
0.034265
0.006152
0.013586
-0.117907
0.084133
0.132699
0.034827
0.035046
0.049049
-0.076467
-0.016528
0.058776
-0.024321
0.023222
0.041671
-0.070097
0.056999
0.062594
0.021146
-0.059157
0.014839
0.026580
0.105511
-0.030810
-0.057980
0.037547
0.000651
0.036665
0.004316
0.007290
0.058704
-0.010350
0.012125
-0.045158
0.046014
-0.003218
-0.078994
0.020839
0.074737
0.099395
0.003918
-0.013904
-0.047459
-0.033819
-0.032282
-0.039509
-0.058466
-0.006405
-0.016517
-0.025063
-0.026411
0.016339
0.011846
-0.015419
-0.053590
0.053027
0.047838
-0.002483
0.031029
0.094805
0.017223
0.036255
0.038958
-0.003373
0.070085
-0.021383
0.015287
-0.003246
0.032364
-0.032159
0.026704
-0.022767
0.036462
0.070283
-0.034407
-0.010582
0.027913
0.030183
0.098492
0.042277
0.018586
0.010491
-0.040747
0.080679
0.009252
0.016144
0.064328
0.010832
0.033547
0.069335
-0.001488
0.014419
0.070020
0.055907
-0.091654
0.050827
-0.012574
-0.125231
0.061807
-0.018899
0.007380
0.078692
-0.064588
-0.019089
0.127191
-0.048014
-0.037842
-0.067037
-0.002760
0.080839
0.019280
0.044226
0.063021
0.035255
-0.000700
0.070616
0.033383
0.077585
0.054152
0.049733
0.098424
0.035961
0.023943
0.037025
0.019757
0.020284
-0.054676
-0.032133
0.009845
0.018331
-0.046593
0.019845
0.051353
-0.033540
-0.014226
-0.025830
0.051902
0.096593
0.005610
0.047237
-0.029128
0.064272
0.009872
0.006751
0.046196
-0.044037
0.002802
0.005231
-0.077427
0.047916
0.075038
-0.009727
0.092238
0.121974
0.089860
0.037263
-0.044102
0.066131
0.000214
0.062896
0.123667
0.070797
0.069197
-0.018268
0.038594
0.084006
0.057558
0.045286
0.016597
0.107292
0.052364
-0.014254
0.080059
0.016270
-0.031587
0.005691
0.061849
0.044259
-0.038861
0.034410
0.070022
0.000526
0.080651
0.057143
-0.090380
0.047682
-0.009753
-0.068891
-0.072741
0.059426
-0.014477
-0.047330
-0.042494
0.071114
0.143341
0.076817
0.033087
0.111849
0.017624
-0.068686
0.063123
-0.000981
0.059924
0.103658
0.066914
0.089089
0.006350
0.044772
-0.049556
-0.011820
0.007716
-0.014302
0.019726
0.001483
0.075211
0.010384
0.014764
0.077588
0.044418
0.081350
0.055027
0.016295
0.035120
0.101676
-0.070489
0.057801
0.133925
0.105326
0.117738
0.060862
0.024569
0.010768
-0.085048
-0.025293
0.020251
0.116374
0.063514
0.077826
0.072604
-0.004839
0.040405
0.013087
0.020488
-0.018071
0.000592
-0.057343
-0.028778
-0.001314
0.046822
-0.037956
-0.014236
0.002421
-0.051250
0.009888
0.041654
-0.040457
0.005235
0.001092
-0.017714
0.047977
-0.090586
-0.015732
0.038167
0.009909
0.003379
0.032455
0.009650
0.071856
0.030350
0.039056
0.128098
0.042982
-0.048648
0.097926
0.076701
-0.004877
0.146160
0.105708
-0.007064
0.048803
0.118841
0.004058
0.017785
0.060410
0.046590
-0.026053
-0.070495
-0.046547
0.033810
0.037371
-0.066397
0.101453
0.022997
0.044507
-0.051904
0.010995
0.057070
0.024505
0.114212
-0.003572
-0.027560
0.050175
0.047866
-0.001390
0.043338
0.106674
0.009286
0.043747
-0.049923
0.058404
0.087756
-0.034140
0.060961
0.032658
-0.005615
-0.030586
-0.030436
0.074306
0.053888
-0.042996
0.054498
0.047742
0.054072
0.014810
-0.025952
0.087901
0.089149
0.022893
-0.006313
0.048083
-0.001608
-0.013777
-0.056460
-0.050764
0.071389
0.054548
0.069692
-0.033879
0.037915
0.004377
-0.013093
-0.056262
0.003462
-0.010396
0.004317
-0.021835
-0.013985
-0.010266
0.042990
0.129132
0.076105
-0.025194
-0.043620
0.029610
-0.081400
-0.016523
-0.016156
-0.005613
0.119168
0.040716
-0.072043
-0.017387
0.051596
0.009656
-0.050054
0.046680
0.051545
-0.075062
0.023262
0.055958
-0.006912
0.025199
0.063540
0.132244
0.048805
0.066964
0.032389
0.060520
0.012158
-0.025195
0.029977
0.050403
-0.046436
-0.039923
0.095018
-0.071727
0.019765
0.054011
0.053379
0.060686
0.016541
0.053665
0.008053
-0.042000
0.055578
0.059784
-0.021399
0.018583
0.039305
-0.012020
-0.010624
0.050650
0.018017
-0.027177
-0.029886
-0.015428
-0.072139
-0.088307
-0.024761
0.027029
-0.055009
-0.053412
-0.058441
0.048411
0.003428
-0.081418
0.071585
0.021136
-0.076841
-0.069878
0.084046
-0.053673
-0.025560
0.021777
-0.026227
0.001278
-0.074946
0.011690
0.072207
0.045434
-0.022982
-0.081456
-0.113365
-0.070044
-0.044421
-0.009765
-0.046883
-0.010822
-0.140024
-0.073070
-0.080255
0.064000
0.007865
-0.097128
-0.010043
-0.008310
-0.020355
0.012870
0.048509
0.091157
0.043213
0.030253
0.000012
-0.029502
0.006718
-0.004317
-0.090011
0.124908
0.070218
0.036438
-0.113938
-0.001653
0.116263
0.007243
0.060174
0.073908
0.007459
-0.052057
-0.007610
0.000380
-0.025262
0.018347
0.096142
0.018287
-0.013559
0.083868
0.005419
-0.066219
-0.065411
-0.119395
0.089858
0.002707
0.000695
0.108168
0.022105
-0.008119
0.092935
0.016632
0.005000
-0.032611
-0.060041
0.049994
-0.057743
0.061984
0.006007
0.007900
-0.009888
-0.053435
-0.009340
0.022814
0.001915
0.062915
0.026017
0.036219
0.015104
-0.013251
-0.032518
0.037424
0.076339
0.015588
-0.038415
0.042338
0.002465
0.002128
0.041338
0.006489
0.033074
0.015618
0.065159
-0.039804
-0.060462
0.044365
-0.050501
-0.035266
0.084288
0.030996
-0.017858
-0.000778
0.022601
0.092063
-0.070087
-0.009148
0.002663
0.077938
0.112233
-0.049741
0.074887
-0.037139
0.062126
0.031073
0.028479
0.041263
0.001432
0.061128
0.017226
-0.003775
-0.001764
0.064350
-0.042913
0.072159
0.055797
0.047064
0.051804
-0.001529
-0.048228
-0.012304
0.047151
-0.024315
0.109426
0.138867
-0.053023
0.065800
0.069343
-0.031502
0.054128
0.157647
0.092880
0.076391
0.015608
0.033172
0.019807
0.020992
0.143151
0.036974
0.037436
0.073265
0.058592
-0.029033
0.068372
-0.066146
-0.007070
-0.035279
-0.040969
-0.035366
0.004644
0.042332
0.082034
0.064314
0.050172
-0.046276
0.074213
0.090430
0.044968
-0.018426
-0.045063
0.058684
0.058793
0.082612
-0.079009
-0.041382
-0.033021
-0.109951
0.021490
-0.003652
-0.012221
0.039266
0.025492
-0.008064
0.064189
-0.015962
0.063523
-0.061381
0.001907
-0.046553
0.002732
0.033471
0.046817
0.019864
-0.026025
-0.046116
-0.069757
-0.038504
-0.022977
0.029222
-0.052486
0.030120
0.000288
0.016902
0.023250
0.018890
0.055033
0.033935
0.065503
-0.025236
0.033630
0.022794
-0.072523
0.038323
-0.010464
-0.017184
-0.030612
-0.012280
0.077378
0.035344
0.058013
0.034731
-0.007111
-0.130393
0.008423
0.080743
0.054521
-0.048227
0.000785
-0.019152
0.003607
0.076407
0.063043
0.131631
0.062605
0.079253
0.030861
0.096518
0.142133
-0.011453
-0.055352
0.084484
0.017873
-0.000928
0.003357
0.024070
0.037378
0.042746
0.025886
-0.033878
0.030881
0.042009
0.008905
0.011472
0.120602
0.027664
0.018998
0.027405
0.017019
0.061278
-0.019340
0.013672
0.010883
0.062770
-0.025202
0.038087
-0.021308
0.037702
0.099501
-0.059920
-0.030429
0.060359
0.109699
0.016510
-0.038201
0.061459
0.018495
0.098067
0.050113
0.099644
0.018433
-0.066316
-0.006857
-0.031570
-0.023908
-0.048404
-0.062757
-0.014007
0.027484
0.035704
-0.063941
-0.042775
0.024587
0.016057
0.017212
0.063558
0.019801
-0.013628
0.023557
-0.129945
0.032977
0.030295
0.020258
-0.001110
-0.068514
-0.021063
0.049438
-0.041052
0.021629
0.058481
-0.054911
-0.054074
-0.012429
-0.059439
-0.052251
0.012665
-0.013057
0.011827
0.025665
0.076606
0.003406
0.079355
-0.033213
0.035506
-0.020968
-0.021892
-0.039262
-0.005756
0.078745
0.128567
0.070742
0.000744
-0.028973
0.015513
0.026234
-0.087120
0.059952
0.022069
-0.004729
0.068792
-0.100489
0.065881
0.028282
-0.153173
0.006203
-0.105941
-0.043607
-0.004555
-0.025660
0.026992
0.017630
0.113894
-0.009316
0.044412
0.031016
0.007644
-0.133578
-0.045191
-0.078143
0.005175
0.005672
-0.047950
-0.028727
-0.098011
0.038088
-0.004973
-0.029441
0.045205
0.017657
0.013458
-0.018217
-0.055626
0.062963
0.026274
0.084851
0.112044
-0.067830
0.080418
0.039786
0.000014
-0.056057
-0.007258
0.027299
-0.050037
0.000307
0.048915
0.061939
0.017108
-0.034256
-0.025635
0.033285
-0.005309
-0.078184
-0.058105
-0.004997
0.049185
0.017908
0.099354
0.083487
-0.008171
0.065998
0.004130
0.071019
0.085372
-0.015937
-0.025546
-0.034652
0.014126
0.034274
-0.058047
-0.004277
0.011855
-0.039952
0.006279
0.013376
0.018470
0.096130
0.104134
0.013521
-0.000666
-0.070711
-0.150024
0.023034
0.003422
0.012224
0.004655
0.008695
0.031460
0.007886
0.064399
0.114821
0.142544
0.049802
0.011023
0.001044
0.013749
0.084790
-0.077494
0.030086
0.052005
-0.026920
-0.008027
-0.136689
-0.085964
0.035467
-0.035654
0.040280
-0.016611
0.099584
-0.058898
-0.000283
0.044216
-0.039556
0.018384
-0.016537
-0.008582
-0.018425
-0.088312
-0.028901
0.021007
0.074269
0.022376
0.089801
0.088183
-0.013415
0.037367
0.109425
-0.020890
0.047416
0.037556
-0.047627
-0.010563
-0.003824
-0.015693
0.083117
0.055153
-0.015770
0.005365
0.031574
-0.091222
0.029451
0.169959
0.010755
0.004806
0.089163
0.083121
0.049056
-0.039081
0.097995
0.020178
0.001509
0.086553
0.011700
0.008403
-0.048626
0.022290
0.091728
-0.000976
-0.047748
0.082933
-0.010391
0.001105
0.051369
0.039957
0.026145
0.041240
-0.005648
0.034239
0.047384
0.054036
0.066435
-0.086787
-0.008096
0.061328
0.010055
-0.011905
0.139954
0.034985
0.045835
-0.066238
0.012249
0.027963
0.039373
-0.038743
0.014852
0.029420
0.041636
0.125453
-0.039712
0.067340
0.018820
-0.006770
0.081199
-0.048701
-0.001075
0.055360
0.088585
0.033168
0.080237
0.035559
0.025535
0.089968
0.075762
0.121653
0.090864
0.056574
0.019022
-0.058898
0.026590
-0.070283
-0.096063
0.056175
0.031781
0.056125
0.096924
-0.000218
0.056676
0.061805
0.059130
0.128958
0.039452
0.060190
0.140427
0.014643
0.018552
0.023509
0.076061
0.035704
-0.000036
0.011218
0.079502
0.035555
-0.034546
0.044610
0.019745
-0.035104
-0.053155
-0.015302
-0.040458
-0.031426
-0.048249
-0.036134
0.071740
-0.032348
0.032851
0.081104
-0.008647
-0.043738
-0.004283
0.010011
0.036735
0.093721
0.029276
-0.006290
0.067095
-0.017890
0.008633
0.069960
0.030750
0.089183
0.044112
0.090683
0.046539
0.000349
0.035277
-0.047751
-0.026080
-0.099373
-0.028843
0.024880
0.057509
-0.013707
0.008864
0.065738
0.054304
0.059974
0.041460
0.083416
0.105511
-0.010665
0.001907
-0.002714
0.087277
-0.032110
-0.125543
-0.043943
-0.048437
-0.007042
0.029854
0.006882
-0.013842
0.067452
-0.015072
-0.023121
-0.005330
-0.051401
0.049982
-0.027665
0.018250
-0.031193
-0.071573
0.057758
-0.034973
-0.011219
-0.070711
0.087361
-0.011525
-0.031110
-0.041631
-0.146985
-0.031639
-0.075492
0.006046
-0.107541
-0.108716
0.025190
0.000720
0.015209
0.027389
0.008019
0.006495
0.073688
0.048921
-0.057177
0.056018
0.012835
-0.141160
-0.038807
-0.050351
0.059741
0.035726
-0.009125
-0.021022
-0.052019
-0.045878
-0.001930
-0.073267
0.036270
0.009648
0.047289
-0.010558
-0.003428
0.075378
-0.019786
0.042832
0.118367
0.145028
0.105557
-0.001446
0.013548
-0.005703
-0.014359
0.066774
0.128289
0.076609
0.101078
0.058837
-0.015652
0.033566
-0.034128
0.105425
0.010129
-0.020849
0.022098
0.059976
0.065289
-0.038227
0.089889
0.060738
-0.023528
0.021603
0.044353
0.066079
-0.017378
-0.004448
0.034538
-0.002296
-0.042937
-0.028510
0.073865
-0.025204
-0.031142
0.011974
-0.025337
-0.036390
-0.001814
0.033688
-0.077930
-0.046743
-0.138385
-0.092011
-0.056291
-0.075909
-0.108915
0.020200
-0.050312
-0.162407
-0.112540
-0.021982
-0.051288
0.013638
-0.030747
-0.057508
-0.044117
-0.040201
-0.073894
-0.021791
0.060917
0.074159
0.071058
0.009679
-0.052836
-0.003808
0.024486
0.027820
0.085043
-0.035600
0.007607
0.030019
0.009120
0.060791
-0.014897
-0.064307
-0.009801
-0.030271
0.022914
-0.010023
0.030228
-0.074459
-0.001154
0.014193
-0.095283
0.055015
0.014684
-0.067801
0.075083
-0.010457
0.038007
0.103922
0.027750
0.095695
0.047829
0.083813
0.003130
-0.058855
0.042655
-0.037348
-0.030788
0.045947
-0.024336
-0.013268
0.010844
0.005547
-0.020473
-0.042176
0.047994
0.044071
-0.014899
0.007253
-0.064479
-0.024950
-0.058743
-0.002848
0.030177
0.020188
0.014847
0.095284
0.005692
-0.097238
-0.081193
0.017085
0.025981
-0.024933
0.051471
0.011504
0.012588
0.011612
0.008656
0.044788
0.016529
0.102440
0.009883
0.027868
0.044645
0.056044
0.039576
0.154499
0.058068
-0.013858
0.035985
-0.026993
-0.023967
0.000845
0.004885
0.017894
0.015055
-0.043352
0.109684
0.017716
0.010241
0.044628
0.006135
-0.040725
0.018344
0.073690
0.102968
0.022535
-0.061372
-0.062505
-0.042553
-0.064672
0.017201
0.039608
0.004192
0.060489
0.083649
0.018461
0.022289
0.073552
0.061398
0.098930
0.095988
0.077863
0.006015
0.046574
0.019189
-0.016021
0.052328
-0.039721
0.045010
-0.008130
-0.004747
-0.033527
-0.072905
0.034832
-0.041499
0.011130
0.128623
0.080131
0.033863
-0.010283
-0.057957
0.063885
0.092544
0.037827
0.083864
0.057322
0.025164
0.130029
0.035161
-0.060594
-0.011564
0.037876
-0.008837
0.029342
0.089735
0.022726
0.059982
0.092077
0.122908
0.161777
0.084337
0.009509
0.014624
-0.010719
-0.004219
0.012699
0.059222
0.019170
0.077361
0.073796
-0.003628
0.092928
0.072260
-0.016077
0.060695
0.010201
0.062113
0.017723
0.016884
0.040559
-0.044879
0.011878
0.078768
0.066163
-0.010010
0.023805
0.087898
0.012046
0.042012
0.033555
-0.042476
-0.068899
0.143657
0.016752
0.032267
0.072552
-0.090478
0.019110
-0.019908
-0.016679
0.012467
-0.012106
0.019147
0.048233
0.019979
0.002398
0.056066
-0.002444
0.012236
0.076481
0.004423
0.014683
0.044695
-0.024862
-0.108337
0.044146
0.013219
0.003279
-0.080952
0.012146
-0.028058
0.032336
0.033751
-0.103723
-0.007445
0.018127
-0.017287
0.032108
-0.013253
0.001205
0.032162
-0.019813
-0.042341
0.026661
-0.002669
-0.029415
-0.048133
0.006576
-0.074357
-0.055790
0.001081
-0.065389
-0.010720
0.057927
-0.043107
-0.054288
0.059205
0.051025
-0.016684
-0.033779
0.001719
0.018015
-0.013451
0.037069
0.032086
0.043685
0.037025
-0.012135
0.011507
0.053797
0.027083
0.049843
0.046876
0.018145
-0.033199
-0.009947
-0.031687
-0.006968
0.017217
0.020202
0.031911
-0.033984
-0.055957
-0.091411
-0.082512
-0.069337
0.012886
0.012820
0.023758
0.127748
-0.033592
-0.001994
0.124266
0.091862
0.069737
-0.052352
0.052331
-0.055234
-0.096771
0.068263
0.078924
0.003291
0.058580
0.049266
0.021859
0.020210
-0.017690
-0.023429
0.034504
-0.003587
0.070182
-0.023717
0.009757
0.068276
0.067251
-0.017754
0.016307
0.059030
0.087865
0.157013
-0.004354
0.024135
0.046200
0.042406
0.014647
-0.004229
-0.068190
0.075041
0.023683
-0.001616
0.059450
0.077987
0.045688
0.023066
0.049733
0.054194
0.006834
0.008261
0.015894
0.034725
0.024443
0.044233
0.068900
0.126506
0.069517
0.040895
0.122578
-0.018631
-0.026251
-0.008915
0.069029
0.000571
0.093101
0.101492
-0.011066
0.019328
0.010357
0.053328
0.031216
-0.007026
-0.146853
0.035455
-0.067150
-0.105928
-0.006359
-0.033851
-0.024425
-0.052843
-0.029262
-0.013539
-0.076896
-0.039255
0.029556
-0.028331
-0.160213
-0.034000
0.006488
0.028539
0.072939
-0.054473
0.083644
0.060718
0.082031
0.014316
0.062447
-0.019085
-0.019496
0.139675
0.032489
-0.015019
0.019887
-0.016157
0.006995
0.012750
0.032153
-0.037630
0.062237
-0.020586
-0.037895
0.040556
-0.023157
-0.013804
0.079860
0.031783
-0.033102
0.034712
-0.003880
0.042144
0.108157
-0.014148
0.062442
0.098791
0.012220
-0.007189
0.084359
0.090351
0.051017
0.069284
0.019828
0.062374
-0.020739
-0.025701
0.029244
-0.023500
-0.064221
-0.008960
-0.059433
-0.031083
-0.052283
-0.000358
0.010621
0.052163
-0.061660
-0.007444
0.065944
0.067795
-0.055186
-0.035143
-0.019057
-0.029303
0.048198
0.048337
0.005228
0.047793
0.005662
-0.044068
-0.002198
0.020874
-0.129765
-0.088191
-0.023907
0.053935
0.069518
-0.011420
0.039391
0.070276
-0.017143
0.053246
0.016083
-0.021172
-0.121269
-0.050049
-0.091622
-0.007004
-0.067063
-0.087783
-0.009945
-0.119124
-0.080796
-0.042507
-0.031112
0.039884
0.003425
-0.033232
0.021932
0.046169
0.040652
-0.062480
0.043977
0.027382
-0.081770
-0.047847
0.042834
-0.039998
-0.015437
0.019107
-0.023956
-0.030242
0.029448
0.017371
-0.084521
-0.121395
-0.009485
-0.084386
0.052176
-0.023220
-0.098848
-0.001113
0.034025
0.014959
0.061433
0.034274
0.044615
0.097550
0.092283
0.024754
-0.069704
0.015318
-0.009176
-0.077551
0.067762
-0.074587
-0.029917
0.014032
-0.064070
0.032087
-0.013849
-0.054626
-0.007401
0.025248
0.081013
-0.010336
-0.027707
-0.029355
-0.064048
-0.036314
-0.023064
0.014310
-0.034707
-0.023733
-0.034108
-0.068970
-0.009295
-0.073564
-0.112127
-0.063358
0.035479
0.035279
0.029701
0.129100
0.125877
0.018880
0.084306
0.114906
0.006113
0.084792
-0.043499
0.040451
0.069602
-0.126066
-0.084974
-0.043891
0.093991
0.110614
0.044023
0.041357
0.062524
-0.009683
-0.042852
-0.029890
0.088442
0.121253
0.095721
0.020470
0.040995
-0.008137
0.032678
-0.021953
-0.087872
0.005763
0.033594
0.013781
-0.004381
0.046070
0.017110
-0.003582
0.018462
0.002112
0.022254
0.047006
-0.025062
0.041835
0.116909
0.030176
0.008425
0.096191
0.023544
-0.035833
-0.082741
-0.007301
0.059948
-0.071550
-0.050998
-0.017759
0.043201
0.043532
0.025054
0.038176
0.053723
0.060172
-0.054224
0.007278
0.000398
0.059177
0.082204
0.015376
0.067798
-0.015347
-0.039725
0.014782
0.138188
0.094181
-0.078343
0.116086
0.050764
0.054216
0.039481
-0.081038
-0.003908
-0.077381
-0.052623
0.004626
-0.009073
-0.046992
0.027941
-0.008593
0.023788
-0.003155
-0.018470
0.005550
0.084776
-0.078938
-0.022671
-0.015692
-0.056602
-0.052005
-0.074690
-0.084926
-0.078776
0.029402
0.016750
0.019268
-0.045533
0.094986
-0.069192
-0.085230
0.003304
-0.130961
-0.059133
-0.033881
-0.006694
0.047169
-0.015220
-0.000050
-0.005961
-0.017939
0.056556
0.097295
-0.032666
0.150630
0.016700
-0.014943
0.047790
-0.050869
-0.014925
-0.071876
0.029703
0.048917
-0.006349
-0.037624
0.027498
0.073988
0.024270
-0.092470
-0.047480
0.013378
0.019315
0.055090
-0.000464
0.046400
0.025687
-0.003139
0.022420
0.117489
0.032240
0.032367
0.107903
0.028755
0.074023
0.016313
-0.021498
-0.011736
0.040122
0.074752
0.006904
-0.009004
0.135454
0.000400
0.058000
0.098061
0.053884
-0.025869
-0.093801
0.027659
0.030841
-0.072208
-0.075606
-0.021046
0.084944
-0.046029
-0.092502
-0.080635
-0.044980
-0.006659
0.003367
-0.056977
-0.056302
0.046245
-0.026997
-0.015973
-0.018729
-0.067798
-0.048102
-0.056056
0.026630
0.020991
-0.044416
0.038007
-0.020523
0.055979
0.037646
0.014553
-0.008512
0.002984
0.051126
-0.004571
0.074666
0.119910
0.076909
-0.036583
0.076135
0.096777
-0.023444
-0.085673
0.014935
-0.010089
0.046668
0.072427
-0.071449
-0.069971
0.040000
-0.047355
-0.004226
-0.042735
0.065930
0.104980
-0.049168
-0.021715
-0.018486
-0.096614
-0.051390
0.033229
0.019141
-0.031938
-0.013679
0.011804
0.021290
-0.155360
-0.072878
0.008585
0.059429
0.060820
-0.009797
-0.083773
0.031960
0.010038
-0.012448
0.009586
0.092099
0.039271
0.003446
0.022513
0.100703
-0.012558
0.001207
0.055374
-0.018423
-0.096959
-0.094408
-0.082517
0.006882
-0.014490
0.026238
-0.026934
-0.012632
-0.006620
-0.005341
0.050146
0.020892
0.040726
-0.003033
-0.028159
0.007183
-0.024069
0.002383
-0.060475
0.015270
0.040306
-0.003364
0.077606
-0.009808
0.091103
0.003665
0.037232
0.040593
-0.005936
0.034580
-0.024147
-0.026919
0.029296
0.030734
-0.059134
-0.030585
0.045969
-0.021861
-0.072299
-0.049878
-0.004517
-0.060406
0.020555
0.057496
0.004269
0.031826
0.102823
0.019047
-0.003057
0.074970
0.000390
0.019566
-0.010465
-0.042115
0.037963
0.068206
-0.007038
-0.024895
-0.063124
-0.142406
-0.036326
0.050441
-0.120358
0.024719
0.045183
0.041775
-0.004597
-0.005955
0.096245
0.126211
0.106379
0.051170
0.012511
-0.019688
-0.017395
0.002409
-0.013704
-0.038379
0.010148
0.038512
0.067024
-0.035802
-0.037845
0.022078
0.074224
-0.000115
0.023917
-0.034284
0.044680
-0.010091
-0.002052
-0.086717
-0.045896
0.064640
-0.032386
-0.034724
0.013537
0.003221
-0.048098
-0.038844
-0.104626
-0.115334
-0.082918
0.040289
-0.009042
0.020768
0.022780
-0.069219
0.019363
0.044785
0.065891
0.035629
0.137469
0.021366
0.026457
0.060340
0.101922
0.095451
-0.010968
-0.117360
-0.037895
-0.012967
-0.074704
0.007191
0.055781
-0.022657
0.020978
0.054094
-0.046905
-0.059085
-0.096801
-0.037512
-0.028527
0.000756
0.041445
-0.084416
-0.068116
-0.105641
-0.067446
0.009214
0.007181
0.017698
-0.048966
-0.058945
-0.016840
-0.035434
0.008469
-0.003462
0.007251
-0.018161
-0.097952
-0.057829
0.054793
0.028861
-0.106833
-0.020049
0.032708
0.158241
0.016248
0.076200
0.112653
0.019941
0.002719
0.001618
0.010562
0.013175
0.052232
0.063327
0.083046
-0.029051
0.040557
-0.021925
-0.021636
-0.024559
0.015623
-0.043582
-0.004702
0.085065
-0.019026
-0.044706
0.017708
-0.112454
0.043429
0.052994
-0.064453
0.038920
-0.008456
-0.049533
0.008339
0.047417
-0.026171
-0.049209
-0.013639
0.041705
-0.059766
-0.058185
-0.061201
0.023114
-0.006767
-0.059456
0.012414
-0.004911
0.032990
0.031461
0.009866
0.073802
0.021915
-0.096480
-0.001173
-0.022603
0.051382
0.040090
0.029389
-0.028389
0.004009
-0.014148
-0.024847
0.081053
0.048433
0.002385
0.039107
0.075308
0.055631
0.016544
0.068660
0.033445
0.004975
-0.103955
0.033000
0.088527
0.012176
0.131469
0.059745
-0.004252
-0.017166
0.053730
0.121123
0.085247
-0.019026
-0.042103
0.044877
-0.050149
-0.070349
-0.107707
-0.047504
-0.089861
-0.035941
0.006402
0.043124
0.060366
0.035012
-0.074387
-0.020565
0.026500
-0.051698
0.075078
0.001080
-0.033271
0.044563
0.023271
0.034737
0.072354
0.086515
0.100592
0.097574
0.019066
0.095957
0.104260
0.039017
0.025402
0.045187
0.088221
-0.012701
0.070406
0.191101
0.075975
0.042271
-0.070295
-0.011267
0.048009
-0.033566
0.017789
0.041343
-0.063867
-0.005465
-0.011935
-0.114397
-0.046433
-0.009545
-0.012281
0.014970
0.065643
0.104897
0.081971
0.065909
-0.032375
-0.000457
-0.026001
-0.017288
-0.003306
0.011062
-0.010928
-0.020021
-0.048429
-0.112060
-0.013061
-0.127730
-0.081762
-0.020106
0.018856
-0.005616
0.055047
0.051618
0.071405
0.048428
0.053120
-0.005819
0.034410
-0.032565
-0.053444
-0.095751
-0.124991
-0.074725
-0.126394
-0.019260
-0.051155
0.019299
0.003588
0.076399
-0.025390
0.073889
-0.002117
-0.076501
0.061450
0.064402
-0.018074
0.040115
0.027540
0.018284
0.005153
-0.077005
0.064572
0.061927
0.084188
0.011670
0.015006
0.081377
0.022899
0.013175
-0.030492
-0.016386
-0.033183
-0.055970
-0.005349
0.008364
-0.007329
0.007370
0.153395
0.069742
0.063048
0.056302
-0.040761
-0.062244
-0.095579
0.017181
0.004939
-0.008254
-0.033190
0.130323
0.036506
-0.038526
0.032520
0.001268
0.019528
0.048681
0.053082
0.018553
0.007467
-0.039612
-0.047347
0.042982
0.034211
-0.027950
-0.071736
0.003291
0.003068
0.050272
0.102473
0.092015
0.052797
0.019597
-0.083015
0.039832
0.081627
-0.000058
0.007052
0.107801
0.071402
0.055006
-0.005346
0.032336
0.016133
-0.070885
-0.018298
0.019809
-0.012838
0.101263
-0.097642
-0.073882
0.047958
0.011821
0.052005
0.024112
0.090560
0.035098
-0.030647
0.061544
0.010697
0.045822
-0.015923
-0.057054
-0.026292
0.008878
0.070407
0.019268
-0.001022
0.014253
0.031998
-0.014203
-0.011091
0.078325
0.087453
0.053112
0.029891
-0.068025
-0.028325
0.033889
-0.079601
-0.071172
-0.009604
0.023551
0.005174
0.000542
0.057629
0.030028
0.063561
-0.017004
0.009708
0.031759
0.013202
0.065140
0.006170
0.023697
0.061705
-0.082130
-0.017388
0.020871
0.093707
-0.006693
0.060389
0.049450
-0.054477
0.045153
0.015554
-0.050678
-0.077114
-0.004079
0.035330
-0.004093
0.011703
0.007405
-0.084954
0.039277
0.031536
0.044983
-0.017969
-0.020184
0.074318
0.089981
-0.068381
-0.030602
-0.012484
-0.041208
0.038021
-0.000955
0.070235
0.050200
-0.018530
-0.022999
0.051200
0.053557
0.037653
0.085526
0.058301
-0.094169
-0.113924
-0.066873
0.014157
0.030411
-0.088839
-0.018831
0.113705
-0.029681
0.011147
0.046515
0.007295
-0.062689
-0.003064
-0.006818
-0.091868
-0.022339
0.022363
0.036191
-0.007777
-0.025655
-0.012572
0.006068
0.031404
0.056997
0.096369
0.045478
0.066633
-0.088881
-0.107913
0.038472
-0.024378
-0.048416
-0.112129
-0.065105
-0.003307
0.018511
0.036518
0.083590
0.126068
0.036674
-0.051328
0.101864
0.068989
0.073975
0.026415
0.096548
0.090048
0.058134
0.090643
0.118316
0.069077
-0.061638
0.006428
-0.016391
-0.019070
-0.045533
-0.011262
0.019396
0.024125
0.010978
0.008583
0.020173
0.035726
0.001915
-0.014917
-0.048739
-0.010810
-0.060797
-0.040935
-0.006915
0.123091
0.010568
-0.040147
0.106552
0.055536
0.000978
0.085333
0.072432
-0.001733
-0.046466
0.030761
-0.053435
0.014676
-0.006301
0.029591
0.040634
-0.072881
-0.004098
0.041201
-0.002122
0.025506
0.069047
-0.064328
-0.051792
0.034468
-0.094002
-0.025323
0.004246
-0.022851
-0.028547
-0.086854
-0.084195
-0.071094
-0.136371
-0.116628
-0.120158
-0.022674
0.055155
0.055760
-0.001406
-0.138136
-0.051744
-0.029637
0.052751
-0.027777
-0.025342
0.082800
0.004675
0.051091
0.133893
0.039002
0.009700
0.004975
0.051248
0.038922
0.039964
-0.001975
0.020551
0.104909
-0.000081
0.084235
0.111191
0.027748
0.053278
0.029483
-0.026574
0.106639
-0.012564
0.047716
0.055847
-0.045131
-0.047969
0.038478
0.050877
0.037117
0.067503
-0.036614
-0.022068
0.009324
0.038470
0.053852
0.060948
-0.053061
-0.046307
0.039773
0.005253
-0.016694
0.069944
0.106847
0.065403
0.029062
0.009925
0.031365
-0.046828
0.030944
-0.010980
0.026650
0.012345
0.027997
-0.092067
-0.010628
0.106927
0.030862
-0.018854
0.032735
-0.071274
0.054202
0.060005
-0.089523
0.051333
0.080573
0.066796
-0.042923
-0.027016
0.104568
0.033862
0.058990
0.001087
0.048534
0.067884
-0.093667
0.036712
0.044958
0.036010
-0.034873
0.054715
-0.062481
-0.081674
-0.035035
0.078561
0.010257
-0.072838
0.004149
-0.030392
-0.007863
-0.013455
-0.033971
-0.043853
0.068239
0.000750
-0.086029
0.039695
-0.034733
0.092632
0.088131
-0.030058
0.086859
0.114824
0.027546
0.044933
0.023740
0.036460
0.065709
-0.011891
0.051876
-0.021247
-0.031573
-0.054378
0.033368
-0.031587
0.021208
0.118282
0.057253
0.034739
0.054019
0.030232
0.028110
0.097033
-0.000270
-0.018812
-0.020818
0.048166
0.056471
0.060351
0.057057
-0.010010
0.042024
0.081998
-0.007131
0.045263
-0.036880
-0.061363
-0.067899
-0.097738
0.047470
0.068562
-0.059248
0.000659
0.068389
0.101159
0.090454
0.142305
0.031822
0.015843
0.034300
-0.014315
-0.025390
-0.054453
-0.017289
0.020089
-0.011605
-0.037662
-0.012129
-0.022335
-0.016036
-0.006096
-0.032342
-0.018852
0.015864
0.075228
0.034189
0.025050
0.028717
0.071745
0.038680
0.044826
-0.020477
-0.013615
0.018453
0.054730
0.127734
-0.036794
-0.014819
0.032692
-0.071110
0.006341
0.062070
0.034422
0.013414
-0.035796
-0.070533
0.047569
0.058643
0.044674
0.133975
0.114596
0.023848
0.119718
-0.014663
-0.007146
0.141949
-0.064469
0.024109
0.016044
-0.026964
-0.082781
-0.016916
-0.029870
-0.052612
-0.026174
0.024533
0.008179
-0.092975
-0.021658
0.048252
0.072964
-0.019438
-0.041961
0.050921
0.007227
0.047956
-0.018342
-0.091985
0.043298
-0.017618
-0.002212
0.087776
-0.019280
0.000159
0.031948
-0.024207
-0.076994
-0.076187
0.060392
0.087588
0.045779
0.111348
0.027216
0.050174
0.007075
-0.126463
-0.057070
-0.051796
-0.061724
0.051038
0.072976
0.018616
0.003501
0.009900
0.025902
-0.017181
-0.015309
0.090899
0.084209
-0.024234
0.050794
0.063519
-0.046469
-0.107528
0.072503
0.029108
-0.040607
0.055824
-0.025160
0.051632
0.015219
-0.021385
0.036726
0.040033
0.007741
0.050778
0.011212
-0.024565
-0.037404
0.024541
0.048747
0.043565
0.066575
0.133251
0.039162
0.027540
-0.062463
0.025103
-0.032491
0.048647
0.016847
-0.048432
-0.046778
0.059327
-0.016813
-0.070623
-0.006767
-0.077363
-0.082926
-0.011159
-0.064647
-0.001173
0.051152
-0.047737
-0.047493
-0.041028
0.001033
0.023659
-0.006586
-0.038379
-0.045276
-0.071321
0.054330
0.043723
0.028998
0.086899
0.021303
0.009873
-0.041782
-0.005628
0.063394
0.011085
0.032742
0.057887
-0.064300
0.040082
0.085285
-0.079097
-0.038247
0.023361
-0.056709
-0.077081
-0.035093
-0.049579
0.002122
-0.052246
-0.009450
0.005165
-0.089852
-0.044823
0.018977
-0.058911
-0.059834
0.022628
-0.052995
0.025132
0.039168
0.029824
-0.026319
-0.006962
0.048573
0.069959
0.042714
-0.059600
-0.053220
-0.027374
0.010228
-0.014799
0.007021
0.081365
0.121773
0.065902
0.037295
0.043121
0.131663
0.081859
0.071697
0.084633
0.026739
0.002163
-0.021893
-0.079174
-0.066881
-0.081583
-0.084132
0.040967
0.014187
0.032646
-0.033803
-0.145348
-0.013604
-0.034447
0.005197
0.046679
0.026313
-0.015002
-0.031606
-0.040540
-0.063224
-0.042254
-0.015829
0.005872
0.003904
-0.016303
0.033905
-0.065063
-0.029489
-0.019131
-0.007756
-0.003110
0.049316
-0.005216
0.036158
0.025672
0.123129
0.069260
0.006073
-0.037087
-0.022168
-0.048464
-0.005646
-0.079455
-0.106616
-0.080170
-0.037319
0.030017
-0.023211
-0.021077
0.040452
0.051213
0.107621
0.015055
-0.001792
0.054155
0.080710
0.075476
-0.086578
-0.076375
-0.004992
0.016755
-0.023541
0.033156
-0.022413
-0.019930
0.001451
-0.026700
0.114555
0.043335
0.120071
0.111641
-0.072830
-0.047600
0.031207
0.110903
0.028510
-0.039750
-0.035124
0.033653
0.068151
-0.027150
0.063199
-0.005564
0.052035
0.003460
0.006163
0.013443
0.055547
0.076839
-0.010386
0.008914
0.020189
-0.029359
-0.028394
-0.068490
-0.017821
0.000720
-0.010655
0.114886
0.028193
-0.010533
0.065538
0.022534
-0.037928
-0.007917
0.061389
0.049179
0.024496
0.015123
-0.056696
-0.048854
-0.012481
-0.020222
0.049081
0.095455
0.104547
0.123665
0.066240
-0.002607
0.011968
0.049689
0.026079
0.048129
-0.043911
0.014549
0.038704
-0.051019
-0.116606
0.018699
0.080651
0.028202
0.042815
0.084981
-0.008130
-0.086615
-0.074235
0.032320
-0.028881
-0.010847
0.028677
0.028640
0.000763
-0.018025
-0.027422
-0.017323
0.036948
0.000882
0.008249
-0.090472
0.004114
0.067416
0.004437
0.088511
0.097560
0.057846
0.026467
-0.078877
-0.029125
-0.008672
0.121445
0.081812
0.005368
0.046768
-0.004406
-0.002678
0.040045
0.000229
0.093758
0.071455
-0.018055
0.051117
-0.075618
-0.044681
0.054830
-0.046647
-0.114608
0.028567
-0.094891
-0.055995
-0.003815
-0.035587
0.033236
0.011235
0.025279
-0.048029
-0.050614
-0.015400
-0.057337
-0.104534
-0.068625
-0.031183
-0.043587
-0.028697
0.101079
-0.010364
-0.056353
0.057835
0.040136
-0.013043
-0.101503
0.007605
-0.060972
-0.015984
0.027394
0.012544
-0.009852
-0.016215
0.054006
0.016268
-0.036599
0.081487
0.042866
0.018650
0.031021
0.046021
0.088039
0.031416
0.098392
0.085674
0.084759
0.162647
0.060013
-0.024271
-0.009712
0.095383
0.131073
0.018749
-0.058989
0.097985
0.075956
-0.030172
0.039500
0.063492
0.033814
0.157032
0.114380
-0.060458
0.030060
0.044568
0.005294
-0.011188
0.017694
0.089443
-0.057784
0.002033
-0.059715
-0.019635
0.015383
0.038759
0.010329
0.053041
0.016237
0.022292
-0.026229
-0.008201
0.024307
0.006851
0.070481
0.022408
-0.071583
0.007351
0.129397
-0.019488
-0.015194
0.028737
-0.016813
0.028678
-0.051403
0.036078
0.003538
0.032171
0.003716
-0.016225
0.027847
0.021872
0.051993
0.044029
0.041782
0.099748
0.054144
-0.092057
0.020737
0.045567
-0.026319
0.039633
0.003184
0.022124
0.013979
0.125873
-0.018467
0.108786
0.061890
0.097570
0.088906
0.012406
0.085925
0.048055
0.114663
0.092243
0.045076
-0.029722
0.116568
0.031221
0.025844
-0.030859
0.041588
0.013646
-0.007314
0.046814
0.018845
0.029274
0.130094
0.046308
0.053237
-0.005115
-0.025182
0.052106
0.074864
0.027216
0.001460
0.074410
0.044825
-0.125484
0.000138
0.067803
0.014239
0.069366
0.027790
-0.006953
0.048931
-0.024150
-0.034142
-0.012249
-0.110565
-0.020816
-0.009421
-0.081971
-0.017082
-0.008724
-0.064563
-0.035004
0.042064
-0.020255
0.037531
0.108421
0.071387
0.083590
0.005743
0.029415
0.042740
0.004935
-0.009964
0.047487
0.045162
0.044808
0.033355
0.035887
0.084150
0.105186
0.029188
0.016095
0.089447
-0.007698
0.062033
-0.004140
0.015546
-0.005521
-0.046011
0.010206
-0.082326
0.001007
-0.045493
-0.059701
0.027500
-0.002748
-0.027649
0.035787
0.030044
0.065271
0.045180
-0.072281
-0.052994
0.004201
0.026542
-0.024586
0.010327
0.069077
-0.009265
0.000373
0.088635
0.072826
0.063747
-0.031527
0.027600
0.000028
-0.036078
-0.046655
-0.052617
0.092657
0.015150
0.045346
0.055997
0.022738
0.092001
0.042715
-0.044766
-0.084136
0.032352
-0.010148
-0.052697
0.033898
0.013798
-0.033102
0.057408
0.026494
0.038633
0.091136
0.122916
0.007082
0.038819
0.080856
0.076602
-0.061223
-0.169754
0.013418
0.048648
-0.086926
-0.009570
0.012160
0.051955
0.130744
0.096160
0.026878
0.051019
0.056649
0.053741
0.003295
0.039542
0.087112
0.091720
0.021835
-0.039573
-0.088845
0.049533
0.043232
0.022958
0.007400
-0.075229
0.013314
-0.026278
-0.042556
0.034748
0.038349
-0.085090
0.038650
0.002029
0.011553
0.008133
-0.072987
0.045894
0.125216
-0.035647
0.008890
-0.074944
-0.002276
0.075098
-0.026316
0.039244
-0.017531
-0.097588
0.060821
0.004688
-0.113381
0.002551
0.023544
0.106695
0.040508
0.061584
0.146378
0.156675
0.016432
-0.007437
0.052734
-0.035120
0.036259
-0.079097
-0.083885
-0.013213
0.002065
0.029984
0.094671
-0.019899
-0.003315
0.089653
0.009216
-0.027545
-0.043066
-0.075137
0.019237
-0.016404
-0.002989
0.028148
0.054541
0.052302
0.010226
0.066474
0.022968
-0.031833
0.058739
0.050272
-0.073663
-0.006446
-0.028110
0.014487
-0.123539
-0.053184
0.048278
0.074307
0.077676
-0.043420
-0.079378
0.058999
0.033864
0.000232
0.019964
0.021392
0.057497
0.004236
0.055122
0.042923
0.018774
0.078752
-0.007060
-0.000908
0.017806
0.087833
0.033048
-0.016090
0.026220
0.007588
-0.046920
0.060694
0.085418
0.080827
0.052945
0.001525
-0.070326
0.005800
-0.038423
-0.029601
0.010115
0.049729
0.068137
-0.037493
-0.042802
0.042418
0.016135
0.013359
-0.033084
-0.061374
0.056987
-0.019984
0.026100
0.056331
0.066170
0.020276
0.059275
0.054496
0.054870
0.062282
0.134189
0.022530
0.007416
0.065984
0.055523
0.105097
0.026806
-0.153582
-0.010447
0.095847
-0.029595
-0.006592
0.100535
0.019917
0.023170
0.020081
0.082866
0.005529
-0.024846
0.021971
-0.077267
0.030731
-0.016094
-0.064972
0.012772
-0.034037
-0.074490
-0.025916
0.067101
0.053143
-0.036160
-0.040178
0.006108
0.030064
-0.028755
-0.014293
0.032520
-0.096790
-0.069448
0.024060
0.031659
0.012951
0.110894
-0.021966
-0.048879
0.079958
-0.068386
-0.050860
0.041858
-0.094773
-0.089705
0.006004
-0.008136
-0.007151
-0.037781
0.017112
0.009521
0.095532
0.029002
-0.004392
0.007246
-0.010727
0.068500
-0.004216
-0.044795
-0.026464
0.058152
-0.016749
-0.115025
0.052093
0.076247
-0.033937
-0.056982
-0.029596
-0.078518
-0.036194
0.040548
0.024225
-0.032540
-0.044486
-0.017406
-0.031745
0.008967
0.008422
0.053698
-0.072868
-0.024473
0.032501
-0.030544
0.038898
0.073001
-0.030417
-0.040953
-0.030630
-0.035811
0.023032
0.000238
-0.013352
0.099494
0.099443
-0.034660
0.040585
0.061266
0.035748
-0.010198
0.052139
-0.005911
0.005038
0.063656
0.088164
-0.010850
0.010893
0.019375
0.061004
-0.047707
-0.049451
0.015267
-0.056332
0.012471
-0.094935
0.027449
0.020309
0.017275
0.024091
0.059290
0.016727
0.008846
0.040258
0.043445
-0.067895
0.039025
0.033976
-0.045667
-0.085702
-0.032264
0.041501
-0.001119
-0.031432
0.052935
0.030116
-0.066117
0.006378
0.029407
0.011492
0.061424
-0.034294
-0.009693
0.002368
0.022700
-0.024582
-0.031575
-0.016662
-0.014890
-0.056021
-0.006702
0.003539
-0.029586
-0.043789
-0.026843
0.009953
-0.001160
0.063206
0.021157
-0.012508
-0.030721
-0.005184
-0.092495
-0.031122
0.048237
0.086298
0.077987
0.064428
0.104500
0.011940
0.005884
0.001718
0.054104
0.069504
0.029666
-0.021074
-0.015380
-0.082833
-0.100031
-0.001611
-0.010497
0.038831
0.036333
0.054311
-0.070034
0.024402
0.100247
-0.032146
0.108381
0.091947
0.024948
0.081913
-0.013330
0.084883
0.027316
0.009098
0.006469
0.021713
0.011133
-0.049480
0.067106
-0.089211
-0.047449
0.046642
-0.000199
0.038624
-0.024308
-0.017219
-0.089910
0.012874
-0.000127
0.034754
-0.033377
-0.025107
0.115781
0.034950
-0.051236
0.055562
0.001358
-0.013850
0.055714
0.081066
0.021267
-0.033589
-0.057788
-0.002701
-0.043836
0.008636
0.013963
0.035983
-0.015476
0.047589
0.022645
0.026798
0.037334
-0.053567
-0.041316
-0.003640
0.007054
-0.021687
-0.059717
0.011428
-0.074307
-0.049432
-0.065807
-0.005041
-0.045841
0.011774
-0.075089
-0.082312
0.029445
-0.024249
-0.095326
0.039681
-0.032978
0.004171
-0.005083
0.008327
0.055489
0.030974
0.011317
-0.033635
-0.028354
-0.090347
-0.051624
0.010119
-0.022523
-0.017989
0.021743
-0.050129
0.035615
-0.033464
-0.077256
-0.052147
0.019877
-0.047050
0.010563
-0.006573
0.116616
0.092127
-0.001605
-0.011179
-0.093295
-0.007312
0.089119
0.004026
0.049127
-0.042635
-0.075783
0.022407
0.022391
-0.025809
0.048759
0.063784
0.054600
0.056591
-0.128424
-0.017396
0.054744
0.045922
0.042712
0.014449
0.009960
0.009411
-0.095843
0.002250
0.019492
0.018857
-0.028933
0.012752
-0.055497
0.035079
0.041581
0.055015
0.104926
0.092738
-0.041804
0.036962
-0.014785
-0.060610
0.005782
-0.036081
-0.012447
0.038633
-0.061217
-0.070491
0.007203
0.005472
-0.060313
0.000650
-0.021049
-0.059041
0.090161
-0.011893
0.001918
-0.006747
0.026010
0.021160
-0.013552
-0.090751
-0.028511
0.005342
0.002744
-0.110108
-0.072022
-0.039456
-0.074766
0.048442
0.034069
0.035655
-0.023705
0.017301
0.062474
-0.044838
0.058889
0.076317
0.004404
-0.014160
0.014962
0.115675
0.052862
0.007772
0.063700
0.091476
0.100904
0.056021
0.032578
0.033593
-0.017312
0.041260
-0.037318
0.030969
-0.011538
-0.033415
0.026225
-0.015119
-0.072491
-0.025115
0.001991
-0.006450
-0.026984
-0.056625
-0.037269
-0.061450
-0.034636
0.058102
0.089455
0.089237
0.044394
0.102925
0.040111
0.049294
-0.031393
0.087269
0.052034
0.073657
0.022236
0.053071
0.145815
0.006268
-0.086630
-0.003273
0.063294
0.002624
-0.070160
0.084911
0.023127
0.002627
-0.039850
-0.068635
-0.058955
-0.031495
-0.107228
0.010813
0.036239
0.054008
-0.073909
0.077154
-0.006268
-0.051274
-0.054528
0.045081
0.073632
-0.011740
-0.034344
-0.079113
-0.020031
0.016740
-0.027476
0.101925
0.001737
0.015992
0.021849
0.049027
0.042065
0.134474
0.079957
0.049775
0.029414
0.016201
0.063471
0.018955
-0.064491
-0.059021
0.044150
0.009223
0.002629
-0.098248
0.037922
0.064413
-0.006176
0.005882
-0.077853
0.002528
0.065022
0.006788
-0.095711
-0.034390
-0.052914
-0.075390
-0.051925
-0.013424
-0.027291
-0.074299
-0.055010
-0.037962
-0.050282
-0.084638
-0.013301
0.025564
0.096413
-0.003612
-0.036692
0.009899
-0.031563
0.075924
-0.002334
-0.032775
0.119727
-0.013848
0.020725
0.036541
-0.081986
-0.059081
-0.044966
-0.049209
-0.011437
-0.062875
-0.017665
-0.044367
0.059304
-0.001260
0.075747
0.051498
-0.110375
-0.038216
0.023691
-0.020529
-0.045042
0.030434
0.024289
0.027224
-0.019635
-0.025547
-0.003545
0.008193
-0.006907
-0.055455
0.001305
-0.049009
-0.097246
-0.037987
-0.025354
-0.051801
0.021787
0.104045
0.139649
0.059170
-0.029601
-0.056301
-0.103243
0.005823
-0.008187
-0.087085
-0.010693
-0.024283
-0.020996
-0.050393
-0.017910
0.039171
0.035480
0.063972
-0.043438
0.021783
-0.047837
-0.043090
-0.073560
-0.062317
-0.107333
-0.022880
0.002642
-0.043476
-0.037002
-0.037489
-0.059302
-0.085157
-0.017405
-0.052149
-0.100774
0.118178
0.185084
0.102571
0.054251
0.027441
-0.005559
0.019836
0.004881
-0.032486
0.003518
0.023092
-0.008096
0.001451
-0.023448
-0.074297
0.048815
0.015364
0.023330
0.037095
0.074195
0.082484
-0.037410
-0.037217
-0.087725
-0.016769
-0.002945
-0.021757
0.027367
0.050959
0.018309
0.004737
0.088097
0.013407
0.029364
-0.024932
-0.101064
-0.115809
0.020896
0.014864
0.050141
0.094718
0.108420
0.086327
0.007712
-0.076544
0.017527
0.081432
-0.013495
-0.068440
-0.053616
-0.062560
0.056634
-0.043690
0.012899
-0.008017
-0.015091
0.012840
-0.019423
0.085755
-0.003128
-0.002407
-0.021287
0.006710
0.006087
-0.049164
0.014269
0.024112
-0.076339
0.018219
0.034337
0.093986
0.030857
0.022138
-0.008762
-0.059497
-0.079316
0.005711
-0.102207
-0.034533
-0.075895
0.077604
-0.015422
-0.071759
0.030677
0.109727
-0.015067
0.020133
0.040893
-0.056324
0.025817
-0.120534
-0.015715
-0.018746
-0.043349
-0.025728
-0.040062
-0.090597
-0.090514
-0.072929
-0.079635
-0.112089
-0.063178
-0.006318
-0.014132
0.029622
0.038275
0.017712
0.081618
-0.028363
-0.055129
0.017682
0.086365
-0.072656
0.011658
0.021874
-0.001224
0.014995
-0.004820
0.095695
0.113777
0.066897
0.084376
0.034467
0.039797
-0.086072
-0.009584
0.114865
-0.035031
0.067604
0.020474
-0.012046
-0.006124
0.023569
0.014839
0.035666
0.041539
0.036689
0.047725
0.063624
0.069917
-0.077160
-0.018074
0.008961
0.025519
-0.009206
-0.028207
-0.038906
-0.069904
-0.035549
-0.068849
-0.052722
0.108773
0.144239
0.057271
0.010068
-0.008578
-0.067715
-0.065304
-0.123661
-0.027765
-0.026494
-0.024693
0.058932
0.024471
0.025987
-0.000071
-0.004444
0.017648
-0.009683
-0.044416
0.119784
0.019089
0.032509
0.060144
0.084225
0.076828
0.010464
-0.097264
-0.018949
-0.032918
-0.088838
0.031521
0.005270
-0.051494
-0.006446
0.025937
-0.026463
0.002677
-0.034627
-0.038636
0.029025
-0.044134
-0.026058
-0.009346
0.000264
0.039767
0.006698
0.077266
0.075752
0.011095
0.072082
-0.027968
-0.086201
0.006182
-0.023148
-0.147274
-0.007302
-0.065073
-0.101691
0.032759
0.019329
0.051402
-0.039864
-0.060654
0.039213
-0.046188
-0.008093
-0.024338
0.018317
-0.013325
0.027377
-0.028987
-0.067464
0.018741
-0.007943
-0.042080
0.002771
-0.048910
-0.058682
-0.042986
-0.116691
0.018982
-0.015591
0.018383
-0.087472
-0.081785
-0.062909
-0.049353
0.007202
0.002288
-0.058469
0.014807
0.025622
0.020441
-0.010583
-0.091226
-0.016365
-0.074476
-0.049646
-0.078336
-0.085902
-0.023040
0.015430
-0.036569
-0.070246
-0.011489
0.019791
-0.070655
0.074995
-0.012069
-0.039163
0.087136
0.000686
-0.023042
-0.036002
0.025682
0.060756
-0.036902
0.014037
-0.020428
-0.004599
0.029747
0.034237
0.030931
0.089702
0.042431
0.010354
-0.021533
-0.043017
0.069905
0.038501
0.000886
0.085703
0.027989
0.002063
-0.053898
0.021069
0.062143
0.057328
0.073993
0.010053
0.005340
0.015820
0.030008
0.073774
0.066998
-0.015808
0.005991
-0.012433
0.019692
0.051138
-0.021317
0.015025
-0.023119
0.021581
0.043553
0.041166
0.035146
0.065369
-0.030951
-0.007405
-0.051036
-0.057145
-0.080086
-0.075557
0.036849
-0.031022
-0.025656
0.013038
-0.014781
0.046698
-0.047816
-0.030910
0.046294
0.043255
0.073604
0.115164
0.048884
-0.028952
-0.036075
-0.068207
0.004304
0.034311
-0.086030
0.012573
0.037170
0.052759
0.102245
0.050896
0.000228
0.053806
0.038345
0.073767
0.022121
0.093447
0.088567
0.066467
0.070148
-0.014845
0.036034
-0.036189
-0.086075
0.031818
-0.062905
0.028613
0.049677
-0.015020
-0.020554
-0.125576
-0.064951
0.057105
0.076891
0.121488
0.016353
0.083877
0.000876
-0.014359
-0.066190
-0.106873
0.016805
-0.058076
0.010612
-0.039563
-0.084719
0.022144
-0.042002
-0.050425
-0.024312
-0.103436
-0.056109
0.086650
-0.046724
0.037022
-0.008589
-0.055015
0.025249
-0.005711
-0.006395
0.070722
-0.002457
0.062483
-0.006427
-0.090245
-0.054535
-0.082625
-0.025735
-0.010229
0.052757
-0.003090
0.031760
0.062934
0.016943
0.049529
0.112868
0.059689
0.009912
-0.054525
-0.018581
-0.077096
-0.047588
0.027564
0.060126
-0.033686
-0.071554
0.012228
0.067881
-0.002416
0.075158
0.071297
0.039852
0.047497
0.125991
0.101101
-0.061011
0.108047
0.035919
0.105152
-0.045086
0.022429
0.006640
0.014159
-0.029023
0.104869
0.107378
0.030127
0.108225
0.005054
-0.050322
-0.002205
0.007464
0.105464
-0.014824
-0.031102
0.086398
0.009833
0.040416
0.009137
0.069483
0.029229
-0.007880
0.087244
0.061425
-0.004511
-0.100267
-0.043893
0.022458
0.041711
0.056887
0.113746
0.102623
-0.002328
0.072066
-0.055618
0.017275
0.088376
0.005749
-0.041546
0.106069
0.051404
-0.017515
0.025847
0.046288
0.049287
0.023833
0.039338
0.105839
-0.017296
-0.049780
0.010613
0.075531
-0.056940
-0.007558
-0.011623
0.009884
0.024745
-0.084686
-0.065710
0.055813
-0.033059
-0.065120
-0.080097
-0.055241
0.038229
-0.002546
-0.028148
0.006089
-0.041181
0.007633
-0.025820
0.037983
0.054283
0.023666
0.011703
0.016118
0.004481
0.001181
-0.026706
-0.043354
0.016625
-0.059167
-0.031721
0.050470
0.008840
0.005287
-0.019012
-0.036301
-0.017286
0.072217
0.011948
-0.026056
-0.001450
0.084861
0.001041
0.051523
0.089555
0.014047
0.088363
0.014012
0.050415
0.051520
-0.016573
-0.022130
0.015241
-0.077786
-0.062448
0.033359
-0.063603
-0.040477
0.000599
0.014206
-0.034592
-0.007331
-0.028588
-0.094327
0.017326
0.038218
0.023805
-0.003787
0.136126
0.082728
0.018075
0.058054
0.057562
0.022714
-0.017444
-0.018156
-0.007402
0.057723
0.080014
-0.048159
-0.016481
-0.014588
-0.017800
-0.100262
-0.019490
-0.144225
-0.022437
0.033377
-0.083378
0.039758
-0.031915
-0.044747
-0.008295
0.036701
-0.068653
0.005720
0.038557
0.057108
0.121372
0.061771
0.009217
0.016475
-0.035566
0.045498
0.014823
0.038331
0.035015
0.012092
0.044701
0.041857
0.054839
0.022494
0.002011
-0.014562
-0.067237
-0.141869
-0.017742
-0.070373
0.007041
0.055015
0.009131
0.044599
0.008573
0.012473
-0.053945
-0.047062
-0.038038
0.003042
0.034741
-0.045133
0.031108
0.014307
-0.001579
0.037689
0.149171
0.039168
0.083060
0.068018
-0.018415
-0.017846
-0.024781
0.039755
0.106463
0.034576
-0.013428
-0.008800
-0.016289
-0.062661
-0.038199
-0.018093
0.033848
0.030107
-0.016730
-0.011830
-0.110300
-0.005235
-0.024290
-0.066699
-0.050074
0.055611
-0.033010
-0.006000
0.098746
0.071501
-0.069520
-0.052220
-0.035126
-0.042342
-0.027454
0.117635
0.023774
-0.073488
-0.044300
-0.069664
0.012566
-0.031530
0.060882
-0.014874
-0.041091
-0.022313
0.028622
-0.037479
-0.111820
0.011938
-0.035049
-0.093974
-0.008620
-0.089098
0.036076
0.080732
0.019717
0.005012
0.019136
-0.046289
0.053270
0.018618
0.030837
-0.007202
0.031886
-0.002617
0.025125
0.037361
0.031149
-0.018411
0.028565
0.104272
-0.020512
-0.004458
0.020298
-0.019480
-0.065517
-0.026542
0.055650
0.073359
0.001150
-0.032470
0.031433
0.050778
-0.072931
0.013427
-0.014278
0.005654
-0.032472
-0.028822
-0.053291
-0.010021
-0.014281
-0.008473
-0.069530
-0.073046
0.047069
-0.043865
0.009868
0.040512
0.031740
0.096073
0.047933
0.014669
-0.035728
-0.073063
-0.113979
0.066189
0.063936
-0.076479
0.017858
-0.077554
-0.029318
0.091086
0.073992
0.026618
0.080614
0.032192
-0.006245
0.070472
0.031020
0.096188
0.004784
0.034798
0.125091
-0.028574
0.043553
-0.013207
-0.024390
-0.003982
0.053054
0.011305
-0.006376
0.035190
0.101733
0.096074
0.019512
-0.008695
0.019452
0.031168
-0.011059
0.093159
0.100128
0.105323
-0.012624
-0.004790
-0.023623
-0.067175
0.042503
0.013670
-0.037145
0.030928
0.021623
0.036655
0.043422
0.049047
0.010880
0.030430
0.012393
0.007872
0.005962
0.097384
0.083593
-0.061630
0.027308
0.014194
-0.079949
-0.048689
-0.058305
-0.021814
0.036057
0.082246
0.029986
0.083734
-0.030884
0.003516
-0.037753
0.035616
0.043170
0.054708
0.080808
-0.015420
-0.053277
0.021176
0.079605
0.000454
-0.012229
-0.063231
0.061195
-0.085399
-0.061057
-0.011314
-0.104890
-0.065008
-0.053189
-0.068499
-0.027062
-0.044976
-0.065236
-0.100111
-0.039107
-0.017414
-0.021141
-0.010086
0.006306
-0.040045
-0.009457
-0.016832
0.087756
-0.039541
-0.075753
0.051242
0.087977
-0.067111
-0.055509
0.097292
-0.022120
0.013540
0.016472
-0.027629
0.018579
-0.026075
0.015710
0.033536
0.015407
-0.075678
-0.043290
0.019891
-0.016838
-0.024824
0.010997
-0.024832
0.007456
-0.009389
-0.004605
-0.002448
0.112668
0.068116
0.054270
0.064252
-0.087193
-0.066071
0.035638
0.026835
-0.021681
0.045073
-0.030643
-0.030395
-0.053017
-0.098245
-0.008296
0.009672
-0.023993
0.018648
0.092757
0.078727
-0.035227
0.036695
0.088143
-0.051810
0.026393
0.068231
0.080955
0.081165
0.073039
0.044717
0.131064
0.047550
-0.026116
0.106553
0.138345
0.057749
0.088843
-0.037872
-0.074808
0.094232
-0.089021
-0.040989
0.026420
-0.075239
-0.038701
-0.019977
-0.113334
-0.002395
0.021616
-0.114516
0.051208
0.122875
0.043401
0.083726
-0.037014
0.029539
0.052870
0.011231
0.010432
0.006830
-0.018082
-0.014268
0.003135
0.031272
-0.058440
-0.011989
-0.048402
-0.020404
0.032388
0.059309
0.102303
-0.000595
0.005099
0.028093
-0.017983
-0.027849
-0.048789
0.042832
-0.058936
-0.033054
0.040026
-0.075303
0.001301
0.026067
-0.040771
0.015254
0.015797
0.006962
0.121626
0.049326
0.025066
0.025700
0.100624
0.016214
-0.004170
0.023772
-0.018218
-0.060216
0.016876
0.006254
-0.007317
-0.058128
-0.171043
0.008033
-0.018315
-0.064247
0.029211
-0.090577
-0.020983
0.011060
-0.071108
-0.056376
0.036340
-0.030872
0.009356
0.031344
0.051321
0.057682
0.023113
-0.088545
0.026146
-0.081188
-0.060381
0.111344
-0.012818
-0.046289
-0.027145
0.008492
0.041970
-0.022213
0.072799
0.068540
-0.000697
0.014552
0.074066
0.076431
0.046933
-0.020081
-0.042860
0.017684
-0.059626
0.010609
0.083368
0.111140
0.052266
-0.065433
-0.046976
0.006147
0.116833
0.006937
-0.060296
0.015906
0.011411
-0.054508
0.024520
-0.020811
-0.088133
-0.103657
-0.003363
-0.007066
-0.026196
-0.007552
-0.078690
-0.032027
0.083114
0.032189
-0.023234
-0.002695
0.011902
0.061273
0.068480
0.044902
0.041991
-0.054905
-0.041532
0.008749
0.000524
-0.017594
-0.009290
-0.011037
0.017994
-0.137156
-0.062026
-0.051330
-0.103069
-0.118494
-0.007816
-0.045079
0.028336
0.042757
-0.087541
-0.048233
-0.032445
-0.054632
0.039640
-0.047023
-0.008696
-0.024156
-0.037257
0.056007
0.006201
-0.035825
-0.020750
0.047523
-0.026291
0.038550
0.014990
-0.021961
-0.023463
0.093923
-0.006312
-0.034103
-0.029224
-0.030368
0.024048
0.119188
0.026078
0.049958
-0.054940
-0.042743
0.045063
0.094009
0.048645
-0.003968
-0.036733
0.050373
-0.125946
-0.063176
-0.033032
-0.069568
-0.090763
-0.073510
0.024556
-0.000887
-0.006997
0.046790
0.076917
0.064119
-0.012943
-0.026696
0.033673
0.023233
0.053365
-0.029620
0.006978
0.033352
0.028537
0.007195
-0.025369
-0.025649
-0.026105
0.010068
-0.071939
-0.068158
-0.069032
-0.036970
0.005440
-0.029274
-0.031613
-0.054213
-0.007514
-0.044653
-0.029132
0.050738
0.057002
-0.001668
0.076552
0.055525
-0.033738
-0.020842
-0.001013
0.019631
-0.063101
-0.034376
-0.083336
0.003034
-0.044124
0.013777
0.019795
-0.014741
0.078501
-0.053110
-0.045567
-0.024782
0.003055
-0.018811
-0.110270
-0.084068
-0.033848
-0.038699
0.017531
0.037261
-0.022661
-0.021451
-0.100721
-0.008412
0.008062
0.032836
-0.039805
-0.039967
-0.071716
-0.042457
0.059193
-0.064111
0.076862
0.026548
0.060301
0.021722
-0.016410
0.013824
-0.100495
-0.096681
-0.033254
-0.011575
0.016101
-0.060528
-0.019159
-0.017342
-0.017057
0.069923
0.082538
0.015271
-0.088314
-0.073310
-0.052696
-0.018727
0.096289
0.073259
0.064947
0.049407
0.031209
-0.051556
-0.044217
-0.029498
-0.132356
-0.018845
0.037461
-0.081306
0.004624
0.014649
0.004445
0.085490
0.026135
-0.028875
0.059341
0.051851
0.055757
0.011570
0.028158
0.000782
0.009237
-0.038201
0.075926
0.068008
-0.038551
0.010835
-0.006855
0.004592
0.055694
0.038826
-0.021659
-0.033296
0.040612
-0.120491
-0.049000
0.034030
0.048327
-0.045092
-0.009723
0.033578
0.036861
-0.007515
0.020431
0.099755
0.067905
-0.011541
-0.014365
0.044834
-0.032921
0.021778
0.017854
-0.018024
0.158245
0.080967
-0.010903
0.052344
-0.002028
0.117768
0.051088
-0.001551
0.056839
0.014120
-0.019302
-0.072469
0.009550
-0.035914
-0.060872
-0.044905
-0.073498
-0.179265
-0.123120
0.017460
-0.096257
-0.042679
-0.035104
-0.014398
0.035522
-0.064346
-0.001774
0.051060
-0.012878
-0.029306
-0.024292
-0.001380
-0.117241
-0.081263
0.026338
-0.016426
-0.082235
0.098100
0.054626
0.014513
0.043935
0.045475
0.002285
0.027931
-0.018771
-0.049576
0.013207
0.024861
0.018224
0.096130
0.014698
0.037370
-0.007789
-0.018423
-0.050310
-0.034799
-0.032110
-0.019603
-0.033700
-0.005615
0.045141
0.036464
-0.011123
-0.103540
-0.038858
0.072639
-0.028759
-0.002823
-0.052082
-0.087068
-0.047350
-0.039073
0.054584
0.129834
0.050158
-0.060017
0.015947
-0.020046
-0.110238
-0.050649
0.096257
0.049120
0.007986
-0.043211
-0.119590
-0.005779
-0.058328
0.013323
0.085414
0.000484
-0.130494
0.026932
-0.045212
-0.169282
-0.037708
0.000946
-0.023688
0.010447
-0.029640
0.044128
-0.016141
0.001428
0.062098
0.081218
0.062554
0.037073
-0.004873
0.021231
-0.009783
-0.056674
-0.077559
0.013460
0.020957
-0.069490
-0.025828
-0.036697
0.012138
0.089977
-0.004729
-0.020786
0.051209
-0.023063
0.030985
-0.005608
-0.064743
-0.015042
-0.020802
0.000798
0.073873
-0.031085
-0.052602
-0.031178
0.070577
-0.003074
-0.052332
-0.082805
-0.039307
-0.077450
-0.053614
0.098083
-0.000225
0.059073
0.012826
-0.061022
-0.044577
-0.048578
-0.004861
0.083668
-0.005395
0.015442
0.059211
-0.013032
-0.014036
0.025569
0.126345
0.012931
0.003812
0.013609
0.005870
0.048464
0.047980
0.027391
0.035058
-0.009894
0.036408
0.077389
0.094454
0.109375
-0.006003
-0.094022
-0.017947
-0.094465
-0.114816
0.015340
-0.001942
-0.002216
0.032088
-0.122106
-0.015566
0.018493
0.041856
0.037612
-0.043470
-0.054016
-0.074160
0.082929
-0.016349
-0.047135
0.058505
0.017575
0.117260
0.056277
0.075719
0.016899
0.079683
0.015043
-0.012042
0.062305
0.070720
-0.010054
0.002583
0.050843
-0.030410
-0.000764
0.076806
0.035277
-0.015920
-0.007417
0.053127
0.020711
0.105466
0.028934
-0.068879
-0.079774
0.042945
-0.108617
0.077195
0.067403
-0.024012
0.040189
0.084177
-0.010681
-0.017090
0.023473
-0.108914
0.037425
0.015816
-0.062522
-0.121345
-0.023370
-0.031058
-0.083817
0.076365
-0.050833
-0.047016
0.033359
0.037564
-0.022653
-0.135842
-0.128210
-0.049577
-0.097201
-0.039969
-0.074083
-0.039420
-0.004044
0.025771
0.008628
-0.009503
0.024089
0.057188
0.084852
0.086965
-0.003732
0.031356
-0.033101
0.045070
0.071879
0.027747
-0.115043
-0.053984
-0.039421
-0.083342
-0.070109
-0.090230
-0.059447
-0.096628
-0.120366
-0.120599
-0.037655
-0.000263
0.013250
0.014971
0.026431
0.006922
0.042470
-0.053113
-0.060371
-0.048544
-0.041198
-0.128290
-0.039585
-0.058235
-0.004428
0.075830
-0.013801
-0.026960
0.050089
0.045082
0.045361
-0.057316
-0.050274
-0.051085
0.081919
0.043254
0.028151
0.056169
0.004696
0.003262
0.004049
0.075066
0.023473
0.087796
0.018781
0.076382
0.032442
0.091617
0.086309
0.016991
-0.016908
0.071810
0.051570
-0.040122
0.031452
-0.016279
-0.059280
0.032042
-0.016924
-0.035238
0.078873
0.038432
0.071694
0.079038
0.016620
0.052991
0.039863
-0.068522
0.023527
0.055221
-0.034039
0.023223
0.036931
-0.028618
-0.078011
-0.044705
-0.061094
-0.056337
0.004848
0.008211
0.105192
0.068734
0.038984
-0.023267
-0.036927
-0.029914
-0.005997
-0.008912
0.011628
-0.030481
-0.092658
-0.005309
0.046835
-0.030777
0.021245
-0.072210
0.017847
0.091596
-0.011961
-0.033500
-0.041656
0.027423
-0.021094
-0.103186
-0.009557
-0.125594
-0.063002
0.056719
0.006933
0.116819
0.000629
0.075457
0.010535
-0.058520
0.008932
-0.008608
-0.053218
-0.000290
0.102433
0.010219
0.020829
-0.001585
-0.005513
-0.006284
-0.041254
-0.095759
0.030111
-0.001253
0.076288
-0.045839
-0.030462
0.017497
-0.089587
0.073328
0.038327
-0.004045
0.015943
-0.077380
0.007084
-0.070974
-0.213621
-0.061465
-0.007128
-0.033700
-0.051479
-0.031188
-0.111068
-0.026434
-0.044298
-0.029869
-0.039748
-0.039483
0.017652
-0.038330
0.082294
0.044010
-0.100783
-0.038905
-0.039812
-0.034461
0.058139
0.073882
-0.001400
0.014354
-0.003596
-0.044713
-0.027201
-0.033298
0.012381
0.007614
0.040780
0.035494
-0.019996
0.055021
0.051216
-0.045656
0.036249
0.036581
0.015459
-0.019920
-0.071570
-0.078141
-0.002295
-0.042823
0.030749
-0.013530
0.046774
0.006176
0.015482
-0.030321
0.065193
0.019690
-0.055162
-0.056291
0.061956
0.050290
-0.004137
0.095304
-0.000697
-0.112729
0.020565
-0.023307
-0.017026
0.018620
-0.038481
0.059571
0.058140
-0.001666
0.035477
-0.044259
-0.036513
0.002389
0.031425
-0.058567
-0.095734
-0.035815
0.017905
-0.057794
-0.116805
0.017856
-0.042782
-0.012583
0.019711
-0.010186
-0.015569
0.055068
-0.051919
0.044839
-0.021712
-0.054884
0.000653
-0.039158
-0.073029
-0.139169
-0.026755
-0.020001
-0.011162
0.025530
0.025711
0.013867
-0.069131
-0.058046
-0.083204
-0.032148
-0.082502
0.045676
-0.018852
0.036311
0.074270
0.045226
0.097965
0.075159
0.002496
-0.034267
0.002368
-0.093110
0.018524
-0.021693
0.015004
-0.026967
0.015663
0.004593
-0.010317
-0.083037
-0.023434
-0.027778
-0.116674
-0.045503
0.020254
0.072553
0.003235
-0.018232
0.055104
-0.055857
0.051241
-0.026770
-0.028863
-0.011594
0.029865
0.020849
-0.175730
-0.066582
-0.009139
-0.042303
-0.050842
-0.012215
0.024414
0.033946
0.027829
-0.112368
-0.032801
0.067783
0.097666
0.137605
0.105070
0.012619
-0.029472
-0.093966
-0.045085
-0.101268
-0.103183
-0.083196
0.040217
0.058610
-0.042057
-0.126315
-0.016939
-0.002903
-0.014164
-0.017715
-0.083522
-0.081210
0.049021
0.053024
0.056948
0.000734
-0.082074
0.008655
-0.118929
-0.128559
-0.097165
-0.018264
-0.081285
-0.028702
-0.015719
-0.115991
-0.070478
-0.102521
0.013926
-0.031679
-0.028668
-0.059402
-0.083925
-0.023226
0.071236
-0.008228
-0.082263
-0.061652
0.038001
0.033564
-0.041487
-0.006584
-0.039085
0.007088
-0.020026
-0.106576
-0.021526
-0.098890
-0.106731
-0.063708
-0.034230
-0.047142
-0.045828
0.056367
0.060671
-0.040910
-0.066515
-0.019703
-0.012576
0.014394
0.031038
-0.046189
-0.040907
-0.038446
0.032443
-0.031376
-0.009098
-0.057834
0.024124
0.023605
0.019520
0.115473
0.093377
0.007618
-0.007505
0.033436
-0.032697
-0.001980
-0.002979
0.007357
-0.020534
-0.038731
0.003565
0.044464
-0.008936
0.041741
0.055416
-0.002189
0.076845
0.025290
-0.005551
0.012165
-0.096432
-0.110580
-0.002274
0.075825
0.037365
-0.015629
-0.036750
-0.066913
0.007497
-0.057564
-0.001760
0.050647
-0.058696
-0.116633
-0.065219
-0.136038
0.033318
0.064623
0.071062
0.121240
0.065223
0.016827
0.050963
0.087560
0.013768
0.030138
-0.041700
-0.054044
-0.039551
-0.066082
-0.118740
-0.078078
-0.017358
0.007983
0.016490
-0.068032
-0.020686
0.010384
-0.065311
-0.018436
0.000612
-0.035524
-0.043221
0.009802
-0.075991
0.028595
-0.040518
-0.080057
0.068608
0.049123
0.034787
0.078718
-0.053719
-0.011112
-0.048873
0.004746
0.024621
0.017607
-0.000805
-0.013133
-0.013258
0.035622
-0.051061
-0.074396
-0.067329
-0.042104
0.033621
-0.010012
-0.025763
0.048631
0.088259
-0.007852
0.021741
0.009308
0.002224
0.037967
-0.042801
0.033551
-0.122383
0.011283
-0.013943
-0.044426
-0.039260
-0.055597
-0.034182
-0.098358
0.002989
-0.090273
-0.007476
0.024521
0.006064
-0.061367
-0.094551
-0.027111
-0.063480
0.003287
-0.039651
-0.018586
0.057873
0.083942
0.108277
0.056759
-0.075692
0.017553
-0.024102
-0.031587
0.020350
0.037872
-0.044340
-0.037492
-0.112777
-0.083415
-0.034073
-0.078029
-0.006719
0.058941
-0.036760
-0.014203
0.017939
0.002548
0.123136
-0.055205
-0.008876
0.088707
0.017737
0.079395
0.020018
0.025403
-0.097590
-0.065721
0.060445
-0.024231
0.041694
-0.011462
-0.030643
-0.099183
-0.082055
-0.017089
-0.061294
-0.140979
-0.149654
-0.029925
-0.000057
-0.022661
-0.032575
-0.070032
-0.017372
0.055585
-0.002500
-0.013858
0.043242
0.131736
0.067735
0.023805
0.005173
-0.022301
0.100757
0.051308
-0.042975
0.074682
0.060033
0.045060
-0.073306
0.047363
-0.007560
-0.058116
0.066804
-0.079926
-0.049883
-0.071980
0.014128
0.019662
-0.073404
0.034801
-0.006610
-0.053137
-0.036576
0.048098
0.033535
0.004263
0.028080
0.076312
0.090669
0.052457
-0.050618
-0.066935
-0.032366
-0.049707
-0.030282
-0.044781
-0.013113
0.063680
0.009939
-0.020038
0.061014
0.055138
-0.077845
-0.083145
0.078107
0.066300
-0.052030
-0.008837
0.001490
0.009774
0.028055
-0.032289
-0.101420
-0.008041
-0.040001
-0.018462
-0.096533
-0.017117
0.028294
-0.020050
-0.013884
0.027882
0.100473
0.005316
0.040872
0.044692
0.049558
0.049300
0.084845
0.100477
0.004157
-0.028581
-0.005707
-0.075371
-0.058922
0.077659
-0.039532
-0.066588
-0.012657
0.022179
0.065028
-0.014186
0.023154
-0.058880
0.007582
-0.013871
-0.120409
-0.099021
-0.078733
-0.048905
-0.028431
-0.009219
-0.012396
0.049542
-0.032773
-0.095117
0.018693
-0.047189
-0.005232
0.111428
0.077170
-0.031677
0.023515
0.038903
0.023193
0.045624
0.030586
0.045507
-0.056560
-0.000015
-0.071113
-0.081560
-0.011334
0.009489
0.014007
-0.003346
-0.059534
-0.024526
0.073057
0.021434
0.073144
0.089402
0.004059
0.002370
0.048625
0.003788
0.017449
0.098730
-0.032920
-0.018764
0.024618
0.004395
-0.095699
-0.007335
0.002313
0.054887
-0.029931
0.027753
-0.019431
-0.000286
0.007359
0.090912
-0.014057
-0.036413
0.012037
0.010552
-0.040594
-0.041245
-0.025988
0.038147
0.016313
0.045329
-0.017794
-0.007517
-0.040007
-0.161962
-0.052770
-0.136022
-0.063534
-0.001775
-0.026301
0.019712
-0.037359
-0.059957
0.130243
0.001287
-0.007980
-0.038977
-0.028410
-0.052087
-0.098982
0.003332
0.091017
0.082543
-0.004603
0.046335
-0.040077
-0.009091
0.047873
0.001843
0.022744
0.046970
0.064724
0.143014
0.153665
0.105403
0.015181
0.035021
0.000464
-0.002896
-0.070029
-0.089136
-0.028166
-0.016453
-0.061778
-0.061933
-0.005212
0.026776
-0.034487
-0.038741
-0.066787
-0.007739
-0.025820
-0.048899
-0.043687
-0.131022
-0.061700
-0.096721
-0.151876
-0.063033
-0.016441
-0.020432
-0.036211
-0.087314
-0.047328
-0.016405
-0.085450
-0.113961
-0.008053
0.012387
-0.066844
-0.053385
-0.026580
-0.095383
-0.024782
-0.042668
-0.041874
0.002649
-0.050201
-0.076268
-0.030885
-0.048981
0.014504
0.034218
-0.043163
-0.056981
-0.014453
-0.033183
0.082518
-0.007541
-0.016056
0.007139
0.071255
-0.094521
-0.036641
-0.055181
-0.035252
-0.101125
-0.018136
-0.029956
-0.004708
-0.032815
0.066253
0.011319
-0.056338
0.040508
-0.072047
-0.024604
-0.040465
-0.069181
-0.031135
0.049234
-0.041191
-0.002733
0.100930
-0.070639
0.013660
0.013078
0.007083
-0.038951
-0.097554
-0.075710
-0.063831
0.011202
0.062041
0.054442
0.008678
0.041526
-0.041607
0.035970
-0.038086
0.010470
-0.035142
-0.019048
0.045934
0.028451
0.078749
0.010343
-0.018831
-0.003692
0.059937
0.058647
-0.036817
-0.018256
0.016240
0.028296
0.038220
0.048724
0.016319
0.058283
-0.001020
-0.049008
0.043918
-0.021479
-0.005131
0.043218
-0.001810
-0.004096
-0.000221
0.009643
0.029963
0.066716
-0.019964
0.015402
0.075408
-0.110870
-0.011192
-0.035575
-0.053608
-0.051529
0.074358
0.017807
-0.031194
-0.028691
-0.150463
-0.088933
0.047624
-0.023228
-0.012832
0.046109
0.046314
-0.067568
-0.015249
-0.038810
-0.048648
0.041536
-0.045323
0.044130
-0.010853
0.029593
0.004230
-0.001918
0.062082
-0.047388
0.035000
0.007109
-0.023741
0.019856
0.052807
-0.014220
-0.017089
0.082649
0.094356
0.002353
-0.014363
0.005246
0.064171
0.080584
0.000048
0.122279
0.068551
0.087466
-0.016217
-0.040283
-0.018895
0.024908
-0.065228
-0.029188
0.081142
0.028203
0.090940
0.071000
0.048555
-0.002740
-0.016966
0.032786
-0.057757
0.074805
0.022254
0.042599
0.150983
0.081954
0.084943
0.002104
0.013472
0.041429
-0.006025
-0.074204
-0.033561
-0.032677
-0.007075
0.051672
-0.004274
0.033528
0.006620
-0.010042
0.067018
0.111647
0.128148
0.118748
-0.066171
0.031167
0.018120
0.048195
0.039437
-0.007734
0.043722
-0.046880
-0.125436
-0.067957
0.054768
-0.003282
-0.061337
-0.013851
0.073056
-0.040006
-0.033854
-0.032677
-0.059281
-0.027759
-0.027800
-0.019207
0.010241
-0.024819
0.052234
-0.036371
0.003273
0.042597
0.061495
-0.071529
0.060198
0.019673
-0.031294
0.050095
0.023246
0.043922
-0.002770
-0.004499
-0.033652
-0.018243
-0.041399
-0.042096
0.037344
0.034235
0.023980
-0.008793
-0.018804
0.097093
-0.011525
-0.030303
-0.006107
-0.048400
-0.030801
-0.043348
-0.023814
-0.019427
0.035680
0.089278
-0.046978
0.022672
-0.007441
0.004627
-0.096807
-0.065052
-0.039095
-0.012143
0.092226
0.028700
0.044291
-0.036927
0.064685
0.085831
0.009671
0.082674
0.059115
0.021559
-0.063381
0.001153
0.028053
-0.045774
-0.062127
0.076443
0.023457
0.019763
-0.036045
-0.041363
-0.023668
-0.012325
0.045320
-0.005571
-0.018531
0.014896
0.001809
-0.016423
0.012979
-0.026333
-0.025020
-0.016663
0.022463
0.007492
0.088340
0.018403
0.027198
-0.005683
-0.008755
-0.019553
0.056702
0.179846
0.080501
0.027272
0.049066
0.028544
-0.054797
-0.029167
0.127322
0.026336
-0.077385
-0.084164
-0.072062
0.050748
-0.027698
-0.074656
-0.020335
-0.025242
0.000790
0.015627
-0.003908
0.099583
0.046029
0.028455
0.008223
0.058387
-0.042188
-0.031428
-0.045799
0.020739
0.103327
-0.023348
0.051822
0.040904
-0.056454
-0.117457
0.010914
0.024482
-0.045034
-0.017604
0.021543
-0.057591
-0.014623
0.019032
-0.048059
-0.019205
0.034018
0.008217
0.058017
-0.041784
-0.038621
-0.031552
-0.053302
-0.012888
-0.012629
0.033730
-0.053024
-0.117323
-0.021707
0.046069
-0.099596
-0.100770
0.001005
-0.066875
-0.007486
-0.032693
-0.049582
0.008087
0.114586
-0.006025
-0.110058
-0.030151
-0.030288
-0.042818
-0.038829
-0.070447
0.029768
0.010832
-0.074122
-0.016244
-0.068328
-0.126284
0.032317
-0.026025
-0.060855
-0.009931
-0.035086
-0.002642
-0.016369
0.012327
0.067580
0.140069
-0.013609
0.047006
-0.013690
0.005914
-0.005073
-0.058644
0.046537
-0.016641
-0.021220
-0.077422
-0.029649
0.100363
-0.061616
0.042571
-0.008416
-0.037700
-0.028291
-0.019467
0.014090
-0.009744
0.030462
-0.019294
0.062044
-0.093710
-0.025361
0.041841
0.031082
0.101475
0.040872
0.012625
0.035261
0.046622
-0.016064
-0.040067
0.048131
-0.038416
-0.008944
-0.037841
-0.010829
-0.071773
-0.017352
-0.001953
-0.106801
0.010213
-0.046111
-0.033679
-0.039047
0.093877
0.094595
-0.019737
-0.065574
-0.063905
-0.055656
-0.035828
0.039659
0.064677
0.085507
-0.054769
-0.072422
0.018286
-0.026576
0.092000
0.031969
-0.015669
-0.087381
-0.008520
-0.024963
0.040920
-0.017035
-0.125155
-0.090409
-0.075585
-0.042349
0.115291
0.019404
-0.029512
-0.096071
-0.097922
0.005508
0.038995
-0.063542
-0.028017
-0.049512
-0.083848
0.084976
0.015417
-0.015187
-0.025311
-0.049783
0.000757
0.000723
-0.011810
0.075863
0.054813
-0.002469
-0.061078
0.062536
-0.016394
-0.049133
-0.031674
0.013817
0.029728
-0.023662
0.033592
0.004343
0.045798
0.068357
-0.085926
-0.008263
0.031746
-0.041503
0.029518
0.064067
0.099682
0.098802
0.069672
0.119265
-0.039148
0.056677
0.045689
-0.026414
0.031140
-0.045684
0.016718
0.027933
-0.035814
-0.060631
-0.048060
-0.047016
-0.037490
-0.095854
-0.018755
-0.146713
-0.019560
-0.016732
-0.041848
-0.014849
0.022649
-0.056301
-0.047861
0.084810
0.053049
-0.057958
-0.020928
0.021651
0.072464
0.001731
0.036766
0.020496
0.003042
-0.069752
-0.013458
0.037275
-0.077991
-0.007632
-0.040917
0.030578
0.033057
0.030883
0.034785
-0.082040
0.032744
0.028186
-0.003998
-0.080413
-0.067244
-0.071752
-0.088096
0.046899
0.045017
-0.109155
-0.117634
0.066750
0.048991
-0.020802
-0.029187
0.016768
0.013656
-0.052396
-0.009799
-0.013806
-0.086054
-0.026893
0.044643
0.072828
0.083161
0.064502
0.046609
0.151649
0.019447
0.022748
-0.018707
-0.008334
0.065406
0.096001
0.038477
-0.058270
-0.004027
-0.031283
0.146509
0.181696
0.054584
0.125961
0.016142
0.015178
0.094006
0.039496
0.033366
0.008577
-0.068276
-0.052306
-0.014241
-0.031718
-0.048007
-0.057468
-0.037393
0.019325
0.019157
0.039001
0.014335
-0.073479
0.046715
0.089765
0.008087
0.083171
0.018134
-0.019372
0.008212
-0.014956
0.007218
-0.063938
-0.072702
0.010711
0.056312
0.031600
0.018501
0.064611
-0.017856
-0.003789
0.051459
-0.018856
0.011673
-0.017181
0.040889
-0.024567
-0.042390
-0.031975
-0.055581
0.018691
0.051024
0.007853
-0.082576
-0.054661
-0.039339
-0.011446
-0.052180
-0.022021
-0.029919
-0.040239
-0.048307
0.011507
-0.033719
0.018343
0.008739
-0.010354
0.034379
-0.002483
-0.073633
-0.001240
-0.003429
0.048274
0.003720
-0.112926
0.002633
-0.098607
0.006110
0.017644
-0.027777
-0.112513
-0.084292
-0.096958
-0.027196
-0.027628
-0.044437
0.007476
0.013600
0.015512
-0.055617
-0.050282
-0.082417
-0.001293
0.016088
0.001158
0.050881
0.037028
0.070546
0.025899
-0.041670
0.131603
0.061927
-0.019431
0.011245
0.148452
0.033448
0.014704
0.072206
0.086212
-0.050363
-0.031122
-0.028572
-0.072190
0.001523
0.007516
0.035735
0.021694
-0.038432
0.068871
0.034267
0.003334
0.031797
0.009537
-0.018461
-0.039825
0.033035
-0.028053
-0.059348
-0.066426
-0.010205
-0.020539
-0.028083
-0.012169
-0.112408
-0.033351
-0.100402
-0.178814
-0.014031
-0.016307
-0.050967
-0.013274
0.028265
0.044884
0.011471
0.017901
-0.015097
-0.007535
0.097956
-0.057007
0.035920
0.088916
-0.010717
-0.014737
-0.006067
0.007731
0.000110
0.049755
-0.003011
0.001497
-0.034221
0.037854
0.041866
0.026407
0.079590
0.060121
0.015925
-0.013495
-0.015189
-0.033842
0.067181
0.087155
-0.049513
-0.068654
-0.010722
0.009930
-0.035067
-0.061412
-0.076406
0.018977
-0.047044
-0.078796
0.059531
0.076866
0.010538
-0.032504
-0.089484
-0.005437
-0.058946
-0.040453
0.028557
-0.000762
0.046329
-0.030011
0.058502
-0.023597
0.038680
0.093031
0.070121
0.058676
0.062355
-0.045078
0.001142
0.010706
-0.008404
0.009083
-0.045458
-0.054375
-0.064168
0.046393
-0.069675
-0.025150
-0.058211
0.018860
0.004986
-0.055712
0.070897
-0.021834
-0.082483
0.027422
0.040222
0.048229
0.066570
0.105062
0.041045
0.083059
0.060746
-0.072964
-0.007976
0.005861
-0.113743
-0.014156
0.103894
0.055601
0.035425
0.105328
0.004940
0.056243
-0.003371
0.016345
0.009359
-0.036762
-0.048391
0.022180
0.067100
0.065998
0.082680
0.048372
0.047995
0.013561
0.091545
0.097740
0.015267
-0.021965
-0.000910
-0.045838
-0.030504
0.010926
0.067813
0.038950
0.005002
0.078468
0.039356
-0.044769
0.049537
-0.013499
-0.009895
-0.069547
-0.023119
-0.028602
-0.020898
-0.071600
0.011482
0.003438
0.020378
-0.033396
-0.066442
0.030070
0.032651
0.013543
0.088914
0.063842
0.030748
0.076049
-0.056321
0.018044
0.061351
-0.008014
0.054985
-0.018398
-0.081478
0.024827
-0.024771
-0.003717
0.004903
0.041867
-0.057768
0.003552
-0.065671
-0.090302
-0.022504
-0.022020
-0.110700
-0.094755
-0.028101
-0.057952
-0.011843
0.013055
0.036178
0.027548
-0.031313
0.026509
-0.016714
0.037790
0.002854
0.013056
0.017998
0.031987
0.074054
0.090512
0.055112
-0.076299
0.026941
-0.019564
0.051074
0.018507
-0.001363
0.091432
-0.007207
0.017041
0.001023
0.012047
0.026108
-0.016329
0.016517
-0.004527
0.053913
0.078630
-0.012421
0.099897
0.113109
0.034231
-0.033245
0.024578
-0.006334
-0.008084
0.027837
0.108469
-0.022499
-0.003864
0.023092
-0.031567
-0.072085
-0.023126
0.047019
-0.028493
0.086120
-0.003810
0.007455
0.032221
0.009963
0.056327
-0.005131
-0.029787
-0.081520
-0.022521
-0.075758
-0.082885
0.037941
0.015602
0.041972
0.002272
-0.012386
-0.033305
-0.040069
-0.040077
-0.083194
-0.012059
-0.055693
-0.047759
-0.076489
-0.094597
-0.045031
0.040635
-0.074133
-0.081673
-0.040116
0.038167
0.025740
-0.010788
-0.032013
-0.050751
-0.026653
-0.072333
-0.036271
0.068892
0.032132
-0.067923
0.074141
-0.041814
-0.003959
-0.041478
-0.103523
0.047906
-0.052851
-0.085356
-0.024192
-0.067330
0.014314
-0.003814
-0.051839
-0.042355
-0.075293
-0.087158
-0.124014
-0.074861
-0.001341
0.052325
-0.072944
-0.004836
0.053047
-0.014914
0.010279
0.054386
-0.021991
-0.005948
-0.025950
-0.001001
-0.019200
-0.021093
-0.028277
0.080845
0.035166
0.034385
0.022077
-0.041100
0.022264
0.005360
-0.090834
0.065028
-0.015059
0.026323
0.058048
-0.045353
0.121298
-0.012978
-0.036209
-0.090567
0.019813
0.093643
0.103033
0.071063
-0.019307
-0.070072
-0.038387
0.012337
-0.095916
0.021303
-0.075348
-0.086155
0.022741
0.076983
0.066236
-0.072486
-0.083606
-0.021987
-0.051011
-0.013452
-0.006812
0.032669
0.063847
-0.037718
0.009346
0.035855
-0.018325
0.036927
0.092955
-0.026728
-0.064462
-0.094151
0.020502
-0.041415
0.004427
0.031441
0.001565
-0.122250
-0.018243
0.075207
-0.029506
-0.027071
0.029042
-0.020542
-0.007287
-0.029931
-0.056003
0.032541
0.105368
0.079157
-0.032111
0.025632
-0.016321
0.011070
-0.006731
-0.082361
0.060595
0.040159
-0.084817
-0.045347
-0.047052
-0.012420
0.024946
-0.044621
0.004610
-0.010417
-0.080466
-0.001299
-0.032215
0.030319
0.021075
0.037436
0.122359
0.052638
0.059514
-0.008769
0.004126
-0.000514
-0.131540
0.020518
-0.026088
-0.087309
-0.105368
-0.074349
-0.053126
-0.083495
-0.074325
0.038977
-0.043252
-0.015922
-0.097433
0.051932
0.004988
0.001792
-0.044114
-0.141898
-0.033302
-0.020674
0.048644
0.004680
0.009060
0.049765
0.000536
0.020466
0.074547
0.028573
0.068268
0.084104
0.083468
0.031374
-0.026927
0.021371
0.019309
0.003256
0.073677
0.058417
0.051845
-0.079478
-0.058575
-0.069356
-0.043935
0.005806
-0.012310
0.008742
-0.045012
-0.007550
0.066425
-0.014609
-0.015730
0.050254
-0.074024
-0.060864
-0.065877
-0.039414
-0.033397
-0.047269
0.012983
0.024306
-0.046432
0.018580
0.038976
0.055489
0.005528
0.031018
0.054063
0.070110
0.009317
-0.020218
-0.037427
-0.009473
0.028334
0.000141
0.039113
-0.034699
0.006556
0.102014
-0.057509
-0.134426
0.028392
-0.041421
-0.016114
0.057007
0.020966
0.069590
0.057724
0.043172
0.031198
0.051170
0.007240
-0.000585
-0.033104
-0.005886
0.056451
0.042640
0.106784
0.037972
0.011626
0.021453
-0.039715
0.117696
-0.001928
-0.073437
-0.040250
-0.037680
0.050032
0.054780
0.050286
0.032859
0.118472
0.061859
0.068727
0.047903
-0.065160
-0.015050
-0.057888
-0.074462
0.037305
-0.073559
-0.080435
-0.073766
0.000865
0.040912
0.083128
0.146972
0.092303
0.084689
0.082838
-0.020839
0.012740
0.010247
0.033240
0.027443
-0.050261
-0.004128
0.045861
0.068877
0.067724
-0.022365
0.022081
0.073279
0.018337
0.107395
0.010856
0.074887
0.048525
0.085877
0.009144
-0.039159
-0.015871
-0.060573
-0.047999
0.026280
0.019886
-0.021051
-0.067243
-0.079930
-0.005102
-0.055150
-0.039746
-0.001863
0.072930
0.090740
0.003713
-0.008824
-0.014067
0.038709
0.018117
0.004105
-0.030729
-0.031937
0.041783
0.055660
-0.017206
-0.068402
0.041792
0.024885
0.008404
0.015280
0.132109
0.012404
-0.041974
-0.025167
0.059023
-0.023602
-0.041383
0.032051
0.071807
-0.000406
-0.004488
0.039299
-0.009720
0.001961
0.060677
0.088284
-0.013199
-0.040679
-0.031064
-0.022915
0.001285
0.034772
-0.019943
-0.148124
-0.120395
-0.039806
0.002041
0.007045
-0.018859
0.073094
-0.017588
-0.050405
-0.022169
-0.043930
-0.000465
0.010252
0.038218
0.042234
-0.032895
-0.036968
0.110313
0.040236
-0.025856
0.103701
0.036115
0.054418
0.062440
-0.055499
0.024547
0.080750
0.049468
0.074825
-0.053201
-0.043237
-0.006012
-0.006634
0.111322
0.097135
0.106369
0.046319
0.064998
0.024699
0.010140
-0.053074
0.003958
-0.067991
-0.031537
0.022620
-0.063888
0.040671
0.018780
0.011081
-0.015305
0.107590
0.004998
0.003091
-0.007012
0.030792
0.014698
0.020569
-0.027260
-0.049136
-0.085446
-0.132096
-0.174912
0.001717
0.042319
-0.022094
-0.002362
-0.038435
0.044985
0.002599
-0.035315
-0.014744
0.038171
-0.052790
-0.018058
0.001840
-0.044455
-0.036977
-0.018472
0.060078
0.013548
-0.048612
-0.002284
0.048915
0.007915
0.030053
0.039309
0.032263
0.181932
-0.020667
-0.011376
0.032003
0.083677
0.006495
-0.004691
0.010855
0.024163
0.120253
0.043186
-0.017848
0.087474
0.018311
0.006982
0.030230
0.156948
0.032606
-0.003178
0.099558
-0.034622
-0.066022
-0.014356
0.049359
0.048146
-0.041006
0.070597
0.013087
0.069460
0.115812
-0.003598
0.068876
-0.056179
-0.002398
0.093319
-0.073763
0.001648
-0.048557
0.037500
0.105976
0.012869
0.104059
-0.039041
-0.014809
0.028177
0.016198
0.062855
-0.036455
0.034128
0.003812
-0.010499
-0.018432
0.036704
0.083545
0.106814
0.009820
0.000008
-0.018465
-0.018336
0.011601
-0.057452
-0.035113
-0.002327
0.086828
-0.012313
0.001804
0.003445
-0.010480
-0.032535
-0.006868
-0.036616
-0.069958
-0.084658
0.014884
0.085889
0.069658
0.082161
0.023993
-0.039174
-0.005352
-0.013622
-0.085968
-0.029833
-0.000385
0.049729
-0.044203
0.039886
0.023057
0.019975
0.074861
0.015161
0.010211
0.056078
-0.042453
-0.003077
0.099188
0.080772
-0.000146
-0.078016
-0.074087
0.000946
-0.024383
0.021401
0.070973
0.110872
0.067022
0.009465
0.021543
-0.004447
0.085756
0.009547
0.007852
0.066010
0.007790
-0.025016
0.052286
0.013401
0.033736
-0.016861
0.016573
-0.048650
-0.053984
0.014796
-0.060297
0.057849
0.040735
-0.103267
-0.082843
-0.016912
-0.002846
-0.015138
-0.044695
0.008267
-0.038911
-0.052325
-0.062492
0.087336
-0.023532
-0.005790
0.070261
-0.033323
0.021953
0.074019
0.001425
0.013296
0.018906
-0.019921
-0.008995
0.017348
0.016599
0.022362
0.018693
-0.007480
0.031271
-0.059692
0.024731
0.004205
-0.061452
-0.007110
-0.004136
0.003276
-0.032499
0.030346
0.001791
-0.023534
0.083217
0.021197
0.048427
-0.038840
-0.078838
0.000843
0.011810
-0.054134
0.084645
-0.028889
-0.040066
-0.053038
-0.112794
0.034854
-0.009008
-0.051928
0.019096
0.062841
0.010297
0.038928
-0.097867
-0.093696
-0.155100
-0.090034
-0.030015
-0.031768
-0.028641
0.014166
0.026548
0.037363
0.045336
-0.001733
-0.005092
-0.037640
0.038183
-0.021202
-0.065160
-0.029911
-0.041321
-0.016480
0.113485
0.033806
-0.023375
0.081979
-0.073084
0.013353
-0.060910
-0.008726
0.037692
-0.045732
-0.034023
0.023674
-0.029368
-0.039633
0.052042
-0.023983
-0.086041
-0.028136
0.052204
-0.053364
-0.018473
0.052154
0.038182
0.083073
-0.011732
-0.049426
0.079390
0.041315
0.054047
-0.041208
-0.031343
0.051671
0.053062
0.103156
0.143769
0.064145
0.054865
-0.011179
-0.049678
-0.014529
-0.056282
-0.074020
-0.040115
0.004240
-0.099158
-0.069807
-0.021858
0.021326
-0.035057
-0.049610
0.016669
0.057490
0.063676
-0.010901
-0.084461
-0.070262
-0.104723
-0.071976
-0.003399
-0.100799
0.051757
0.051689
0.001237
0.005855
0.025380
-0.048275
0.002347
-0.037166
-0.069321
0.021970
-0.026072
-0.000497
-0.029899
0.014147
-0.026972
0.000660
0.042747
0.029115
0.007377
-0.093296
-0.026341
-0.009298
0.021972
-0.017616
-0.015906
0.036735
-0.021550
-0.048787
-0.003819
-0.072561
0.010557
0.052393
0.080908
0.044313
0.068341
0.028679
-0.050784
-0.063995
0.032412
-0.062072
-0.016581
0.056752
-0.038498
-0.025905
-0.040429
0.046548
0.040092
-0.004377
0.080693
0.077572
0.048130
0.029785
-0.014751
0.010505
-0.036272
0.067496
-0.007316
0.008041
0.029451
-0.073428
-0.017222
-0.051949
-0.113176
0.069320
0.030706
0.012142
-0.049200
-0.038839
-0.029907
-0.025731
0.067594
0.053001
-0.000543
-0.011915
0.041707
0.060031
-0.083635
-0.036912
-0.044286
-0.023307
-0.001203
0.044951
-0.028391
-0.037647
-0.043598
0.034910
0.110773
0.037281
0.023767
0.075871
0.088488
0.004839
-0.018702
0.105599
0.018349
-0.000027
0.006780
0.048442
-0.017443
-0.081610
-0.040667
0.117232
-0.009142
0.054424
0.019061
-0.009804
-0.026362
-0.015009
-0.009563
-0.052274
0.049490
-0.065267
0.022811
-0.068753
-0.075008
-0.037501
-0.070011
-0.031651
-0.125717
0.023831
0.023905
-0.098591
0.074018
0.011919
0.025655
0.023231
0.097236
0.082692
0.043884
-0.033680
0.009008
0.042422
-0.051025
-0.020344
-0.026606
0.014626
-0.058175
-0.026857
0.019636
0.012780
0.006792
0.014139
-0.014153
0.029350
-0.002400
-0.113244
0.020189
-0.078838
-0.069388
-0.086697
-0.001358
-0.089068
-0.098874
-0.070792
-0.047251
0.060062
0.005152
0.036277
0.056419
0.018759
0.011287
0.016854
-0.031372
0.052973
0.084705
0.044457
0.014625
0.009847
0.138590
0.018837
-0.037580
0.077806
0.053845
0.019955
-0.033865
0.017421
0.077856
0.035181
0.029030
0.057453
-0.023881
-0.043955
-0.064893
-0.070869
-0.065552
-0.075937
-0.019947
-0.021148
-0.033724
0.033140
-0.023888
0.048771
-0.007541
0.037007
0.091826
-0.006719
0.030723
0.066444
-0.003979
-0.025368
0.001622
0.018984
0.008507
0.077439
0.055960
-0.052686
0.060577
0.059567
-0.082426
-0.014301
0.014450
-0.040008
0.007679
0.015700
0.048428
-0.012733
-0.019005
-0.034955
0.016744
0.055209
0.005396
-0.037033
-0.075615
-0.078994
-0.029402
-0.072279
-0.118396
-0.073858
-0.022075
0.072524
-0.019370
0.096264
0.042939
0.015814
0.029006
0.048793
-0.024380
-0.037121
0.010061
-0.035144
0.065405
0.015719
-0.009153
0.043026
-0.088974
0.141105
0.068409
-0.008601
0.057104
0.093194
0.068323
0.007610
0.059812
0.033970
0.173715
0.068560
0.001694
0.136536
0.115144
-0.006645
0.074953
0.007735
0.031495
-0.000168
0.033488
0.105120
0.089203
0.038361
0.057413
0.110440
0.125253
-0.037535
-0.049138
-0.014157
0.016338
0.025373
0.018943
0.001100
-0.034464
0.017853
0.081441
0.093062
0.024429
-0.065945
0.038005
0.073265
-0.049939
0.008102
0.060826
0.069157
0.072519
0.027032
0.061473
0.073968
0.069769
0.042102
0.019272
0.031551
0.009845
0.024811
-0.013594
-0.042023
-0.086173
-0.031074
0.132791
-0.001156
-0.018028
0.058213
-0.053262
0.044222
-0.072685
0.012124
0.133848
0.075610
0.056720
-0.023577
-0.086849
0.013329
-0.030482
0.011738
0.053157
0.009411
-0.073650
-0.082647
-0.071004
-0.012671
-0.093720
-0.055026
-0.061112
0.009865
-0.041080
-0.063348
0.084223
0.058537
-0.029870
0.053917
-0.010581
-0.013569
0.078476
0.075463
-0.010439
0.093374
0.073384
-0.079744
0.028138
-0.098888
-0.045862
-0.035375
-0.057899
0.006736
-0.014217
0.000407
0.022524
0.018587
0.017889
-0.029840
-0.043326
-0.090916
-0.044904
0.025869
-0.071611
-0.026455
0.004665
0.002884
0.026630
-0.046746
-0.052471
-0.011870
-0.039175
-0.012072
-0.013922
0.093298
0.108524
-0.061177
0.063623
0.003686
-0.036885
-0.013456
0.013870
0.021792
-0.007750
-0.008576
0.024819
-0.002566
-0.063661
0.027199
-0.014425
-0.120857
-0.048709
-0.075438
-0.016863
-0.005770
0.005593
0.024630
0.029599
-0.040858
0.005798
0.027608
-0.088432
-0.073062
-0.032750
0.091670
0.064717
-0.007655
0.016765
0.046507
-0.025965
-0.048712
-0.059099
0.025888
0.048709
-0.011241
0.020296
-0.062152
0.037765
0.002289
0.000433
0.004165
-0.062341
0.043588
-0.045885
-0.029596
0.047089
-0.012841
0.135179
0.061297
0.057628
0.008476
0.041717
0.078338
0.020514
-0.026876
-0.040426
-0.056639
-0.021358
-0.063990
-0.072653
-0.032911
0.016718
-0.024341
-0.034365
0.010503
0.033174
0.025974
-0.031920
-0.032333
-0.075738
0.099361
0.001255
0.030856
0.140713
0.070217
0.149382
0.061722
0.089432
0.006435
0.020645
0.009335
-0.032800
0.076380
-0.045094
-0.029110
0.022603
-0.067823
0.035738
0.068774
0.010848
0.020061
-0.049468
-0.056340
-0.035377
-0.033854
-0.065362
0.000806
0.055905
0.022094
-0.037219
-0.046081
-0.070696
0.009519
-0.067628
0.026766
-0.000980
-0.055153
-0.006889
0.004856
0.003575
-0.022748
-0.046139
0.064970
-0.057786
0.000088
-0.008130
-0.035228
0.007239
-0.039340
-0.109533
-0.060016
0.080246
0.085917
-0.004741
0.031768
0.048859
-0.023756
0.053897
0.032195
0.028081
0.018199
-0.001474
0.015239
-0.017937
-0.065288
-0.087189
0.035247
0.043985
-0.008609
-0.028690
-0.124429
-0.031000
-0.039240
0.026440
0.076914
0.053629
-0.012715
0.149914
0.010461
-0.015274
-0.039747
0.062655
0.081140
-0.013180
0.038821
-0.013399
0.045466
0.059106
0.044303
-0.010463
0.045372
0.003394
-0.000847
0.003909
-0.063279
-0.031764
-0.044677
0.017898
-0.028922
-0.030813
-0.007751
-0.099676
0.006512
0.095787
0.016027
-0.039691
-0.001998
0.028091
-0.031401
-0.033242
-0.021945
0.036851
-0.092171
0.024809
0.057634
-0.029710
0.052964
0.012991
-0.051861
-0.011509
-0.033974
0.000851
0.063284
0.043829
0.044406
0.039129
-0.000277
-0.011969
0.029180
0.079878
0.023000
0.010892
0.108343
0.026267
0.068784
0.012203
0.042363
0.063636
0.005412
0.088210
0.001075
-0.008586
-0.017607
0.030850
-0.021876
-0.065471
-0.017030
-0.015999
-0.011778
-0.048715
-0.005405
-0.027773
0.039684
-0.042766
-0.029306
0.017271
-0.008942
-0.010770
-0.027031
-0.058252
0.017292
-0.059036
0.034170
-0.034775
-0.031763
-0.024964
-0.065947
0.042343
-0.011091
0.023072
0.068362
0.092891
0.054495
-0.056389
0.064597
0.044847
-0.023683
0.024559
-0.016970
0.039101
0.001032
-0.051177
-0.037006
0.002447
0.012791
-0.036330
0.049741
0.080858
0.006165
0.060289
0.061160
0.028389
-0.018158
0.063231
0.046244
-0.041373
-0.045550
0.050824
0.024977
0.039198
-0.025724
0.022825
0.012623
0.020958
0.009153
0.067968
0.043098
-0.036925
-0.000744
-0.064155
-0.080657
-0.098286
-0.034823
0.052696
0.088557
0.040966
-0.027505
-0.020007
-0.088245
-0.072522
-0.051411
-0.017187
-0.040819
-0.003435
0.063631
0.006881
-0.042411
0.015956
-0.127230
0.032767
-0.008848
-0.088157
-0.020621
-0.038218
-0.098516
0.002570
-0.035787
-0.050259
-0.036941
-0.025850
0.015184
0.044906
0.046965
0.012581
0.015922
-0.081609
0.015550
0.057410
-0.051928
-0.025591
-0.012989
-0.013522
-0.077123
-0.110910
-0.057331
-0.031767
-0.093590
0.009079
-0.061900
-0.125529
-0.024700
0.002457
0.056069
-0.058985
0.035518
0.107498
-0.022234
0.110615
0.025157
-0.069141
-0.087475
-0.062607
0.041989
0.004955
-0.112235
-0.035007
-0.017374
0.023060
0.068106
0.024402
-0.063412
-0.039951
-0.031493
-0.042647
-0.051543
-0.013215
0.104272
0.083492
0.044882
0.068299
0.064907
0.076940
0.082121
-0.024456
0.066034
0.001903
-0.011874
0.007320
0.033735
0.020669
0.055406
0.009790
-0.011999
0.017801
-0.072799
-0.014959
0.024960
0.046435
-0.036498
-0.003936
0.018790
0.005404
-0.034969
-0.022164
0.010167
-0.057995
-0.097759
0.005583
-0.008709
-0.068848
-0.064918
-0.015954
-0.034489
-0.010143
-0.015680
0.051078
0.044342
-0.054626
0.023622
0.051980
0.026233
0.003944
-0.011318
-0.008741
0.044998
0.025638
-0.028543
0.031030
0.047635
-0.048966
-0.037902
0.005977
0.046086
0.026356
-0.001031
-0.049150
0.027041
0.007424
0.002151
0.063263
0.083685
0.052210
0.156664
0.013095
0.074988
0.124727
-0.008746
-0.062330
0.000902
0.087400
0.018137
0.079646
0.079987
0.007362
-0.008595
-0.034851
-0.049482
0.015825
0.019814
0.057658
0.045306
0.045057
-0.038696
-0.074957
-0.054246
-0.018136
-0.058574
-0.000327
0.003679
0.039915
0.026960
-0.069886
0.004375
-0.040670
0.017034
-0.054883
0.004594
-0.007443
0.016085
0.032965
-0.015002
-0.022081
-0.029557
-0.015253
0.074118
-0.029192
0.031858
0.058269
0.010439
0.041717
-0.043159
-0.054535
0.018823
0.095558
-0.025751
0.081789
0.039732
-0.027581
0.016235
0.047112
-0.047377
-0.126985
0.006781
0.016880
-0.004314
-0.032495
0.083930
0.052594
-0.048465
-0.061498
-0.010411
0.006680
0.027252
0.001589
-0.054435
-0.011056
-0.033438
-0.009800
0.007160
-0.030093
0.018074
-0.010160
0.005303
-0.028406
0.038593
0.009553
0.106875
0.100413
0.028286
0.078229
0.037746
0.093381
0.019704
0.010246
0.088447
0.033171
0.046931
0.035032
-0.047597
-0.008134
0.077899
0.001298
-0.028357
-0.034404
-0.043070
-0.050420
-0.012741
0.017321
0.011972
-0.083572
-0.024696
-0.017320
-0.022886
0.000443
0.002733
-0.175110
-0.074876
-0.007552
-0.056153
-0.051724
-0.029579
0.001338
0.004876
0.030221
-0.114153
0.034545
-0.064393
-0.113830
-0.051987
-0.026926
0.008824
0.004479
0.009402
0.039331
-0.024990
0.006795
0.096792
0.037134
0.049343
0.087138
-0.021300
-0.013256
0.173621
0.098280
0.012036
0.045671
0.024785
0.011377
-0.047561
-0.068372
0.016279
-0.088698
-0.010645
0.054007
-0.040499
0.092129
0.020910
-0.030353
-0.054389
-0.047863
-0.113849
-0.013841
-0.042100
-0.046837
0.099939
-0.004365
0.011465
-0.015003
-0.075337
-0.034428
-0.078215
-0.015293
0.003466
-0.090928
0.105919
0.014204
-0.031005
-0.004324
0.024545
-0.027310
-0.053283
-0.004941
-0.037406
-0.063117
-0.030441
0.084688
0.048320
-0.066749
0.011036
0.025805
0.031190
0.110369
-0.022703
-0.057898
0.043038
-0.049303
-0.042039
-0.053426
0.003393
0.026003
0.002273
0.088388
0.001093
-0.075204
-0.001633
-0.009352
-0.047863
0.054938
-0.015077
0.015735
0.012680
-0.036395
-0.061587
-0.070682
-0.001440
-0.028997
-0.005920
0.043065
-0.065704
-0.057496
-0.085158
-0.144396
-0.004374
-0.076933
-0.032735
-0.015300
-0.096274
0.015290
-0.056716
-0.007372
-0.070112
-0.019127
-0.025671
-0.106682
-0.094716
-0.029590
0.050504
-0.099461
0.025938
-0.016659
-0.020981
-0.029357
-0.112763
-0.098207
0.056339
0.083058
0.002189
0.081285
0.103126
0.004554
-0.009091
-0.010878
-0.004885
0.026743
0.008583
-0.006111
-0.024512
-0.071523
-0.030578
0.007518
-0.076797
0.029374
0.039996
-0.039311
-0.024608
-0.049942
-0.043425
0.042814
-0.011294
-0.050288
0.013348
-0.015166
-0.039803
-0.063320
-0.053316
-0.009155
-0.003638
-0.034844
0.062434
0.035477
0.014136
-0.029176
-0.022428
0.078615
-0.002044
0.040591
0.053851
0.052384
-0.055895
-0.101557
-0.091582
-0.040404
0.053483
0.002424
0.103548
0.006675
-0.043455
-0.033076
0.006216
0.009490
-0.035756
0.003976
0.014945
0.019056
-0.009528
-0.043918
0.002791
0.060614
-0.043565
-0.068104
-0.101015
-0.052165
0.069310
-0.048919
-0.026818
0.070914
-0.013481
-0.050160
0.030225
-0.007910
0.010494
-0.023515
-0.014210
-0.067477
-0.037152
0.039436
-0.033248
0.042489
0.035541
0.100493
0.068810
-0.014847
0.036822
0.044227
0.004902
0.070429
-0.040490
-0.017756
0.020662
0.039758
-0.044172
-0.047587
-0.015346
-0.052589
-0.028686
-0.073121
0.014375
0.027417
0.034340
0.042439
-0.025287
0.084593
-0.009873
-0.015056
-0.030094
0.064177
0.050924
0.074288
0.066668
0.007452
-0.012751
-0.007147
-0.006300
-0.047212
0.059616
-0.130922
-0.013493
-0.037609
-0.096105
0.030005
-0.008205
-0.020396
0.012641
0.077188
0.054154
-0.112177
-0.045361
-0.075736
-0.017852
0.078241
-0.017884
-0.017245
-0.073902
-0.115730
-0.102671
-0.042658
-0.055164
0.061238
-0.014692
-0.024996
0.022686
0.004880
0.057855
-0.029730
0.000870
-0.024438
0.060862
0.011282
0.021848
-0.019513
0.026088
0.010966
0.064897
-0.009165
0.031595
0.133819
-0.029750
-0.098109
-0.064688
0.027484
0.004115
0.021778
0.018901
-0.079560
-0.000416
-0.022419
-0.002905
0.015889
-0.050985
0.047770
0.021908
0.032512
-0.026264
-0.047485
0.026038
0.058761
0.115415
0.111962
0.096607
0.028157
-0.017357
0.021934
0.100995
-0.038742
0.035255
-0.035177
0.006596
0.006774
0.050397
0.022025
-0.098341
0.008814
0.025459
-0.021449
-0.061169
-0.011034
-0.050545
-0.073553
-0.094932
-0.030232
0.053742
-0.055757
-0.066445
-0.010539
-0.063038
-0.037183
0.009281
-0.077949
-0.041358
0.003649
-0.000688
0.023755
0.016365
-0.046848
-0.003847
0.038141
-0.046017
-0.044486
0.041102
0.032349
-0.009828
0.124325
-0.035610
0.056876
0.066836
-0.022095
-0.002294
0.091585
0.056658
0.042283
0.030921
-0.027849
-0.040950
-0.057313
0.015017
-0.027291
-0.070566
0.005026
0.007402
0.038715
0.025145
0.106688
0.022627
0.031478
0.070123
0.034894
-0.038675
-0.033036
-0.046103
0.007127
-0.004293
0.020967
-0.007171
-0.021265
-0.000488
0.030688
0.014757
-0.023927
-0.037426
-0.060410
0.044300
-0.051216
0.012048
0.002855
-0.099360
-0.082186
-0.101071
-0.052181
-0.052470
-0.064833
0.029011
-0.051157
-0.053164
0.073181
0.067073
-0.056349
0.067613
0.012887
-0.026499
0.048858
0.054589
0.055187
-0.067902
0.015782
0.037579
-0.050994
0.065403
0.046907
0.038496
0.041012
-0.021825
0.012335
-0.018621
-0.097652
0.051659
-0.039203
0.021117
0.059610
-0.051802
-0.066800
-0.059581
-0.103368
-0.052629
0.056031
0.041041
-0.040328
-0.094037
-0.054874
0.051298
0.018934
0.070533
0.019875
0.024925
-0.028757
-0.048013
0.079152
0.045180
0.006412
0.012790
0.019035
-0.022009
-0.118121
-0.059098
-0.148287
0.039187
0.172378
0.042829
0.033210
0.013163
0.059381
0.067286
-0.043236
-0.022487
0.043185
0.019693
-0.033382
0.070880
-0.010163
-0.096842
0.003440
-0.038070
0.040113
-0.105327
-0.051112
0.026981
-0.055026
-0.118791
-0.021689
0.098788
