2.212437
0.576846
0.419533
0.349097
0.232488
0.249528
0.209871
0.183707
0.169754
0.208354
0.160620
0.040306
0.138987
0.214676
0.151298
0.138749
0.187500
0.125983
0.058243
0.048252
0.022563
0.171392
0.087723
0.019014
0.116925
0.066935
0.067511
0.008064
0.081500
0.128603
0.141656
0.093073
0.086887
0.222198
-0.078179
-0.024434
0.005249
0.029979
0.026782
-0.002960
0.071666
0.085183
0.150224
0.016679
0.160085
-0.009653
-0.034231
0.134489
0.134761
0.015009
-0.003349
-0.013311
-0.003639
0.022781
0.072663
0.132599
-0.077156
-0.030051
0.075545
0.005331
0.112785
-0.036523
0.086593
0.111285
0.037455
0.059567
0.074382
0.145495
0.104454
0.079074
0.084765
-0.014365
0.071217
0.113816
0.084476
0.114060
0.081256
0.127965
0.072722
-0.002095
0.102794
0.015463
0.095964
0.039136
-0.059208
0.000265
0.005254
-0.038976
0.013131
-0.024790
-0.043001
-0.003955
-0.018058
0.076918
0.042716
0.009576
0.023107
0.063229
0.058366
-0.059964
0.016385
0.060804
0.030289
-0.030233
0.012465
0.042225
-0.034966
-0.055651
-0.059291
0.042814
0.043750
0.001262
0.011630
0.043390
0.084969
0.039574
0.053998
0.067044
0.123987
0.101024
0.020910
0.133742
0.003875
0.049523
0.154775
0.055162
0.109830
0.061703
-0.003620
0.041271
0.052104
0.128823
-0.020654
0.014246
0.051354
0.123967
0.000291
0.093752
0.126362
0.137464
0.083371
0.047290
0.129402
0.150904
0.038148
0.040960
0.074719
0.059991
0.102389
0.053167
0.098168
0.065380
0.086850
0.091323
0.085603
0.037743
0.103571
0.109618
0.090311
0.118792
-0.010184
0.061957
0.026590
-0.027536
0.063201
-0.010594
0.013524
0.035993
-0.068674
0.020543
0.095202
0.054931
0.104709
0.085034
0.214685
0.096581
0.011538
-0.010529
0.088661
-0.001674
-0.000725
0.016372
0.096741
0.169476
0.090149
0.084787
0.149330
0.030322
-0.026520
0.020632
0.050904
0.049157
0.111297
0.029841
-0.041086
0.055137
-0.040175
-0.120442
0.095260
0.095253
0.004372
0.026130
0.040826
0.006917
0.032825
0.096749
0.091953
0.080292
0.033088
-0.051374
-0.007808
0.091037
0.067526
0.118911
0.080797
0.069099
0.063880
-0.070591
-0.075210
-0.037853
-0.028554
-0.004312
-0.019630
-0.005469
0.048874
0.071545
-0.032841
0.041173
-0.015306
0.068718
-0.059596
0.019179
0.084147
0.046851
0.102177
0.079452
0.010864
-0.026536
-0.023450
0.075172
0.127930
0.044414
0.067627
0.064500
0.069832
-0.012025
-0.022559
-0.062847
0.028343
-0.036200
-0.003536
-0.019181
0.075924
-0.004460
-0.052771
0.073383
0.094457
0.080112
0.117230
0.037601
-0.066317
-0.081049
-0.081978
0.013476
0.023423
0.020937
0.008198
0.038690
0.023867
0.025670
0.096785
-0.046244
0.023645
0.160642
0.024563
0.065459
0.011996
0.087675
-0.002677
0.007052
0.017507
-0.029351
0.069992
-0.026271
-0.007440
0.111108
0.069960
0.069344
0.075218
0.018686
-0.012664
-0.091338
-0.008399
0.012332
0.044026
0.053161
0.024158
-0.075712
-0.029764
0.052698
0.035048
0.078816
0.052532
0.117690
0.113361
0.015948
0.078627
0.054136
-0.046067
0.094991
-0.038247
0.021391
0.038941
0.016548
0.084539
0.150535
0.167771
0.086526
0.196864
0.097662
0.122819
0.114685
0.064130
0.096071
0.045594
0.028082
0.008981
0.017307
-0.007633
0.085591
0.082970
0.007949
0.032265
0.030714
0.058544
0.011165
-0.033477
-0.028840
0.063842
0.060640
-0.050553
0.070554
0.059056
-0.003392
0.059949
0.077318
0.040511
0.077533
0.042397
-0.014002
0.015870
0.058257
0.063233
0.003016
0.092630
0.094695
0.071580
0.022933
0.054715
0.044832
0.054432
-0.029112
-0.017245
0.020254
0.029074
-0.038227
-0.021078
-0.043971
0.047552
0.069912
-0.054535
-0.022059
0.046250
-0.027899
0.026299
0.072777
0.062059
0.059054
0.007138
-0.023690
0.016706
-0.013467
0.098698
0.043014
-0.022819
-0.015634
0.038465
0.036287
0.015206
0.122220
0.147239
-0.032842
0.086218
0.090709
0.084884
0.036320
0.055707
0.066327
0.049079
-0.105053
-0.035680
0.055986
0.064394
0.037116
-0.023135
-0.017558
-0.047279
-0.094444
0.047045
-0.080541
0.043798
0.074897
0.070347
0.138784
0.046835
0.054070
0.117585
0.033449
-0.007864
0.028803
-0.032968
0.056298
0.010233
0.077281
-0.025806
0.006723
0.102197
-0.025536
-0.042381
0.002810
0.006275
0.043437
0.041312
-0.059611
0.051246
0.052002
0.041058
0.043938
0.067170
0.009703
0.121293
0.137383
0.018304
-0.014153
0.016724
-0.019614
-0.077308
-0.018888
0.091820
0.028331
-0.038664
0.088985
0.050352
0.043180
0.007522
0.066095
0.030417
0.030617
-0.017556
0.047270
0.043639
0.035321
0.042189
0.003451
0.045801
0.000420
0.115947
0.013905
-0.012876
0.087531
0.053715
0.035848
0.098669
0.099953
0.087979
-0.032634
-0.022253
0.042438
0.003079
-0.056658
0.004952
-0.020918
0.070504
0.069179
0.042216
-0.063623
0.017495
0.112986
-0.006081
0.041801
0.000446
0.011951
0.120636
0.065990
0.088526
0.057607
0.073099
0.070843
0.127614
0.120238
-0.004575
-0.061111
0.001789
0.061337
0.095824
-0.000227
0.072043
-0.015241
-0.024403
0.005359
-0.007657
-0.021142
-0.068891
0.155378
0.031929
0.039234
0.063176
-0.020034
-0.024108
-0.099540
0.098934
0.014269
0.013832
0.090037
0.001415
0.023991
-0.057314
-0.041266
0.087726
-0.049042
-0.078713
-0.022327
-0.015796
0.016008
0.020133
0.025732
0.071856
0.127265
0.051915
0.001692
0.076809
0.066839
0.027831
0.054425
0.071453
0.052109
0.121906
0.078069
0.048683
0.010618
-0.024293
0.046745
0.009419
0.022095
0.025757
0.165754
-0.060228
0.089962
0.164696
-0.013731
0.044940
0.064475
-0.028267
0.021717
0.025717
0.055522
-0.001474
0.007844
0.058466
0.026630
0.051277
-0.033532
-0.020932
0.010921
0.010836
0.064640
0.086988
0.056764
-0.019151
-0.005093
-0.095032
-0.017663
-0.059599
-0.049449
0.108001
-0.021888
-0.015810
0.025709
0.031990
-0.039410
-0.007487
-0.012107
0.028200
0.021256
-0.039519
-0.020721
0.037690
0.037000
-0.024482
0.152494
0.046078
0.034968
0.050237
0.078041
0.035337
-0.034312
0.003683
0.011566
-0.020950
0.053813
-0.021054
-0.077974
0.021811
0.036571
-0.010647
0.016147
0.032521
-0.048225
0.023374
0.017939
0.002203
-0.023072
0.053036
-0.021464
-0.075591
-0.057577
0.008948
0.001238
-0.032027
0.008660
0.005543
0.033719
0.064872
0.026896
0.054348
0.044846
0.066980
-0.020493
-0.087785
-0.043797
-0.099039
0.046817
0.139800
0.019875
-0.020613
0.040715
-0.041645
-0.103979
-0.071323
0.104923
-0.034810
0.016467
-0.054028
-0.007114
0.035291
0.063761
0.055950
0.021079
0.084651
0.007356
-0.010062
0.036586
-0.017638
-0.028833
-0.018390
0.086413
0.097511
0.146478
0.052165
-0.015165
0.128479
0.023161
0.014774
0.045274
0.058218
-0.004314
0.090342
0.102928
-0.060540
-0.056539
0.039787
0.058286
-0.040987
-0.009166
-0.009743
-0.019292
-0.047441
0.052601
0.113572
0.026015
0.057408
0.096466
0.043523
-0.003059
0.004489
0.046783
0.017860
0.070039
0.022290
0.073607
-0.011041
-0.063943
0.012835
0.065293
-0.012978
0.038978
-0.020516
0.048449
0.030617
0.026448
0.021986
0.094143
0.056427
0.018723
0.045389
0.063981
-0.064598
-0.000179
-0.000335
0.093416
0.064106
-0.023906
0.039729
0.004241
0.087562
0.148324
-0.020977
0.093482
0.129198
0.013721
-0.044365
0.046354
0.143493
0.044482
0.056043
0.072152
0.023477
0.048089
0.150465
0.059469
-0.009327
0.049060
-0.033975
-0.043201
0.047093
-0.007979
-0.037329
0.091438
0.039445
-0.027004
0.031793
0.024692
0.025746
-0.032107
0.024376
-0.081610
0.057508
0.049772
-0.038457
0.073777
0.009917
-0.037489
0.029323
0.015170
-0.016458
0.001339
-0.035304
-0.026075
-0.006482
0.047550
0.068247
0.051822
0.078187
-0.029519
0.003242
0.065750
0.022375
0.000607
-0.032633
0.012525
-0.031545
-0.015979
0.112593
0.100972
0.089119
0.042111
0.024634
0.008169
0.105808
0.100354
0.036215
0.057164
0.032832
0.007928
0.067584
0.046369
0.042169
0.124761
0.075832
0.042254
-0.000091
-0.012872
-0.066867
-0.003328
-0.050159
0.016387
0.077686
-0.013426
0.054374
-0.054258
-0.048753
-0.075447
0.026330
-0.135548
-0.031660
0.040620
0.075807
0.170528
0.130039
0.041851
-0.046434
-0.016091
0.078691
0.028295
0.032316
0.084883
-0.030431
0.156865
0.128119
0.010129
0.090170
-0.025492
0.028610
-0.026255
-0.033316
0.037796
-0.004968
0.028643
-0.023305
0.014084
0.042744
0.019994
0.072668
0.072393
0.060091
0.019519
0.068958
0.062035
-0.026261
0.051398
0.133304
-0.122792
0.080368
-0.027668
-0.036139
0.104774
0.062685
-0.015609
0.062044
-0.029146
0.006684
0.109409
0.019149
-0.007309
0.001447
-0.024517
-0.069903
-0.038899
0.082169
0.012707
0.046905
0.045739
-0.055534
-0.022328
-0.039790
-0.067827
0.049570
-0.019164
-0.029807
-0.010038
-0.011025
0.050740
0.123062
0.036658
0.077700
0.057371
0.014661
0.070370
0.071804
-0.052680
0.075550
0.027458
-0.022926
0.072187
-0.005455
0.117567
0.003003
-0.007894
-0.006922
-0.008555
0.153437
0.131239
0.035958
-0.002271
-0.022785
0.013823
0.102873
0.064105
0.020915
0.041915
-0.017025
-0.005480
0.048987
0.045899
0.042382
-0.008144
0.047039
0.024815
0.012382
-0.014457
0.120502
-0.013571
-0.021597
0.086176
0.008866
0.027870
-0.014077
0.012858
0.033987
-0.078042
-0.070680
-0.067238
0.037848
0.020727
-0.032220
-0.026839
-0.089619
-0.011347
0.004740
-0.028210
0.000247
-0.031692
-0.036429
-0.019663
0.005921
-0.018882
-0.008218
-0.011463
-0.058254
0.016359
0.012632
0.049011
0.014606
-0.041770
-0.013477
-0.046729
-0.004555
-0.105738
0.008251
-0.023403
0.024749
0.028439
-0.061248
0.039788
0.007540
0.018963
-0.010537
-0.036390
0.113551
0.021598
-0.015470
0.016302
0.019413
0.017488
0.097492
-0.006541
0.080853
-0.028473
0.052441
0.011712
-0.002035
0.009141
-0.011504
0.061535
-0.014618
-0.058573
0.016722
-0.001278
0.020763
0.012274
0.035674
0.060919
0.059930
-0.015386
-0.074480
-0.048544
0.040373
0.136726
0.010055
-0.018031
0.000538
0.023467
0.077682
-0.060025
0.075617
0.043432
0.030729
0.023743
-0.012365
0.008517
0.023659
0.041498
0.114648
0.057332
0.016240
0.063244
-0.032838
-0.073368
0.016961
-0.022504
-0.049632
0.015630
-0.013219
-0.037544
0.028909
-0.006567
0.074594
0.122610
0.038926
0.064328
0.021142
-0.004066
-0.033524
-0.000506
0.026909
0.110433
-0.008218
0.036205
0.096075
0.008799
0.081575
0.008958
0.000211
-0.001627
-0.020671
-0.026421
0.033215
0.088631
0.029040
0.001737
-0.034667
-0.051987
-0.092641
0.113847
0.041137
0.038970
0.135396
0.026524
0.049494
0.012551
0.034013
-0.022485
-0.046300
0.014765
-0.083084
0.035680
0.006096
-0.051645
0.069218
0.043776
0.009239
0.061910
0.024759
0.114165
0.126667
0.048410
-0.042828
0.022966
-0.034670
0.075696
0.032664
0.002055
0.003851
0.016725
-0.050519
0.033562
0.017149
0.015730
0.053171
0.079692
0.042554
0.020676
0.042609
0.055778
0.015284
0.065451
0.156438
0.094289
0.079836
0.112676
0.054922
-0.027581
-0.078346
-0.024957
0.058064
0.055990
0.004492
-0.012357
0.003683
-0.053496
-0.029159
-0.041194
0.014504
0.136073
0.104495
-0.079480
-0.007966
-0.001024
0.034560
-0.022642
-0.036907
0.000047
0.041227
-0.052017
-0.084015
-0.049990
0.034108
-0.018285
0.011674
-0.032346
0.103393
0.027040
0.068209
0.017322
-0.074365
0.051309
0.077454
-0.035038
-0.023127
0.023587
0.093944
0.011947
0.117206
0.153867
0.043866
-0.031676
-0.003536
0.069195
0.021329
0.035533
0.086295
0.065196
0.069453
0.002432
-0.072722
0.030053
0.082842
0.054001
-0.010369
-0.091740
-0.022617
0.055074
-0.059908
-0.029354
-0.022256
-0.040787
-0.062743
-0.133265
-0.013334
0.044744
-0.032971
0.016467
0.069984
-0.002337
0.106873
0.089477
0.056160
0.099051
-0.012275
-0.040934
-0.003097
0.028159
-0.011168
-0.039377
-0.061783
-0.017289
-0.092627
-0.050936
0.051278
0.005632
0.091725
-0.063360
0.014457
0.066133
0.106803
0.082113
0.058611
0.131591
0.116604
0.054157
-0.108461
-0.039811
-0.021410
0.044541
0.047496
-0.021294
0.030616
0.071841
0.066634
0.030171
0.076679
-0.054749
0.004273
-0.002042
-0.043037
-0.002924
-0.027043
0.018309
-0.063898
-0.094020
0.024131
-0.027865
0.027227
0.013569
0.029469
0.043250
0.001811
0.021726
-0.004408
-0.007699
-0.126167
-0.084262
0.071227
0.034218
0.002983
0.123589
0.041645
0.028157
-0.041227
-0.061824
0.010493
0.049403
0.061150
0.002770
0.048920
0.030153
0.031177
0.042719
-0.022473
-0.100176
-0.080091
0.010935
-0.021368
-0.042524
0.043561
0.057214
0.060984
0.097237
0.115746
0.125887
-0.049844
-0.020326
0.032999
0.028590
0.039327
0.020979
-0.004739
0.044390
-0.054249
-0.042047
-0.086244
-0.003904
0.151216
-0.093068
-0.102953
0.010042
-0.020676
-0.057268
0.043510
0.120267
0.008219
-0.050460
0.037942
-0.054635
0.035383
0.042951
-0.014003
0.081869
0.031431
0.044855
0.002162
0.000767
0.005564
-0.050069
-0.026238
-0.042998
0.011687
-0.015979
0.115050
-0.055755
-0.048832
0.054781
0.048208
0.008856
0.070508
0.093072
0.037334
0.032493
0.019264
0.111679
0.094963
-0.016180
0.032636
0.018717
0.043654
0.037834
0.001516
-0.007351
-0.039404
-0.063876
-0.061028
-0.058744
0.017548
0.076997
-0.007756
0.056027
0.017000
-0.070694
0.052907
-0.056334
0.037882
0.078349
-0.017127
0.002108
-0.048364
0.088872
0.054789
0.022879
-0.014684
0.029326
0.021596
-0.022001
-0.015357
0.028674
0.082379
0.001108
-0.074568
0.003631
0.014711
-0.077415
-0.040259
-0.053709
-0.036706
0.030102
0.014033
0.018505
0.062240
-0.007525
-0.001385
-0.049975
-0.003107
0.132331
0.046450
-0.049530
-0.005424
0.079435
0.038216
-0.000160
-0.074943
-0.005185
0.099320
0.005040
0.034523
-0.003049
-0.089882
0.022947
-0.045004
-0.042401
0.064490
-0.068877
0.099113
0.061243
-0.096419
0.028745
0.064176
-0.001543
0.090260
0.028583
-0.031493
0.027114
0.047272
0.018974
-0.001417
-0.054756
0.007040
0.001731
-0.025849
-0.050007
0.004157
0.008302
-0.040841
-0.085451
-0.015098
0.023983
-0.063767
0.007255
0.031055
-0.007446
-0.023965
0.018180
0.083958
0.027774
-0.049321
-0.015243
-0.049128
-0.073790
-0.063054
0.018875
0.060744
-0.015085
0.058457
0.102991
0.069833
-0.063383
-0.091120
0.052361
-0.036139
-0.045752
0.006372
-0.035830
0.041584
0.065094
-0.023148
-0.003236
-0.017470
0.019440
0.138308
0.112785
-0.031129
-0.089803
-0.033389
-0.015985
0.004505
0.056475
0.124881
0.033962
0.060139
0.118271
0.045647
-0.046699
0.046649
0.098694
0.073301
0.055000
0.062209
0.058154
0.061433
0.068940
0.053951
0.092867
0.026748
0.089224
0.132995
0.049243
-0.000902
-0.055968
0.052224
0.050555
-0.051444
0.082326
0.091179
0.012443
-0.011477
0.022134
0.075758
-0.041498
-0.084445
0.171244
0.106181
-0.053231
-0.071156
0.038975
0.070556
0.045367
0.027739
-0.040591
-0.021484
0.085957
0.057549
-0.003810
-0.043133
0.005795
0.077707
0.075807
-0.049620
-0.042156
-0.005771
-0.081947
-0.025127
-0.007451
0.035299
-0.022849
-0.074725
0.003579
0.026532
0.072183
0.000321
-0.058758
-0.029358
-0.032037
0.021764
-0.027285
0.087502
0.114901
0.034746
0.032882
0.041301
-0.000297
-0.031795
-0.027637
0.009826
0.052658
0.057231
0.069143
0.011889
0.058987
0.076733
0.016311
-0.002818
0.037587
-0.016119
0.054823
-0.068307
-0.034241
0.034112
-0.014582
0.011036
0.004745
0.139372
-0.003273
0.024910
0.061749
0.027813
0.031630
0.072568
-0.092370
-0.040509
-0.071455
0.025757
-0.021000
0.031821
0.028738
-0.030793
-0.005466
0.002064
-0.008096
-0.064716
0.058817
0.019929
-0.060836
0.087979
0.037375
0.095759
0.053966
0.012944
-0.073729
0.044903
0.060772
-0.024895
-0.020619
0.080891
0.123278
0.086011
0.154087
0.013859
0.038438
0.032217
-0.027922
0.009026
0.038299
0.107162
0.043576
0.027424
-0.000205
-0.008958
0.040728
0.060783
0.104136
-0.078300
-0.003330
-0.012852
-0.063951
0.092686
0.001120
-0.043838
-0.002212
-0.064214
-0.040583
0.054487
0.055860
0.042538
0.121824
0.024298
0.104611
-0.047524
0.003188
0.087951
-0.054002
-0.015776
0.027603
-0.064452
-0.002946
-0.035937
-0.066568
-0.001696
0.015320
0.056916
0.065347
0.056024
0.072120
0.032197
0.113425
0.036979
-0.010063
0.029800
-0.049271
0.045620
0.098602
0.007749
0.089213
0.066494
-0.046922
0.010964
-0.095309
0.011432
0.051443
0.123381
0.034076
0.008698
0.082721
0.019585
0.042991
0.058763
-0.017923
-0.104103
0.022609
0.021562
0.023131
0.032883
-0.039206
-0.022840
-0.000907
0.020728
0.009384
0.019446
0.016586
-0.010200
0.119147
0.084374
0.018094
0.009294
0.097600
0.076088
-0.036390
-0.003010
0.001483
0.025612
0.011561
-0.043787
-0.061159
-0.055987
-0.033547
-0.088038
-0.112725
-0.088178
0.003296
0.010316
-0.011874
0.011062
-0.002282
0.014582
0.087710
-0.032721
0.020462
0.134873
0.037203
-0.009068
0.013252
-0.055552
0.004055
-0.074481
0.029070
-0.011513
-0.185122
-0.108104
-0.121337
-0.038077
-0.017620
0.000281
0.068640
0.022276
-0.009985
0.024004
-0.087428
-0.015191
0.044112
0.043744
0.089990
0.127742
0.087000
0.059651
0.060512
0.000775
0.084898
0.064998
0.043075
-0.048815
-0.062635
0.013462
0.027128
-0.084554
0.025638
0.078042
-0.030112
0.100619
0.053738
0.007052
-0.012024
-0.018798
0.009767
-0.072882
-0.099624
0.047945
-0.058653
-0.047526
-0.039263
-0.028669
0.069389
0.050149
0.048092
0.048144
0.039696
0.013106
0.029487
-0.018442
-0.040527
-0.123293
-0.038809
-0.030898
-0.113910
0.031997
0.105731
0.041071
0.006046
0.082421
0.075594
0.035211
0.067590
0.039482
0.046838
-0.026955
-0.106357
0.010034
0.090848
0.017667
0.113068
0.028613
-0.005641
0.017343
-0.037324
0.029395
0.087237
0.039618
0.086759
0.078707
-0.063806
-0.066826
0.029311
0.029857
0.031874
0.009022
-0.074998
0.005341
-0.029656
-0.001667
0.032710
-0.006695
-0.031256
0.052716
0.055808
0.034810
0.090070
0.048564
-0.029892
-0.041164
-0.015891
-0.034044
-0.114835
-0.109885
0.027568
0.036658
0.006828
-0.001512
0.051327
0.111108
-0.006763
0.066517
-0.008651
-0.072234
-0.027666
0.008448
0.007534
0.043356
0.046930
0.025566
0.031519
-0.000958
0.069349
0.014061
0.066311
0.064302
-0.007650
0.105036
0.041083
-0.006470
-0.023619
-0.064972
-0.014291
0.004116
-0.075455
-0.020103
0.025415
0.015118
0.013503
0.043398
-0.015442
-0.014246
0.066633
0.051820
0.079561
-0.068012
0.006316
-0.064258
0.078262
-0.001302
0.004936
-0.001883
0.020661
0.087208
-0.009667
-0.079474
-0.002924
0.046465
0.044370
0.108562
0.134656
0.188209
-0.008341
0.084110
0.042178
0.001296
0.082906
0.041749
0.105434
0.063390
0.028116
0.165548
-0.034532
-0.020383
0.036458
0.086921
0.031401
0.027781
0.019707
0.097455
-0.021475
0.026640
0.112302
0.059120
-0.020457
0.000710
0.009843
-0.078293
0.064572
0.139075
0.060549
-0.085109
-0.047638
0.034524
-0.019245
-0.003609
0.062239
0.040746
-0.029514
-0.052330
0.072649
-0.097608
-0.055682
0.055304
0.057286
-0.011134
0.016353
0.080418
0.000380
-0.002104
-0.072351
-0.069946
-0.012746
-0.021492
-0.065420
-0.038096
-0.019406
-0.060696
0.054640
0.138348
0.078941
0.074490
0.051931
0.010052
0.019016
-0.015063
-0.060095
0.002831
0.014521
0.072303
0.060197
0.113719
0.032043
0.065723
0.009462
-0.030767
0.046849
0.061955
-0.095178
0.018036
0.108351
0.017383
-0.018304
-0.037471
0.024569
-0.100921
-0.010093
-0.019572
-0.013360
0.068505
-0.038450
0.032065
0.044597
0.032751
-0.116863
0.033539
0.038170
-0.043859
0.078085
-0.006805
-0.015226
-0.018421
0.026340
0.103250
-0.031780
-0.017571
0.061959
-0.007427
0.077293
0.064957
0.034320
0.047843
0.130940
0.033973
-0.044910
0.054371
-0.023224
0.036043
0.114807
0.028646
0.055727
0.002131
0.005091
-0.004121
0.036579
-0.051149
-0.029577
0.029256
0.066871
0.051524
0.013523
-0.086831
-0.026821
-0.020580
-0.103310
0.038640
0.059506
0.053720
-0.006192
-0.023550
0.021606
0.086753
-0.064007
-0.057218
0.051055
0.086384
0.025361
-0.026025
0.028955
-0.000654
-0.039326
-0.011441
0.006451
-0.031456
-0.102378
-0.059227
-0.008909
0.027523
-0.052713
0.013150
0.066477
-0.023804
0.076675
0.072345
-0.004492
0.015856
0.006874
0.052824
0.022112
0.054306
0.055684
-0.011423
0.113063
0.025586
0.014947
-0.030193
-0.016895
0.116084
-0.078739
0.047647
-0.001220
-0.020703
-0.068348
-0.098872
-0.049480
-0.102870
-0.023834
0.034507
-0.044649
-0.021517
-0.073986
0.003123
0.042951
0.017394
0.042015
0.057071
-0.022449
-0.044683
-0.040263
-0.022889
-0.060170
-0.019596
-0.018865
-0.023452
-0.012810
0.014644
-0.049423
-0.061583
0.058644
0.078035
0.033424
-0.028006
-0.019107
0.144280
0.127388
0.108231
0.104636
0.025961
0.077270
0.059050
-0.013646
0.015671
0.002484
0.092229
0.080047
-0.081016
0.061276
0.044827
-0.043976
-0.051259
-0.019842
0.024565
0.046788
0.035295
-0.026751
0.032632
0.061016
-0.007567
-0.063079
0.099040
0.000697
0.033250
0.009915
-0.020513
-0.045804
-0.071228
-0.027851
-0.059245
-0.009131
0.019081
0.049314
0.007470
0.033074
0.109925
0.033198
-0.015403
-0.069293
-0.097623
-0.022065
-0.033677
-0.095530
0.151757
0.070097
0.029728
0.077345
0.022609
0.016680
-0.060977
0.018619
-0.024981
-0.068430
0.001892
-0.018366
0.003581
0.081422
0.080635
0.105627
0.064651
0.090076
0.098708
-0.014506
0.001072
-0.066922
-0.020414
0.026111
-0.030709
-0.050048
-0.002097
0.011913
0.015348
0.077751
0.026282
-0.066418
0.065311
-0.013356
-0.042532
-0.045851
0.015103
-0.028948
0.056533
0.069388
-0.011053
0.102362
0.058755
-0.005272
0.027360
0.050693
-0.008033
0.052183
-0.018605
-0.023822
-0.001329
0.086575
0.024868
0.009380
-0.048230
0.018679
0.009713
-0.000983
0.068946
0.058878
0.029091
0.026513
-0.018540
0.059751
-0.026722
0.020895
0.097919
0.060129
0.019945
0.025965
0.013735
-0.054700
-0.019720
0.073545
0.085383
-0.009421
-0.016712
0.019570
0.011861
-0.075257
-0.058133
-0.048028
-0.042849
0.102451
-0.017585
0.092684
0.127311
0.005496
0.018987
-0.055317
-0.031392
-0.005932
0.091038
-0.024880
-0.077398
0.132679
0.028547
0.020440
0.020877
0.014757
0.100742
-0.052836
0.017711
0.000934
0.054987
0.047716
0.018801
0.039724
0.016808
0.079366
-0.057297
0.062424
0.087681
0.049124
0.006395
-0.044534
0.021466
0.002039
0.026529
0.000504
0.016251
-0.052937
-0.058833
-0.060258
0.128119
0.003919
-0.040912
0.061358
0.066385
0.049694
-0.015556
0.025225
0.076369
0.079769
0.011480
0.021526
-0.003274
0.061586
0.085581
0.082456
0.100477
0.070077
0.040048
0.054304
0.080854
0.089012
0.035671
0.115858
0.093892
-0.093709
0.016326
0.061149
0.027455
-0.053558
0.063127
-0.036142
0.057460
0.100162
0.010465
0.048422
0.050183
0.028228
-0.092318
-0.029990
0.020920
-0.009208
0.008628
0.070620
0.065708
0.072648
0.034645
-0.016686
0.060848
-0.012199
0.016387
0.029080
0.123548
0.083509
0.074371
0.095078
0.044412
0.109196
0.007091
0.012688
0.007294
0.003367
0.057729
-0.001663
0.049914
-0.017500
0.022007
0.071461
0.095606
0.110998
0.019339
-0.030202
-0.016285
-0.020898
-0.039336
-0.063001
0.058507
0.010259
0.045334
0.000462
-0.009614
-0.067246
-0.019140
0.064388
0.001390
0.004485
0.059089
-0.005204
0.020965
-0.009657
-0.020622
-0.041439
0.073695
-0.017735
-0.007552
0.055598
0.083730
0.024081
-0.001467
-0.004390
0.077590
-0.065832
-0.017482
0.084511
0.051811
0.015051
0.002972
0.105132
0.137088
0.030570
0.039818
0.013134
-0.006870
-0.020185
-0.034534
0.027958
-0.022594
-0.051329
0.030775
-0.084926
-0.001371
0.028030
-0.027227
0.115793
0.085141
-0.027971
-0.000726
0.026812
-0.049146
0.032205
0.025720
0.011248
0.045168
0.019147
0.059513
0.075223
-0.006336
-0.005799
0.015416
0.003933
-0.047435
0.001986
-0.024354
-0.004661
0.060738
-0.069099
-0.015510
-0.027409
-0.013514
0.080589
-0.026711
-0.026933
-0.101346
-0.028829
0.032061
0.032898
-0.023425
-0.032202
-0.080135
-0.069259
-0.060380
0.006764
-0.030414
-0.002686
0.011343
-0.066997
-0.005555
-0.088844
-0.085897
-0.072962
-0.023053
0.042482
-0.046831
-0.066648
0.020966
-0.017079
-0.003689
0.061422
-0.033154
0.062467
0.020407
-0.034148
0.052062
-0.026596
-0.025530
0.106960
0.059601
0.073677
0.012550
0.010754
0.058124
0.031341
0.019726
0.001149
-0.019841
-0.001324
0.027113
0.076907
-0.055136
-0.011304
0.155127
-0.023943
0.029992
0.022451
-0.062349
-0.026561
0.032276
0.038427
0.028758
0.003744
0.048647
0.065247
0.050632
0.016729
-0.009262
0.013002
0.002359
-0.086920
-0.071081
-0.039207
-0.124338
-0.039361
-0.078480
-0.098569
-0.014680
-0.032476
-0.015348
-0.026119
0.008620
0.024897
-0.058565
0.024589
0.130087
0.109577
0.058299
0.011190
0.008303
-0.028716
-0.021626
0.032461
0.043546
0.031147
0.057247
-0.050276
-0.010658
-0.063092
-0.005183
-0.002784
0.071509
0.065212
-0.053671
-0.077135
-0.050665
0.085487
0.012383
0.030772
0.050703
-0.029773
-0.017260
-0.031802
0.012802
-0.008310
-0.016150
-0.036361
0.039922
-0.022724
0.003648
-0.033786
0.054991
0.028992
-0.016279
-0.016256
0.024577
-0.018673
0.065822
-0.030531
-0.058009
-0.046334
-0.086723
0.019803
0.055298
-0.013936
0.064305
0.057048
0.010852
0.083230
0.048109
0.000977
0.033267
-0.005888
0.007282
0.003422
0.003318
0.042581
0.033038
-0.119821
-0.062413
0.012435
-0.050605
-0.060839
-0.097312
-0.098734
-0.019076
0.070668
0.090540
0.088690
0.063927
0.175709
-0.008770
-0.079287
0.095790
0.069785
0.086914
0.048822
0.041853
-0.018395
-0.055068
-0.031274
-0.103630
-0.023941
0.066502
0.029980
-0.021773
0.000498
0.090213
0.082161
-0.049905
0.003356
0.082604
-0.010112
-0.023432
-0.036463
-0.068846
-0.027074
-0.019069
0.018367
-0.025882
0.007949
0.101663
0.009666
0.032819
-0.016135
0.013530
0.017457
0.029683
0.059490
0.022797
-0.053688
0.014266
-0.018906
-0.065367
0.057102
-0.003831
-0.007847
0.003389
-0.152653
0.025006
-0.021138
-0.018735
-0.041718
-0.004977
-0.000514
-0.015653
-0.117785
-0.129058
-0.028253
0.015795
-0.007351
0.035379
-0.084126
-0.070166
-0.003959
0.011492
-0.008494
-0.095397
-0.012174
0.043963
0.084798
-0.001044
-0.008925
0.011563
0.198970
0.063165
-0.055473
0.010758
-0.011291
-0.051575
0.033710
-0.020659
0.023457
0.020133
-0.051225
-0.076516
-0.049406
0.045698
0.074929
-0.059178
0.018519
0.028886
0.089278
0.099304
0.111448
0.095396
0.172918
0.045936
0.054574
0.101851
0.134162
-0.011981
0.025006
0.049249
-0.029651
0.017928
-0.000293
-0.042435
0.137223
0.050312
-0.092215
-0.010737
0.014150
-0.038837
0.012777
0.018897
0.075646
-0.002840
-0.002793
0.016079
-0.036847
-0.012178
-0.011132
-0.000326
0.024945
0.003770
0.069195
0.037495
-0.076141
-0.015429
-0.016474
0.078152
0.060366
0.009798
0.023373
-0.073091
-0.016096
-0.020272
-0.011977
-0.025417
-0.162443
-0.039377
-0.100087
0.008821
0.067436
0.045762
0.067620
-0.020414
0.009775
-0.018114
-0.038064
0.080419
0.046272
0.022393
-0.006473
-0.087919
0.036522
0.017295
0.064297
0.014877
0.028175
-0.010045
0.015045
-0.028304
-0.032628
0.125849
0.066858
0.014182
0.052201
-0.019887
-0.054192
0.028634
0.042991
0.077363
-0.002538
0.026807
-0.001474
-0.098175
-0.027588
0.058556
0.030839
-0.006842
0.032642
-0.008735
0.120932
0.058290
-0.091316
0.009925
0.073952
0.026880
0.029308
0.011362
0.135421
-0.015551
-0.089068
-0.054098
-0.023826
-0.048763
-0.081557
0.018746
0.044388
-0.014469
-0.000835
-0.081559
-0.004826
0.072824
-0.006700
-0.040907
-0.084951
0.000250
0.049880
-0.036259
-0.008787
0.028991
0.019796
-0.019868
0.000481
-0.057943
-0.063820
-0.006113
0.002498
-0.085018
-0.127316
-0.057856
0.006612
-0.020858
0.003830
-0.089982
-0.001225
-0.103556
-0.050244
0.045731
-0.003480
0.015416
-0.001159
-0.024827
0.024212
0.000435
-0.110289
-0.058433
-0.133366
0.020482
-0.137157
-0.067837
0.040292
0.034704
0.021121
-0.001734
0.061746
0.029246
-0.064872
-0.128690
-0.010408
-0.069354
-0.003130
0.013752
0.002717
0.066772
0.014763
0.007908
-0.047904
-0.014270
0.006235
0.085321
0.041886
0.039217
0.066495
-0.014435
0.068893
0.038630
0.005552
0.075550
0.007796
-0.076635
-0.036983
-0.017486
-0.022371
-0.019237
-0.016207
-0.097464
-0.016264
-0.019616
0.007369
0.062265
-0.138397
-0.070070
0.068065
0.001019
-0.079353
-0.072929
-0.064815
-0.047632
0.018675
-0.030077
0.009715
0.058497
0.025115
-0.023863
-0.059261
0.010173
0.021438
-0.053276
0.035876
0.075909
0.011498
0.002807
-0.010173
-0.024155
0.094174
-0.197990
-0.088680
0.043063
-0.013234
-0.032597
0.017011
-0.005177
-0.083801
0.004124
0.062921
-0.006739
0.062314
0.042642
0.043180
0.088121
0.035520
0.117026
0.028992
0.043145
0.016623
0.027893
0.084118
0.014816
0.051701
-0.005996
0.025783
0.048215
-0.002997
0.007714
-0.027871
-0.042564
0.062866
-0.060823
-0.004458
-0.016093
0.032274
0.078964
0.084732
0.034606
-0.031649
-0.005629
-0.019196
-0.011964
-0.027196
-0.092100
-0.019662
0.026584
0.093316
0.002076
-0.049912
0.016734
0.008229
0.032084
0.078878
0.073955
0.014300
0.082550
0.004095
0.028509
0.104413
0.074856
-0.006679
-0.090140
-0.034759
-0.045010
0.022734
0.013664
-0.030848
0.000415
-0.051451
-0.049278
0.058757
0.033329
-0.012149
0.047456
-0.009184
0.078095
0.065819
-0.036322
-0.037171
-0.100384
-0.114966
0.019459
-0.022054
0.059191
-0.030698
-0.049912
-0.017494
0.024338
0.163187
0.059129
-0.004017
0.010156
0.049111
0.111746
0.117262
-0.062148
-0.023220
0.007336
-0.029644
0.033474
0.014910
-0.020924
0.006431
0.026375
0.077655
-0.090022
-0.038863
-0.047197
-0.002033
0.026879
0.020113
0.057476
0.117729
0.011934
0.087637
0.065736
0.094637
0.066808
0.024703
0.002565
0.052798
0.001412
0.015115
-0.007674
0.016946
0.011326
0.065628
0.007469
-0.045170
0.019130
0.043290
0.016645
-0.060682
-0.036490
0.093026
-0.000455
-0.140727
-0.012178
-0.036525
0.027240
0.034176
-0.040714
-0.044909
-0.040119
0.038385
0.004917
0.069948
0.007802
-0.039007
0.027780
-0.106585
0.004089
0.043338
-0.088867
-0.008344
0.050932
-0.006949
-0.067646
-0.077395
0.008931
-0.004722
0.024255
0.081505
0.019270
0.042026
0.011166
0.056046
0.013981
0.049092
-0.028580
0.026808
-0.069137
0.010763
0.004000
0.019863
0.036010
-0.075349
-0.017678
-0.066151
-0.019371
0.058779
0.050133
0.004609
-0.042125
-0.013748
0.019232
-0.062064
-0.023312
0.055992
0.045706
0.069406
-0.036514
0.021943
-0.038399
-0.054461
0.008820
0.024995
0.053602
0.005826
-0.069025
-0.027666
-0.007494
-0.050535
-0.000680
0.051144
-0.005278
-0.019919
-0.052648
-0.019614
0.053127
0.064271
0.072517
-0.007828
0.008120
0.012050
0.020906
0.098968
0.042915
-0.011377
0.050874
0.092851
0.092421
0.084135
0.038060
0.062744
0.077524
-0.002235
0.006775
0.031593
0.033140
0.034917
0.087491
0.081350
0.047035
-0.033859
-0.013495
0.051552
0.056967
0.103669
0.036857
-0.019989
-0.010997
0.102568
0.018783
0.086416
0.038047
0.052833
0.145277
-0.000777
0.032911
0.038971
-0.070362
-0.010510
-0.009975
-0.059700
-0.022725
0.011641
-0.073163
0.051351
0.019962
-0.029390
-0.063107
-0.072198
-0.006506
0.066095
-0.103548
-0.001233
0.068538
0.027689
0.019847
0.059127
0.068635
0.044801
-0.013586
0.027583
0.005389
0.091102
0.105678
0.028190
-0.070000
0.054684
-0.038642
0.011922
-0.093924
0.035085
0.002345
-0.009135
0.085525
-0.019193
-0.015011
-0.029524
0.036406
0.021244
0.021762
0.008368
-0.031873
-0.112621
-0.041011
-0.037076
0.020511
-0.023228
-0.043929
0.012400
0.033625
-0.021894
0.028998
0.029542
0.084712
-0.052267
0.072952
0.005531
-0.040813
-0.002941
-0.037106
-0.010827
0.062801
0.064757
-0.055384
-0.022544
-0.000023
-0.017273
0.057277
0.050034
0.085835
0.071380
0.061804
-0.039774
0.004785
0.061452
-0.006747
-0.067861
-0.031707
-0.078623
0.080397
0.003231
0.169881
0.133124
0.088388
0.087708
-0.030873
-0.003791
0.003995
-0.083288
0.030196
-0.036357
-0.013145
0.094389
-0.019234
0.020628
0.012874
0.070035
0.032902
0.021266
0.083710
-0.039707
0.047735
0.113748
0.097234
0.137196
0.099842
0.057425
-0.001743
0.098611
0.027945
0.020172
0.053881
0.059496
0.002238
-0.002473
-0.045039
-0.057663
-0.002632
-0.050238
-0.023461
0.074312
0.003099
-0.050916
-0.194695
-0.085057
-0.042982
-0.033827
-0.008896
0.054537
0.009921
0.039769
-0.073635
0.010817
-0.000247
0.025666
0.033526
-0.090328
0.009582
0.033873
-0.001634
0.077893
0.177465
0.082558
0.001355
0.009190
0.055096
0.046937
-0.012808
0.114614
0.128187
-0.005889
0.081049
0.053215
0.071463
0.010197
-0.032600
0.015381
0.140270
0.025235
0.012073
0.102858
-0.119203
-0.059796
-0.010182
-0.064372
-0.028190
0.068775
0.038903
-0.015607
-0.042098
-0.014691
-0.096491
-0.107564
-0.067711
0.124393
0.116198
-0.002183
0.023819
-0.044694
-0.075339
-0.018615
0.071061
-0.016122
0.035162
0.033201
0.009822
-0.019789
-0.072761
-0.055581
-0.043963
0.028422
0.037041
0.077004
0.171498
0.043885
0.006941
-0.087896
-0.081782
0.038847
-0.020892
0.041123
0.033664
-0.021433
-0.024598
0.050736
-0.043686
0.035597
-0.008634
0.025058
-0.115648
-0.102343
-0.047220
-0.100569
-0.066210
-0.055455
0.090753
0.037647
0.040771
0.027288
-0.003955
-0.043470
0.065344
-0.020505
0.001853
0.079141
0.016187
0.003457
-0.009861
-0.029049
-0.034220
-0.005948
-0.002801
0.017314
0.006717
0.060802
0.011357
-0.068093
-0.032739
-0.019808
0.030154
0.018099
-0.010330
0.003199
-0.002471
-0.039272
0.008972
-0.037865
-0.003017
0.099364
-0.014067
-0.098153
0.059162
0.017517
-0.096492
-0.014263
0.007892
0.097742
0.046133
0.029719
-0.109157
-0.029462
0.026026
-0.030259
0.050701
0.004022
0.037643
0.025697
0.040721
0.078608
0.002717
-0.006254
-0.003569
-0.030157
0.005379
-0.030779
-0.101589
-0.054309
-0.016502
-0.000867
0.000994
0.013337
0.029898
-0.071807
-0.036739
0.105993
-0.004172
0.003960
0.058227
0.018023
0.000555
0.015746
0.005545
-0.034673
-0.043470
-0.025193
0.039907
-0.022026
-0.056296
0.053496
0.057716
0.067735
0.020778
0.011274
-0.043538
-0.077985
-0.022596
-0.005675
-0.041217
-0.048583
-0.024552
-0.044880
-0.090130
0.009026
0.120853
0.065077
-0.062691
0.041195
0.044437
0.058507
0.118167
-0.007783
0.031882
0.088779
-0.035425
0.002474
0.061500
0.025612
0.109808
-0.047616
0.016670
0.071162
-0.014602
-0.012621
-0.070765
-0.083222
-0.060382
0.007542
-0.035456
-0.018172
-0.031844
0.117077
0.028738
-0.101921
0.048024
0.021831
-0.020798
0.043165
-0.007501
0.072925
0.028219
-0.017932
-0.035410
-0.021752
-0.012681
0.082167
0.047338
0.022406
-0.036921
-0.059902
0.041356
-0.049561
0.025421
-0.052107
0.054986
0.063857
0.028402
-0.002743
0.031033
-0.065062
-0.032715
0.083199
0.034283
0.081743
-0.011504
0.048838
0.071259
0.056153
-0.028745
0.051441
0.025180
0.020414
-0.018831
-0.023723
-0.058275
0.014294
-0.085736
-0.007119
0.106176
-0.153455
-0.054909
-0.016407
-0.070348
-0.022050
-0.067881
0.002605
-0.061477
-0.018061
0.012829
0.046652
0.135981
-0.038526
0.001566
0.020647
0.061877
-0.037575
0.017224
0.016790
-0.020009
0.017614
0.036920
0.079109
-0.012259
-0.005351
-0.007761
-0.023932
0.002397
0.020948
-0.082246
0.054799
0.041675
-0.049080
0.043396
0.007734
-0.040709
-0.002045
-0.000217
-0.063716
-0.129602
-0.015364
0.004635
-0.067625
-0.031499
0.075290
0.116961
0.092622
-0.019104
0.049290
-0.058743
0.047111
0.104589
0.076235
0.122407
0.050078
0.017324
0.012514
0.026798
0.086288
-0.043263
-0.047115
0.026112
-0.058112
-0.097422
-0.031801
-0.000465
0.008648
-0.019364
-0.053655
0.005735
-0.084797
-0.068600
-0.060230
0.064585
0.026150
-0.034845
-0.040829
-0.016136
-0.070601
-0.011577
0.028393
-0.030164
0.046874
0.082188
-0.005004
0.068672
0.027269
-0.001125
-0.061753
0.034005
-0.054738
0.065750
0.085195
0.027149
0.130207
0.099229
-0.077015
0.077477
0.049318
-0.040929
-0.023002
0.033388
0.076640
0.060249
0.057509
0.012922
0.025676
0.127006
0.010052
0.016864
0.051648
0.099098
0.106949
0.068675
-0.031980
0.065906
0.012569
-0.066207
-0.041064
-0.032466
-0.022219
0.033765
-0.102805
-0.059048
0.105253
0.025927
-0.115852
0.026121
0.045424
-0.017500
0.019130
-0.022747
-0.054887
-0.024649
0.019681
-0.071154
-0.016885
-0.012384
0.071781
0.154512
-0.077604
-0.046255
0.070854
-0.022581
0.070483
-0.012349
-0.022398
0.051867
-0.036228
-0.070335
0.053108
0.128896
0.055677
-0.010998
0.042891
0.146194
0.000183
-0.020933
0.070985
-0.037099
0.026410
0.052800
-0.044416
0.028132
-0.006493
0.023315
-0.007074
-0.001407
0.092607
-0.015305
0.001519
0.018951
-0.023182
0.044068
-0.013774
0.008376
-0.038762
0.118191
0.021908
-0.000977
0.063895
0.135979
0.003153
-0.125133
-0.056587
-0.086516
0.024618
-0.036148
-0.025111
0.048788
0.034607
-0.005106
0.029752
0.091585
0.086341
0.031266
0.104602
0.016996
0.029040
0.060927
0.058926
0.127825
0.091127
-0.001922
0.108090
0.134677
0.050150
0.174964
0.083207
-0.062012
0.045459
0.039546
-0.022790
-0.058737
-0.017154
-0.078621
0.034900
0.021866
-0.048766
0.013882
0.001935
0.022250
0.031184
-0.029206
0.009547
0.088606
-0.027495
-0.026846
-0.026821
-0.052089
-0.000496
-0.055678
-0.004479
0.072123
0.043065
0.037857
-0.132823
-0.113091
0.024966
0.055964
-0.019130
-0.071115
-0.038306
0.004990
0.058505
-0.102480
0.012970
-0.016643
-0.034905
0.024991
0.054930
0.057328
0.008136
-0.104808
-0.041844
-0.020938
-0.051641
-0.014977
-0.077705
0.016362
0.021238
-0.001999
-0.019461
0.032747
-0.043366
-0.000394
-0.003340
-0.011324
0.101577
0.022099
0.052272
0.044564
-0.086014
-0.008376
-0.047231
0.004243
0.093195
0.052174
0.043161
0.038757
0.035690
0.044456
-0.134689
-0.028931
-0.045883
0.034166
0.097585
0.029021
0.000604
0.009117
0.063922
0.024879
-0.011152
-0.092669
-0.006296
-0.038002
-0.009333
0.002772
0.034728
-0.022381
-0.000216
0.039733
0.034212
0.001944
0.057496
0.103593
0.011523
-0.048351
0.021973
0.013659
-0.051850
-0.016294
-0.042082
0.049194
-0.021066
-0.030610
0.095088
-0.104285
-0.018412
-0.050236
0.031525
0.070936
0.053103
0.102132
-0.026023
0.019540
0.097787
0.010649
0.018106
0.010613
0.011255
-0.002006
0.037260
-0.025227
0.007279
-0.000780
-0.040747
-0.015985
0.012782
0.132282
-0.000938
0.103560
0.035614
0.025018
-0.000253
-0.017030
0.020754
0.059203
0.033936
0.006466
0.013610
0.042872
-0.022124
-0.004617
-0.040178
-0.074582
0.007174
0.027852
0.000417
-0.147273
-0.086275
-0.077720
-0.016481
0.093478
0.014045
0.036029
-0.036792
-0.010421
0.143590
0.036074
-0.030563
-0.000984
-0.023231
0.102559
0.015002
-0.005214
0.086922
0.012935
-0.024558
-0.025078
0.089801
0.133789
0.071033
-0.129532
-0.057485
0.045209
0.026548
0.026550
-0.014353
-0.004115
0.005947
0.093393
0.041178
0.000258
-0.064123
-0.032436
-0.057688
0.020070
-0.048065
-0.105782
-0.062987
0.011444
0.005108
0.025205
-0.074835
0.051697
0.044085
-0.103252
-0.026961
-0.054987
0.042655
0.032339
-0.025360
0.038833
0.070278
-0.050983
-0.022468
0.093861
0.105351
0.038689
0.077636
0.003546
-0.033113
-0.007505
-0.017827
0.005656
-0.026523
-0.102488
0.044654
0.038980
0.088453
0.077496
-0.060185
0.013321
0.012662
-0.000088
0.048419
0.033653
0.036965
0.003419
-0.057083
0.064933
-0.059120
-0.024450
-0.049179
-0.019199
-0.030014
0.016298
0.052568
0.001237
-0.061130
0.020728
-0.075838
-0.125569
0.074950
-0.010097
-0.044887
0.010197
0.029060
0.058683
0.042625
0.045352
0.126923
0.044095
0.022313
0.090489
0.043803
0.009646
0.058374
-0.024372
0.034752
0.049341
-0.061214
0.054072
-0.037026
-0.099626
-0.022111
-0.084884
0.029562
-0.065227
-0.091506
-0.031411
0.023520
-0.014619
0.052140
0.090552
0.065422
-0.007368
-0.032127
0.123000
-0.000434
-0.033595
-0.110193
-0.086135
0.027733
0.031387
-0.030706
0.044212
0.037293
-0.114046
0.085218
0.064266
-0.092742
0.016618
0.029919
0.024777
0.025742
0.046349
0.038347
-0.142543
0.009014
0.031544
-0.009906
0.018490
-0.012029
-0.103466
0.071450
-0.010194
-0.098602
0.053993
0.009928
-0.030630
0.049327
0.044664
-0.054124
0.052074
0.009427
0.024892
0.067476
0.013447
0.044057
0.096469
0.071664
-0.043706
-0.040319
0.097530
0.096129
-0.027712
0.006386
-0.005175
-0.019707
-0.027076
-0.037990
0.033403
0.075798
0.064113
0.079957
0.063394
0.007886
0.042397
-0.037936
0.008609
0.058745
0.092351
0.002472
-0.001003
0.094355
0.025771
0.091616
0.015730
-0.020404
0.047874
-0.078838
0.031836
-0.001688
0.007915
0.019036
-0.101239
-0.023249
-0.067467
-0.053163
-0.029146
-0.071754
-0.047489
-0.008872
-0.077047
-0.034422
0.040484
0.036549
-0.059869
-0.102489
-0.076056
0.015974
0.020553
-0.007478
-0.096285
-0.041338
-0.024951
-0.081830
0.019123
-0.005826
-0.074388
-0.016519
0.049806
0.005660
0.017833
0.008933
0.047921
-0.035269
-0.133998
-0.089105
0.010317
0.052169
0.078815
0.049638
0.097363
0.027513
-0.045785
-0.097031
0.034115
-0.025707
-0.005242
0.044560
0.008489
-0.076578
0.013073
0.010186
-0.027912
0.024565
-0.040977
0.026259
0.065626
-0.057585
0.012323
-0.028853
-0.024726
0.043477
-0.016712
-0.011406
0.085218
-0.012513
-0.075243
-0.033115
-0.043485
-0.037367
-0.107869
-0.081752
-0.000903
-0.009210
0.026723
0.091753
0.084288
0.041341
0.054844
0.052260
0.021510
0.173659
0.100728
0.013802
0.046446
0.054159
0.052089
0.019980
0.064354
0.034119
0.011552
-0.020718
0.025431
0.004088
0.068083
0.034344
0.035037
-0.049196
0.031596
-0.000585
-0.052207
-0.088981
-0.065797
-0.013199
0.030518
-0.086841
-0.033980
-0.054544
-0.063419
-0.035409
0.001726
0.005201
-0.010721
-0.016587
0.025145
0.008387
-0.058383
-0.010787
0.062253
0.069216
-0.023861
0.061370
-0.000263
-0.014790
-0.011971
0.003563
0.044552
0.020422
-0.091295
0.007700
0.020300
-0.036903
-0.105786
-0.035748
0.009986
0.007073
-0.045325
-0.014880
-0.049456
-0.032069
-0.007930
0.009409
0.005542
0.035163
0.001909
0.012629
0.076523
0.060227
0.018201
0.054316
-0.045004
-0.040446
-0.024831
0.157619
0.138584
0.034079
0.043605
-0.124918
0.089459
-0.017039
-0.081699
0.020759
-0.034770
0.006309
-0.023470
0.009940
0.090668
0.085020
0.071512
0.053758
0.000414
-0.071256
0.038203
0.091350
0.052244
0.126819
-0.006790
0.026708
-0.029408
-0.076616
0.007557
-0.100591
-0.005481
-0.122412
0.003260
0.010540
0.014943
-0.068292
-0.017951
0.067168
0.031527
-0.095270
-0.014465
0.053599
0.017761
0.042297
-0.025742
0.084806
0.007995
0.008563
0.062491
0.008739
0.059907
-0.050832
0.045058
0.007473
0.021487
0.036254
0.007467
0.074747
-0.001027
0.089479
-0.002727
-0.077328
-0.008998
-0.073089
-0.016775
0.038268
0.085063
0.062816
0.047592
0.118113
0.063134
0.056317
0.061262
0.066714
0.009173
0.006528
-0.065190
-0.037120
-0.032846
-0.056403
0.021660
0.069383
0.008772
0.086445
0.014812
0.055563
0.031642
0.026882
0.080098
0.042257
-0.072183
0.011531
-0.040057
-0.108647
-0.127868
-0.000038
-0.028040
-0.038798
0.009914
0.055759
-0.046355
-0.011937
0.033435
0.031187
0.027100
0.021176
-0.006547
0.036694
-0.011092
-0.071915
0.029239
-0.051095
0.030619
0.006275
0.002427
-0.010881
0.000257
0.051337
0.064194
-0.053582
-0.083627
0.002871
0.014253
-0.053874
-0.009191
-0.004564
0.019838
0.066749
0.008323
0.025036
0.051866
-0.038997
-0.025008
0.042047
-0.029187
-0.152736
-0.077199
-0.072372
0.016735
-0.023932
-0.050252
0.013750
0.055024
0.006997
-0.054302
0.069207
-0.017230
0.013176
-0.012122
0.028417
-0.007941
0.045130
0.004696
0.060336
0.031359
-0.004095
-0.052011
-0.035566
0.034911
-0.152008
-0.163334
0.018825
0.029660
0.012875
-0.033920
-0.000744
0.025658
-0.035904
-0.049285
-0.004271
0.025999
0.053442
0.039792
0.088041
-0.026212
-0.034774
0.009175
-0.006951
0.121959
0.020893
-0.059414
-0.035331
-0.006186
-0.024489
-0.142509
-0.006133
-0.027700
-0.172013
-0.031803
-0.096208
-0.096543
-0.065138
-0.019798
0.003008
-0.103562
-0.091734
0.014195
-0.024181
-0.059985
-0.056973
-0.027657
-0.015217
0.032323
0.013319
0.032148
0.018691
0.010647
-0.028143
-0.031376
-0.025855
0.083495
-0.024780
0.044250
0.072109
-0.041762
-0.083196
0.021672
0.014823
-0.011300
0.004702
-0.035357
-0.106821
0.042491
-0.067473
-0.012803
0.025869
-0.049303
-0.017272
-0.013642
-0.010161
-0.029742
0.042529
0.071514
0.082717
0.084389
0.044716
-0.034464
0.077507
0.078680
-0.010255
-0.049303
0.138202
0.014448
-0.048229
-0.047224
-0.040430
-0.057144
-0.023981
0.091307
0.007019
0.026080
-0.005940
-0.073193
-0.008424
0.017603
-0.075756
0.000592
-0.004854
0.017411
0.028135
-0.102623
0.008860
-0.028411
-0.084672
-0.070441
-0.078988
-0.065502
-0.044405
0.009908
0.016315
0.082902
0.010468
-0.034025
0.004612
-0.070163
0.122362
0.062885
0.000857
0.052767
0.085556
0.088474
0.109045
0.070128
-0.036974
-0.034949
-0.018528
-0.014509
0.064621
0.031150
-0.035267
-0.050703
-0.008828
0.032694
-0.003080
0.074627
0.013349
0.042757
0.116311
-0.009127
0.097752
0.003334
0.005926
-0.001849
0.024865
0.032426
0.033344
-0.021829
-0.066345
-0.093786
-0.070673
-0.042484
-0.015454
-0.034776
0.014863
0.016265
0.037594
0.036456
0.036809
0.034495
-0.024565
-0.005191
0.017236
-0.031865
0.075010
0.000674
0.059193
0.005891
-0.039901
-0.060634
-0.072303
-0.087895
-0.040624
-0.086799
0.020530
0.027305
-0.098908
-0.026952
-0.074867
-0.054293
-0.012762
-0.029626
0.026141
0.131763
0.078220
0.042462
0.061355
0.016936
-0.027195
0.000584
0.005391
0.023540
0.036188
-0.027798
-0.008968
-0.026906
-0.040447
0.022548
-0.039245
0.008505
0.007401
0.014848
0.011751
-0.060683
0.031246
0.099044
0.101677
0.036223
0.083229
0.013884
0.045342
-0.023466
-0.029235
-0.015674
-0.023036
0.049228
-0.041330
0.079950
0.112514
0.000405
-0.038156
-0.054010
0.064132
0.059828
-0.016764
-0.001738
0.049557
0.058645
0.081774
0.003437
0.005683
-0.017438
0.047631
-0.058868
0.014123
-0.083015
-0.046691
-0.051191
0.108808
0.043284
-0.118674
0.035894
0.027655
-0.068876
0.013891
-0.032679
-0.026319
-0.073301
-0.008260
0.005420
-0.112199
0.020043
-0.031900
0.039396
0.118687
-0.026630
0.002962
0.025615
-0.004434
-0.009676
0.020773
0.024192
0.127158
0.002566
0.005097
0.023484
-0.052928
-0.040244
-0.004997
-0.003427
-0.091519
-0.078236
-0.120390
-0.054684
0.033386
0.006558
0.037650
-0.037233
0.011532
0.024627
-0.013289
-0.007932
-0.018072
-0.022584
0.046351
0.042940
-0.001005
0.016450
-0.059695
-0.058527
0.116708
0.030163
0.031282
0.045332
0.029020
0.016646
0.010088
0.081881
0.054955
0.008379
0.038078
0.008629
0.032999
0.025733
0.091911
0.051615
0.013992
0.000375
0.000021
-0.030953
0.024378
0.066707
-0.003740
0.015563
0.066660
0.022665
0.030203
-0.039095
-0.009267
0.079079
-0.035412
0.050952
0.055757
0.068639
0.027932
-0.008745
0.002119
0.035231
-0.110012
0.000637
0.047544
-0.099126
0.052266
0.018167
0.029525
-0.032531
-0.088713
-0.044909
0.017243
0.028415
-0.004343
0.044147
0.030745
-0.054972
-0.011976
0.045030
-0.002422
0.006679
0.017498
0.021010
-0.017860
-0.020752
-0.049146
-0.003193
0.016549
-0.075241
-0.032980
-0.080033
-0.009783
0.107054
0.061962
0.100802
0.226168
0.098701
0.025207
-0.035609
-0.062267
0.047986
-0.024472
-0.014751
-0.037345
-0.004758
0.018929
0.076187
0.058618
-0.035657
-0.104442
0.054447
-0.023637
0.014375
0.041199
0.017768
-0.083580
-0.013078
0.004928
-0.027636
0.024390
0.024062
0.063939
0.062014
0.003606
0.005363
0.065110
-0.073661
-0.085390
0.065011
-0.067736
0.005354
0.022963
-0.002434
-0.001091
-0.044622
-0.072235
0.061392
-0.021234
-0.014994
0.072117
-0.029967
0.028082
0.030361
-0.036936
0.070987
-0.007397
0.015675
0.018532
-0.015765
0.037202
-0.044744
0.008885
0.066692
0.006126
0.007234
0.061857
0.067091
0.083814
0.042634
0.019156
0.008453
-0.002534
0.025254
0.049210
0.054478
0.004158
0.045812
-0.067232
0.030020
0.035551
-0.011049
-0.046608
-0.008785
-0.012510
-0.046674
-0.074732
0.028635
-0.015891
-0.002386
0.080584
-0.083355
-0.009291
-0.007890
-0.095770
0.006780
-0.089669
-0.000523
0.045312
-0.096741
-0.060814
0.015633
-0.017636
-0.018527
0.089691
0.077443
-0.026478
0.032643
-0.010545
-0.038922
0.035396
0.043899
-0.026304
-0.009035
-0.039130
-0.029838
-0.028138
-0.027192
-0.060063
-0.067277
0.065353
0.012269
0.116484
0.053447
-0.088134
-0.039192
-0.037192
-0.053808
-0.049733
-0.018640
0.007368
0.019235
0.022584
0.002976
0.114466
0.052058
0.013335
-0.008890
0.010279
-0.077406
0.015194
0.148096
0.078032
0.010528
0.037469
-0.039091
-0.067094
-0.049146
0.006428
0.043072
0.000321
0.083430
0.006415
-0.026492
0.015440
-0.050243
-0.075857
0.031349
0.013736
0.020841
-0.001137
0.002066
-0.074978
-0.040350
0.052310
-0.023343
-0.097386
0.053220
-0.037951
0.011293
0.007321
-0.057612
0.068089
0.089053
-0.040867
-0.038620
0.037285
0.104654
0.011897
0.010983
0.017578
0.023524
-0.050808
0.010533
-0.017637
-0.058703
-0.049558
-0.037427
-0.027931
0.049369
0.020935
0.002106
0.015578
0.002477
-0.030493
-0.052769
0.047561
0.091824
-0.030334
-0.071807
0.048982
0.008565
0.039093
-0.008939
0.015645
0.033095
-0.073114
-0.036826
-0.063829
0.060722
0.110729
-0.070313
-0.154846
-0.044083
0.045623
-0.036740
-0.042448
-0.048476
-0.063399
-0.037322
-0.028696
0.025451
-0.014630
0.044821
0.043584
-0.021943
-0.059176
-0.084331
-0.008393
-0.009343
-0.001842
0.041106
-0.004439
-0.039806
-0.009306
-0.017571
-0.007493
-0.071552
-0.075479
-0.018138
-0.045153
-0.012459
0.083263
0.112055
0.018383
0.050916
0.015377
0.007236
0.023838
0.058991
0.025528
0.074093
0.042385
-0.089829
0.096179
0.057599
0.081639
-0.018515
-0.022542
0.050344
-0.016849
0.046857
0.050576
-0.009104
0.098154
0.117682
-0.042917
-0.066287
0.029664
-0.008024
-0.006065
-0.029426
-0.066976
0.070678
-0.005735
0.019369
0.017143
-0.016627
-0.034562
-0.028636
0.016172
-0.037272
-0.089331
0.051542
0.030642
0.087318
0.026319
-0.010972
0.021769
-0.070355
0.078093
-0.049717
0.032595
0.107773
0.003823
0.069771
0.021649
-0.029788
0.003314
0.069881
-0.011973
-0.006249
0.066061
0.028970
-0.070000
0.052455
-0.101247
-0.001988
0.006584
-0.067144
0.045205
-0.018242
-0.098612
-0.045634
-0.099195
-0.030144
-0.012455
-0.016656
-0.007755
0.075032
0.022558
0.105110
0.061209
-0.068521
-0.014979
0.070602
-0.056691
-0.024839
0.022717
-0.024900
0.098796
0.044741
0.071276
-0.022147
0.055214
0.038203
0.066709
0.094163
0.045504
0.055861
-0.022306
-0.043716
-0.007856
-0.032114
0.014641
0.013037
0.030515
-0.001074
0.028339
0.081790
-0.013750
0.045760
-0.027323
-0.023402
0.021357
0.001383
0.101740
0.048169
0.064790
0.030314
0.033975
-0.022046
0.011405
0.051865
0.044499
0.087910
0.084980
-0.019270
0.009557
-0.058057
-0.072712
0.078456
-0.060467
0.087508
0.047392
0.090260
0.021937
0.040313
-0.046556
-0.006833
0.146533
0.076205
0.022804
-0.100614
-0.058045
0.132030
0.069000
-0.046524
-0.007383
0.093733
0.094820
0.039464
0.009994
0.026541
0.058058
0.043838
-0.015229
-0.005496
0.041426
-0.057798
-0.075235
-0.028453
-0.119324
-0.063714
-0.094563
-0.111282
0.000743
0.014820
-0.040121
0.031167
-0.007991
-0.027363
-0.015685
-0.047101
0.004038
-0.047150
0.033299
-0.029006
-0.026466
0.030327
0.008569
0.018688
0.021835
-0.034708
-0.051178
0.076124
-0.060725
-0.003707
0.047026
-0.084218
0.005228
0.035427
0.052456
-0.036278
0.009404
-0.094268
0.029667
0.049020
-0.001037
-0.135234
-0.052115
-0.056368
-0.134824
0.092568
0.001946
-0.050659
0.083391
-0.100353
0.004695
0.046080
0.003236
0.036043
-0.045050
-0.061361
-0.010982
-0.033408
-0.032047
-0.070462
-0.020810
-0.007889
-0.094500
-0.001908
0.019881
-0.114622
-0.078190
-0.051870
-0.019944
-0.116957
-0.188815
-0.020288
0.057694
0.057484
0.133952
0.095546
0.020592
0.003361
-0.030778
-0.029385
-0.000202
-0.047251
-0.096604
0.019130
0.020151
-0.020857
0.056786
0.058613
0.033977
0.058682
0.046391
0.084232
0.072503
-0.017595
-0.075674
0.028063
0.073133
0.018687
0.039460
0.024721
-0.026099
0.024337
-0.005837
-0.055803
-0.021429
0.065627
0.030877
0.021185
0.021395
-0.003499
-0.018841
-0.047704
-0.063645
0.045066
0.012184
-0.030869
-0.011949
0.027606
-0.021167
-0.041102
-0.048808
-0.023748
-0.066082
-0.083150
-0.064549
-0.044740
-0.045514
-0.147958
0.070026
-0.013668
-0.099570
0.003003
-0.014389
-0.054172
0.066933
0.097334
-0.013398
-0.009060
-0.039410
0.011836
-0.027716
0.065453
0.060307
-0.003312
0.074252
0.052029
-0.067892
-0.004516
0.157759
-0.020600
0.000208
-0.058246
0.016022
-0.066798
0.053881
0.154457
0.060461
0.034641
0.054136
0.067217
-0.015254
-0.059606
0.068269
0.013666
-0.005468
-0.007766
-0.023168
0.020440
-0.014251
-0.053694
-0.082243
-0.032527
-0.001168
0.107622
0.107825
0.034955
0.021323
0.036363
-0.028004
0.038400
-0.024877
-0.092031
0.012658
0.109547
0.040857
-0.002710
0.047087
-0.046782
0.012338
0.031187
-0.097041
-0.024474
0.017874
-0.038837
0.083763
-0.018893
0.017128
0.009461
-0.032535
0.068774
0.114120
-0.037533
-0.014418
0.102585
-0.036847
-0.066127
-0.025849
0.028804
0.142733
0.114518
0.077880
-0.065290
-0.046338
-0.024158
-0.054288
-0.046982
0.137374
0.013587
-0.086934
0.062462
0.024745
0.017823
-0.034961
-0.075256
-0.058033
-0.013153
0.060957
-0.038531
-0.003712
0.016028
-0.030361
-0.049691
0.043552
0.030768
-0.077330
-0.012233
-0.009785
0.023384
0.124665
-0.092454
-0.155209
0.058597
0.063232
0.023772
0.022250
0.061809
0.010980
-0.033391
-0.064640
-0.007307
-0.104319
-0.068594
-0.037847
-0.116664
-0.052401
-0.003450
0.014083
0.086409
-0.071983
-0.117364
0.033059
-0.006818
-0.079478
0.021937
-0.001676
0.019538
0.037444
-0.015818
0.020772
-0.078998
-0.038403
-0.093253
0.068753
0.047951
-0.028790
0.011222
-0.044991
-0.031820
-0.020176
-0.065148
-0.001632
-0.064617
-0.044981
-0.067225
-0.019322
-0.105900
-0.008052
0.034140
0.036439
0.036133
0.034035
0.060203
0.067850
0.019470
0.052542
0.028448
0.031027
0.004714
0.080772
-0.020596
-0.027436
0.000699
0.067391
0.021072
0.021703
0.028036
0.043481
0.043164
0.056234
0.126965
0.132903
0.004180
-0.027329
0.088004
0.003526
-0.007824
-0.032403
0.003217
0.008736
0.001807
-0.028237
-0.092482
0.007181
-0.088917
-0.086873
-0.044952
-0.051223
0.010689
0.088436
-0.010804
0.030788
0.047406
0.001141
-0.118878
-0.111745
0.026509
-0.011486
-0.003055
-0.036704
-0.059524
-0.077762
-0.010106
-0.038862
-0.067613
0.038122
-0.055530
-0.038318
-0.051117
0.011795
-0.052706
-0.090777
0.000300
-0.013452
-0.036303
-0.045829
-0.026840
-0.046003
0.075259
0.000702
-0.057383
0.006140
-0.005634
-0.021055
-0.017293
0.052975
0.032433
0.003910
0.067198
0.009062
0.017191
0.035327
0.033376
-0.067532
0.043328
-0.008304
-0.005357
-0.025077
-0.044445
0.079459
-0.012673
-0.000014
0.062386
0.104856
0.067783
-0.018775
0.099265
0.113637
0.043906
-0.046449
-0.049279
-0.008833
-0.142521
-0.000546
0.104959
0.056221
0.044556
0.006232
-0.033245
0.034752
-0.008361
0.022986
0.003906
-0.095079
-0.003178
0.032210
-0.014882
0.109972
0.012546
-0.078856
-0.096155
-0.017200
0.008814
-0.001218
-0.079555
-0.017336
-0.046767
0.013584
0.022348
0.005608
0.013050
-0.012199
-0.004307
0.105377
0.068283
0.023309
0.024512
-0.033511
-0.032208
-0.055430
-0.103549
-0.091938
-0.021196
0.022399
0.047479
0.055218
-0.014358
0.052507
0.058038
0.030916
0.024681
-0.058593
-0.074038
-0.031579
-0.044803
0.021561
0.012136
-0.021576
-0.006613
-0.007621
0.068460
0.042133
0.035501
0.049681
0.042119
-0.008035
-0.076199
-0.012095
-0.094068
-0.010622
0.033574
-0.040872
0.008160
-0.028308
0.039841
-0.064421
-0.040245
-0.048055
0.013400
-0.018033
-0.050183
-0.034188
-0.037392
0.009783
-0.034848
0.037920
0.105641
-0.031166
-0.032366
0.014080
0.021071
0.071192
0.001510
-0.058013
0.003752
0.032190
-0.024374
-0.016146
-0.021676
-0.089678
0.007073
0.011707
-0.026782
-0.077950
-0.003218
-0.017237
-0.057728
-0.025142
-0.005109
-0.052545
-0.038811
-0.074254
-0.016345
0.027209
0.057922
-0.054209
0.095725
0.070987
0.015819
-0.072560
-0.092805
-0.090930
-0.022060
0.005364
-0.138387
-0.044933
0.071703
0.021355
-0.012076
-0.116615
-0.029058
0.007223
0.027462
0.040917
-0.023326
0.015583
0.008944
0.030452
0.041207
-0.014483
0.055635
0.058806
-0.020483
-0.003943
-0.025428
0.008414
0.035228
0.014663
0.080827
0.043663
0.051878
0.034759
0.061075
-0.003774
0.173270
0.087797
0.048924
0.116500
0.134709
0.039478
0.024653
0.037212
0.007209
0.014775
0.075801
-0.052857
0.053178
0.058673
0.024948
-0.024982
-0.074026
-0.010789
-0.049755
0.097294
0.015641
0.006682
-0.036367
0.018298
0.126640
-0.001596
0.055186
0.090347
-0.027269
0.073727
0.041614
-0.061256
-0.001128
0.119931
0.073586
0.000735
-0.001085
0.100829
0.129792
0.059700
0.126627
0.050037
-0.033714
0.087672
0.010763
-0.000363
-0.049877
-0.068589
0.026298
0.063357
0.105600
-0.009981
-0.010125
0.154258
0.063303
0.067722
-0.018130
-0.036851
0.043747
0.025414
0.043130
0.046550
0.047366
0.029465
0.066640
0.035637
0.079618
0.061685
-0.053613
0.027281
0.118807
-0.014063
0.067512
-0.033402
-0.019630
0.005219
0.123909
-0.017836
0.073462
0.093757
-0.105213
-0.065353
0.004104
0.030149
0.080504
0.007083
0.040652
-0.079876
-0.053504
0.093719
-0.012971
-0.012447
0.006116
-0.011594
-0.031504
0.122917
0.045690
-0.022455
0.000478
0.092289
0.005713
0.014831
-0.036221
-0.024808
0.002764
-0.082811
0.042506
0.056538
-0.000715
-0.049488
-0.017305
-0.025731
0.047408
0.019118
-0.055390
0.000570
0.069657
0.057190
0.082656
-0.004684
0.001902
-0.003168
-0.009824
-0.016357
0.042701
-0.042150
-0.005541
0.022558
-0.001332
0.040201
0.001406
-0.032602
0.012048
-0.028588
-0.046420
-0.086958
0.043348
0.015611
-0.071794
-0.021263
-0.069964
-0.032761
0.063166
0.018838
0.040850
-0.041254
-0.016554
-0.035349
-0.003544
0.060787
-0.047849
0.010355
-0.025306
0.000682
0.066244
0.030875
-0.046295
-0.054973
-0.077515
-0.151967
-0.010153
-0.046908
-0.092826
0.031132
0.029615
-0.031132
-0.014551
-0.060022
-0.049245
-0.095591
-0.023785
-0.015348
-0.090175
-0.049673
-0.013043
-0.025719
-0.020964
-0.013895
-0.033584
0.041873
-0.019065
0.033539
0.000011
-0.024080
-0.062979
0.019231
0.052039
0.013590
-0.008276
0.023083
0.031669
-0.036314
0.008657
-0.020501
-0.090778
0.011071
0.085176
0.048689
0.029097
-0.004923
0.040483
0.082587
0.115947
0.054609
-0.022868
0.010892
0.104832
0.079921
-0.039093
-0.022965
0.070664
-0.025028
-0.005285
0.144182
0.048155
0.037853
-0.034225
-0.016818
-0.055385
-0.016584
0.053001
-0.001112
0.026638
-0.050637
-0.031491
0.020656
0.021934
0.054227
0.030270
-0.083674
-0.138622
-0.074709
0.045834
-0.004549
0.037586
-0.033938
-0.063609
-0.007793
-0.009066
0.048373
0.032192
-0.016095
-0.007165
-0.030840
0.044112
-0.048252
-0.059829
0.031500
0.010021
-0.070901
-0.032693
-0.027326
-0.049078
0.002650
0.053173
-0.016456
0.007606
0.148706
0.048282
-0.026229
0.050444
0.135340
-0.015386
0.091994
-0.010630
0.078310
-0.047898
-0.079619
-0.053731
-0.001406
0.052390
0.001871
0.018134
0.002878
-0.100580
-0.026454
0.010915
-0.045465
0.094844
0.078755
-0.042649
-0.051421
-0.088225
-0.037501
0.030875
0.030170
0.042551
-0.035346
0.045810
0.000570
0.027273
-0.019597
-0.079046
-0.034269
-0.011406
-0.050249
0.041621
0.035022
-0.063483
-0.057154
0.010963
0.046983
-0.067071
-0.082165
0.011191
0.035605
0.045924
0.056578
0.013607
0.052906
0.051939
0.027115
-0.029396
-0.053004
0.076375
0.002062
-0.060558
0.060752
-0.068946
0.009755
0.101007
-0.022889
0.064666
0.042246
-0.030292
-0.007215
0.119153
-0.025919
-0.060971
0.022911
-0.028086
0.016135
-0.006960
0.041618
-0.038603
-0.016309
-0.080220
-0.100210
-0.097891
-0.035574
0.019609
-0.082957
-0.005269
0.013258
-0.017489
-0.042202
-0.040943
-0.022828
-0.053451
-0.063807
-0.018121
-0.047666
-0.036163
0.003797
-0.075002
0.007863
-0.013735
-0.078955
0.049782
0.044356
0.085699
0.036357
-0.005420
0.056319
-0.003818
-0.015514
-0.009436
-0.040196
-0.073328
0.007833
0.016015
-0.051230
-0.008276
0.000213
0.056943
-0.002912
-0.042674
0.046940
0.030241
0.007444
-0.041866
0.022151
0.088428
0.011073
-0.004367
0.085835
-0.069294
-0.031788
-0.004532
-0.026052
0.010761
0.058814
-0.015681
0.052812
0.028286
0.058084
-0.102633
0.064883
0.000308
-0.098671
0.046313
0.029737
0.075019
0.018905
0.023202
0.016114
-0.112016
-0.054050
0.052076
-0.027685
0.024521
-0.112900
-0.002921
0.049791
0.105731
0.032463
-0.113516
0.070373
0.090839
0.041462
0.075624
-0.003240
0.044954
0.046553
0.011079
0.094721
-0.077829
-0.027762
0.049170
0.018996
0.074995
0.176931
0.062619
0.064345
0.085201
0.013511
-0.020885
-0.002561
0.089240
0.030720
0.039846
0.024666
-0.010320
0.079419
-0.043079
-0.045069
-0.005293
-0.057511
-0.035640
-0.097925
-0.042050
-0.015899
-0.002365
-0.004720
0.009167
-0.025447
0.052840
-0.031818
0.042772
0.001344
0.082561
0.057142
-0.060880
0.033064
0.000313
0.035590
0.096519
-0.011846
-0.020213
-0.023054
-0.022087
-0.018434
0.011222
-0.000214
0.038761
0.023695
-0.019620
0.018552
-0.014732
0.079534
-0.007628
0.025528
0.010448
-0.041305
0.000382
0.041134
0.031431
-0.046734
0.030848
0.003055
-0.056609
-0.057385
-0.011296
-0.011615
0.061151
0.021468
0.028146
0.024814
0.013351
0.002384
-0.006609
-0.033821
0.049088
-0.101579
-0.017144
0.026522
0.024638
0.078293
0.005446
0.003295
0.006188
0.124808
0.065520
0.094483
0.025258
-0.062074
0.019106
-0.005786
0.054554
0.052603
0.006109
0.077070
-0.088581
-0.058058
-0.009354
-0.001913
0.054662
-0.031073
0.084852
-0.074538
-0.051242
0.022875
-0.069096
-0.114834
-0.074599
-0.053100
-0.022858
-0.040610
-0.026966
-0.040035
-0.027443
-0.104638
0.073138
-0.034910
0.004227
0.118150
0.012609
-0.085978
-0.074479
-0.008935
-0.010540
0.021001
-0.023572
0.060461
-0.054067
-0.042772
-0.040717
-0.065231
0.004330
0.041339
-0.075139
0.047457
-0.014678
0.010129
0.053895
0.058445
0.057820
0.046838
-0.008181
-0.061348
-0.106638
-0.071017
0.004218
0.056511
0.008529
0.048485
-0.005306
-0.037484
-0.045708
-0.038945
-0.074927
-0.040698
0.045592
0.029853
0.053995
-0.035911
-0.017347
-0.036978
0.001534
0.063392
-0.048542
-0.025835
-0.108358
-0.219335
-0.107530
-0.118886
-0.059269
0.095087
0.025565
0.026599
0.017402
0.037693
0.021827
0.023723
-0.037163
-0.001476
-0.009456
0.006881
0.022404
-0.030220
-0.018714
0.048423
-0.009738
0.010218
-0.011500
-0.017646
0.048593
-0.003499
0.037837
0.081821
-0.025490
0.037921
0.031067
0.050493
0.033224
0.045554
0.031631
0.010175
0.015734
0.043141
-0.051615
-0.050952
-0.073479
-0.137632
0.014808
-0.012510
0.101700
0.123076
0.034347
0.047426
0.102078
0.009390
0.068207
-0.025619
-0.012549
-0.002730
0.003558
0.077979
0.034359
-0.023464
0.069234
0.039415
0.047398
-0.047602
-0.102408
0.009160
0.026786
-0.004947
0.086655
-0.068368
-0.097283
0.013295
0.017661
0.047280
-0.015425
-0.050792
0.008781
0.004220
0.033899
-0.021267
0.009124
-0.011017
-0.080657
-0.006384
0.006111
-0.004158
0.118900
0.000062
-0.021897
-0.032882
-0.002621
0.060237
-0.056253
-0.139586
0.026302
0.026058
0.081135
0.118761
0.080925
0.010053
-0.057284
-0.041816
-0.081045
-0.098704
0.101974
-0.026168
0.018130
-0.002417
-0.020399
0.042900
-0.013369
-0.034327
0.015482
-0.004638
0.021608
0.068163
0.005593
0.021859
-0.023411
-0.047975
-0.011861
-0.001835
0.043818
-0.053384
-0.000566
0.104592
-0.055961
-0.099681
-0.027687
-0.044743
-0.050371
0.056913
-0.048215
0.075257
0.003971
0.012014
0.112173
-0.033598
-0.050867
-0.001855
-0.013960
0.019657
-0.102161
-0.003853
-0.035917
-0.122469
0.043892
0.028479
0.100496
0.027981
-0.054681
0.057297
-0.017715
-0.131490
0.033464
-0.018691
0.008634
-0.029714
0.094619
-0.031892
-0.083414
0.031302
-0.048372
-0.063263
-0.036948
0.029405
-0.055114
-0.140017
0.025739
-0.064597
-0.165092
-0.077539
-0.113261
-0.078093
-0.030985
-0.040096
0.034149
-0.031642
-0.008405
0.003825
0.074364
0.071323
0.063415
-0.014715
-0.011852
-0.034945
-0.064529
-0.102734
-0.025398
-0.022738
-0.072519
-0.096824
-0.107460
-0.070058
0.022986
0.126778
-0.002861
0.042888
0.016925
-0.006128
0.119347
0.023643
-0.031292
-0.090253
0.051247
0.014222
-0.053390
0.049120
0.065162
0.045262
0.021510
0.082733
0.029984
-0.024095
-0.032744
0.043212
0.006471
-0.091863
-0.072319
-0.023766
-0.080414
-0.133252
-0.002776
-0.041784
-0.023178
-0.013613
-0.098166
-0.073812
0.029259
-0.053499
-0.063211
0.073680
0.058760
-0.061552
-0.034432
0.002056
0.044008
0.117051
-0.020721
0.010534
0.056406
-0.040127
-0.039441
-0.069716
0.017693
0.012591
0.043822
-0.011607
-0.128523
-0.018580
-0.018647
-0.097995
-0.106088
-0.134115
-0.017541
-0.097834
-0.121897
-0.037508
-0.011609
-0.017461
-0.059384
-0.008558
0.067025
0.034319
0.053868
-0.008485
-0.046401
-0.025304
-0.031054
-0.010391
0.009036
0.022783
-0.037751
0.029413
-0.006276
0.031707
-0.045756
-0.064510
-0.028563
-0.035175
-0.073428
-0.068110
-0.007186
0.016485
0.007137
-0.001352
-0.015904
0.042699
0.014338
0.122219
0.002107
-0.080011
-0.049398
-0.034847
-0.068425
0.069165
0.024725
0.031020
0.131077
0.009372
0.051196
0.027616
0.033222
-0.029941
0.015859
-0.013348
0.011901
0.043788
0.104275
0.076034
0.036627
0.084105
-0.005630
-0.006526
-0.019721
-0.045998
0.066602
-0.078081
0.074364
0.035244
0.055937
-0.052142
-0.045242
-0.021594
-0.029328
0.053045
-0.046160
0.022633
-0.045316
0.003427
0.057828
0.009851
-0.010510
0.023239
0.065820
0.057463
0.016602
0.034338
-0.005542
0.042692
-0.026307
-0.032996
-0.064025
-0.000537
-0.089151
-0.013331
-0.080826
-0.086934
-0.067051
-0.031650
0.026899
-0.044628
-0.000292
0.005901
-0.055582
-0.129335
-0.018535
-0.046359
-0.076402
-0.075754
0.038146
-0.076898
-0.069054
-0.093139
0.041108
-0.025165
-0.056103
0.083351
0.053979
0.003309
0.054994
0.021083
-0.091939
0.022088
0.002708
-0.042803
0.025828
-0.126129
0.002031
0.056961
-0.060567
0.020364
-0.011085
0.059621
0.022069
-0.076243
0.034347
0.017590
0.000322
0.036313
0.118245
0.181332
0.140843
0.046719
0.130195
0.051067
-0.008488
0.024426
-0.014517
0.097660
0.034880
0.066608
0.072730
0.016169
0.019906
-0.048585
-0.045863
-0.007760
0.067572
-0.006106
0.048478
0.031763
-0.082314
0.025510
0.054425
-0.047042
-0.067749
-0.036880
0.001085
-0.064433
0.019015
0.058881
-0.008524
0.009887
-0.019005
-0.112255
-0.032066
0.001743
-0.065376
-0.011492
0.108359
0.002105
0.054721
0.008971
-0.005309
-0.046121
0.069676
-0.008345
-0.008535
0.029527
-0.067918
-0.038046
-0.030132
-0.001895
0.048445
0.064733
0.025756
0.060330
-0.034999
0.031403
-0.014795
0.104757
0.102604
-0.014718
-0.003789
0.013911
0.026324
0.091887
-0.013760
-0.111884
-0.049825
0.020930
-0.003660
0.003939
0.032274
-0.060291
-0.018754
-0.050733
0.062241
-0.071967
-0.002613
0.056348
0.045097
0.102131
0.014036
-0.073039
0.042427
0.038219
0.008399
-0.032059
0.070856
-0.023558
0.022574
-0.037349
-0.089809
-0.086599
-0.067179
0.080454
0.048081
-0.005298
0.022165
0.064427
-0.041387
0.040073
-0.016527
0.026789
0.111005
0.009412
-0.027891
-0.049545
-0.021859
0.011544
0.014566
-0.004061
-0.058216
0.025454
-0.019661
-0.003311
-0.022402
-0.025167
0.070398
-0.046443
0.021985
-0.046539
0.006241
-0.058871
0.019054
0.097117
-0.016294
-0.070714
-0.044984
0.002106
0.029117
0.025054
0.118267
0.024122
-0.088290
-0.011535
0.063784
-0.078948
-0.079738
-0.041228
-0.002138
0.042560
0.020951
0.047565
-0.064573
0.040093
0.015824
-0.025028
-0.011735
0.002850
-0.031509
-0.020869
-0.036533
0.019034
0.023279
-0.007386
0.115323
0.073842
0.013882
0.059594
-0.006441
0.025832
-0.023352
0.019757
0.077118
0.005493
-0.048648
-0.022288
0.096431
0.092341
0.086511
0.033775
-0.007874
0.031526
0.014555
0.039309
-0.024648
-0.017851
-0.047325
0.000063
0.018786
0.010087
-0.058864
-0.053371
-0.066269
-0.088191
-0.021943
-0.032685
0.016058
0.035335
-0.004004
-0.077397
-0.021988
-0.018540
0.095991
0.078426
0.003919
0.037838
-0.014823
0.018865
-0.015577
-0.017609
0.026792
0.054755
0.030082
0.041130
-0.004013
0.021392
0.059792
0.011499
-0.062885
-0.001339
-0.003522
-0.043991
-0.006032
-0.033655
0.036115
-0.049063
0.014254
0.041196
0.061248
-0.005742
-0.119546
-0.060477
-0.003026
-0.014361
-0.066770
-0.023839
-0.013782
-0.121572
-0.069503
0.067699
0.011738
-0.003655
0.023770
0.035490
0.042702
0.107367
0.091119
0.072226
0.075775
0.019581
-0.029926
0.107109
0.031832
-0.043281
-0.002270
-0.035212
0.016992
0.022715
0.011935
-0.023021
-0.010747
0.063415
0.034792
-0.041462
0.060618
0.070086
-0.099267
-0.050887
-0.030422
-0.105803
-0.000887
0.002970
0.034158
-0.027170
-0.059976
-0.060600
-0.060261
-0.030506
-0.073246
-0.025772
0.035119
-0.043657
-0.026084
-0.022767
-0.032046
0.069950
0.058642
-0.010807
0.004741
-0.082431
0.012495
-0.020567
-0.075195
0.046295
-0.013621
-0.128127
0.022139
0.019711
-0.082284
0.032452
0.069439
-0.017001
-0.108067
-0.068898
-0.001521
-0.039352
-0.052577
0.042429
0.014175
-0.087883
-0.016862
0.036480
-0.079333
-0.050244
-0.068205
0.034361
0.024077
0.013464
0.065273
-0.052183
-0.019087
0.021822
0.000683
0.009885
0.012558
0.052714
0.054747
-0.010856
0.126011
0.028794
-0.071538
-0.027610
0.002816
-0.051050
0.077708
-0.038518
0.050374
-0.003599
-0.022951
-0.018403
0.055463
0.021693
-0.063149
-0.078656
-0.021906
0.027426
-0.018811
0.013270
-0.062326
0.048338
0.006929
0.069955
-0.014712
-0.054730
0.058637
-0.010491
0.006707
0.085167
-0.009118
0.019241
0.004202
0.022154
-0.007942
-0.118676
-0.114209
-0.020101
-0.052420
0.013844
0.090276
-0.047243
0.060920
0.014556
0.052512
-0.017870
0.012411
0.114407
0.036834
-0.017649
-0.038325
-0.039135
0.019361
0.069354
0.123264
0.102767
0.085505
0.054399
-0.014710
0.014069
-0.066070
-0.007701
0.088637
0.045465
0.010879
-0.012104
-0.075349
-0.001653
-0.012695
-0.009535
0.083643
0.085752
0.090919
0.063815
0.044067
0.013758
0.020267
-0.009279
0.023813
-0.000570
0.008126
-0.021440
0.040007
-0.004284
-0.024072
-0.060362
-0.099749
0.050228
0.071759
0.050189
0.017548
-0.049610
-0.000281
-0.062749
-0.001664
-0.037812
0.022806
-0.079780
-0.004451
-0.084624
-0.051198
-0.079189
-0.084625
-0.009956
-0.018464
0.045138
0.015183
-0.021882
-0.049934
-0.001453
-0.071458
-0.081504
-0.071430
-0.099889
-0.006022
-0.076986
0.019686
-0.018931
-0.001556
0.064101
-0.004550
-0.100328
-0.022045
0.076533
-0.027888
0.091089
0.062355
0.043614
0.140597
-0.003280
-0.063436
0.045548
0.010080
0.010371
0.030355
0.013704
0.002737
-0.049424
0.027311
0.058386
0.040923
-0.096255
-0.021420
0.007926
-0.050986
-0.054297
-0.053494
-0.112969
-0.038390
-0.043378
-0.058352
-0.038432
0.002854
0.040710
-0.065180
-0.017186
0.000191
-0.070302
-0.064360
-0.025556
-0.021522
0.027644
-0.000497
0.034224
-0.043882
-0.088570
-0.100359
0.079214
0.056927
0.086135
0.066841
0.039749
-0.017029
-0.018180
-0.030466
0.076743
0.050133
-0.028526
0.018155
-0.080504
-0.027935
0.001577
0.016266
0.042590
0.004197
0.069620
-0.088084
-0.077882
-0.006316
0.038739
0.075445
0.027037
-0.047509
-0.087291
-0.103955
-0.030035
-0.001857
-0.012546
-0.032248
-0.020930
-0.010887
0.144781
-0.032634
-0.098422
0.054183
-0.024904
0.035252
-0.035421
0.044212
0.081460
0.030827
-0.018434
-0.017392
0.010339
-0.040779
0.034171
-0.064519
-0.045151
0.009817
0.007748
0.020031
-0.005122
0.032176
0.146836
0.041583
0.058313
-0.009472
0.014367
-0.057344
0.044559
0.029772
-0.028981
-0.024596
-0.005085
0.001021
-0.047903
-0.016004
0.063655
-0.040757
0.015712
0.069482
0.028800
0.039543
0.072185
-0.013711
0.005091
0.116149
0.032415
-0.050282
0.002415
-0.027754
-0.047752
0.033555
0.004712
0.023408
-0.021048
-0.127663
-0.046969
-0.003245
-0.045056
-0.099697
-0.061672
-0.093293
-0.023765
0.010244
0.050963
-0.004308
-0.038083
-0.060276
-0.035006
-0.078180
-0.019775
-0.049117
-0.082079
-0.034592
-0.045448
-0.038554
-0.082106
0.007768
0.039711
0.105450
-0.005926
-0.006023
0.035344
0.089128
-0.001181
0.009608
0.085010
0.135257
-0.002207
-0.042140
0.025441
0.067087
0.091645
0.014536
0.021141
-0.014943
-0.062536
0.067295
0.025203
0.024938
0.001926
-0.019718
-0.005536
-0.079422
-0.000624
-0.025185
-0.037346
0.064959
0.008233
-0.001793
0.082788
0.059972
0.000272
0.015760
-0.022907
-0.077351
0.126575
0.004204
-0.011368
0.069624
-0.056101
-0.082164
0.001932
0.023254
0.070343
0.009476
0.041256
-0.036164
-0.041832
-0.000135
0.040715
0.036908
-0.018881
0.025283
0.008107
0.038418
-0.006736
0.018048
0.034147
-0.054927
0.027302
0.075221
-0.011281
0.008745
-0.008116
-0.123530
-0.041191
0.039214
0.026717
-0.013895
0.081057
0.135624
0.031273
0.041390
0.005011
-0.049332
0.069219
0.035487
-0.032805
0.041710
0.149239
-0.095181
-0.055650
-0.031287
-0.017816
-0.023091
-0.038487
0.037638
0.015762
-0.026964
-0.023782
-0.059539
-0.141930
-0.030883
-0.045446
-0.096828
-0.071220
-0.150477
-0.159473
-0.125049
-0.094983
-0.099748
0.021970
-0.060369
-0.069763
-0.094960
0.090418
0.041576
-0.136357
-0.018935
-0.018549
0.014920
0.036836
0.044677
0.040665
-0.016941
0.018511
-0.001350
-0.011833
0.014584
-0.093463
-0.054616
0.059355
0.078889
0.051311
-0.002393
0.176241
0.103258
0.049860
-0.006900
0.051982
-0.086860
-0.051871
0.069630
-0.002799
-0.029231
-0.066901
0.018698
-0.007453
-0.008798
0.044847
-0.012466
0.071003
0.034170
-0.120804
0.052846
0.006973
0.021250
-0.030007
-0.047896
-0.011204
-0.007610
-0.041025
-0.024508
0.052092
-0.124965
-0.068685
-0.142016
-0.158470
0.012100
-0.102243
-0.054894
-0.016854
0.052674
0.069711
0.015713
-0.011453
0.005876
0.050540
0.106456
0.089226
0.129424
0.024842
-0.029672
0.047699
0.030172
0.010725
0.072925
0.078907
-0.026482
0.033181
0.063774
-0.063090
-0.031998
-0.054386
-0.103421
0.031880
-0.044602
0.042199
-0.054312
0.039239
0.009040
0.138131
0.096421
-0.004797
-0.000356
-0.028648
0.016786
-0.072324
-0.030710
0.042242
-0.001884
-0.091829
-0.051416
0.008644
-0.015146
0.025516
-0.036554
-0.035914
-0.009207
0.046170
-0.012247
0.048386
0.008419
-0.110576
0.064223
-0.013632
-0.099581
-0.065867
0.050320
0.072459
-0.007097
0.133636
-0.028465
0.037113
0.017616
0.018917
0.030635
-0.059224
-0.029370
-0.014566
-0.008643
-0.033769
-0.043710
0.059045
0.058733
0.032531
0.151976
0.026128
-0.042868
-0.068182
-0.021806
0.044746
0.028444
-0.051021
-0.055769
0.001571
-0.057197
-0.071170
-0.085532
-0.020992
0.083866
0.023780
0.041934
0.030473
-0.028047
-0.049885
-0.058080
0.000528
0.002102
0.024125
-0.113624
-0.045468
0.015888
-0.090745
0.023995
0.079824
-0.006787
-0.041516
0.031857
0.038062
-0.008449
-0.048793
0.053195
0.054837
0.082418
0.034585
0.038131
0.043925
0.042894
0.040895
0.005020
0.046533
0.070883
0.076563
0.072091
-0.042522
-0.052376
0.002153
-0.050549
0.040213
0.028888
0.050804
0.058161
-0.010275
0.003540
0.023214
0.004003
0.088394
0.018284
-0.036909
-0.004330
0.029246
-0.011820
-0.015094
-0.016165
0.065963
0.071292
-0.045625
0.014651
-0.088495
0.030964
0.104559
0.075753
0.062973
0.034677
0.041152
0.009998
0.038605
-0.023543
-0.055865
-0.052159
-0.034964
0.022235
-0.040500
-0.087350
-0.022876
-0.031246
0.060371
0.016911
-0.016717
-0.010101
-0.010041
-0.060031
-0.073047
0.054547
-0.044631
-0.067313
0.010035
0.001640
0.011769
-0.037959
0.000256
-0.004113
-0.082844
0.061036
-0.062931
-0.079797
0.031702
0.048421
-0.034501
-0.082855
-0.049355
-0.089960
-0.031027
-0.024279
0.078310
0.108876
0.054006
0.016575
0.023771
-0.007961
-0.077356
-0.027159
-0.068481
-0.004288
-0.084849
-0.025366
-0.088350
0.029499
-0.051686
0.075473
0.033969
0.081212
0.087178
0.034901
0.009182
-0.032273
0.038349
0.043469
0.097438
0.007198
-0.045429
0.044318
0.036953
0.050000
0.088235
0.040457
0.044168
0.037854
0.076955
0.052688
0.015263
-0.024132
0.078517
0.055659
0.110227
0.010959
0.082406
0.020056
-0.060985
0.091934
0.010659
0.005616
0.018631
0.119601
0.138425
-0.000264
0.049574
-0.036664
-0.024467
-0.026637
-0.073832
-0.027727
-0.004919
0.010623
-0.004617
-0.053900
0.020078
0.043601
0.046697
0.024789
-0.016212
0.079100
0.002266
-0.013579
0.080022
0.037064
-0.092354
-0.025706
-0.018940
-0.060844
0.023776
-0.017641
0.017803
0.021978
-0.000112
-0.070869
-0.005015
-0.023216
-0.100560
-0.082046
-0.077483
0.001465
-0.058522
0.054879
-0.001339
0.026949
0.064615
0.145228
0.064586
-0.030461
0.013006
0.009943
0.065966
0.093007
0.096314
-0.021351
-0.113502
-0.010038
0.059465
-0.019130
0.021285
0.003301
-0.037265
-0.050708
-0.000146
-0.007184
-0.163374
-0.039064
-0.009119
-0.108241
-0.049844
-0.018446
0.013830
-0.022049
-0.066666
-0.072380
-0.072144
0.005803
0.082175
0.055583
0.069657
-0.015405
-0.064894
-0.059238
0.039996
0.022782
-0.028017
-0.073117
-0.039193
0.001633
-0.061882
0.044822
0.044659
0.009646
-0.069032
0.039994
0.008918
0.048443
-0.026350
-0.044801
0.030641
0.095803
0.018514
-0.032888
0.000269
0.010977
-0.078816
-0.078830
-0.093651
-0.061254
-0.016251
0.085106
-0.089173
-0.013692
-0.026724
-0.019330
0.075892
-0.001038
-0.058680
-0.028442
-0.130840
-0.030829
-0.062671
-0.039724
-0.024845
-0.044468
0.072509
-0.070360
-0.068841
-0.009185
0.012358
-0.071909
0.008808
-0.014414
-0.058118
-0.001618
-0.024622
-0.070894
-0.059049
-0.112392
-0.016373
-0.026819
0.030494
0.093168
0.007892
-0.027071
-0.016435
0.041364
0.028583
-0.032237
-0.090233
-0.001126
0.092311
0.024227
0.024906
0.007941
0.014854
0.038084
0.006325
-0.028501
0.079087
0.033997
0.034995
0.013867
0.002859
-0.018741
-0.010600
-0.000599
-0.032058
0.089278
0.006437
-0.059378
0.054141
-0.010360
-0.052137
0.001889
-0.046078
-0.164202
-0.049725
-0.028218
-0.043520
-0.003744
0.050962
-0.052643
0.006745
-0.058912
0.004289
0.064780
0.103893
0.040203
0.023312
0.072975
0.147770
0.158409
0.060802
0.043131
0.081067
0.045061
0.037651
0.056702
-0.045477
0.095001
-0.025605
-0.008741
0.054598
-0.020521
0.014132
-0.030873
0.056342
0.116270
0.009238
-0.014263
-0.055313
-0.109557
-0.115236
-0.013053
-0.098233
-0.079011
-0.020026
-0.080678
-0.088388
0.020482
0.071926
-0.009162
0.044370
-0.140574
-0.060178
0.075942
-0.000610
0.006723
-0.050152
-0.012249
-0.075896
-0.105926
-0.033691
0.009617
0.033918
-0.004636
-0.029121
0.008513
0.119665
0.020034
-0.060140
0.113325
0.046354
-0.014231
-0.011246
0.034046
0.035377
-0.002306
0.000404
0.013452
-0.057057
-0.150379
-0.038920
0.103921
0.014178
-0.059658
-0.028771
-0.055845
-0.048228
-0.076955
0.046563
0.046000
-0.053808
-0.001141
0.058005
0.072340
0.124847
0.032459
0.083897
0.039708
0.000909
0.064212
0.063645
0.039705
0.002550
0.046970
0.027435
0.014044
0.027196
0.050667
0.086494
0.075952
0.082716
-0.025199
0.033928
0.048556
0.022337
0.029841
-0.016623
0.024835
-0.058391
0.002688
-0.051323
-0.040674
0.056132
-0.049547
-0.060043
-0.006887
0.012870
0.032604
0.005175
-0.013326
-0.025624
-0.002915
-0.004901
0.017799
-0.020797
0.032696
0.058499
-0.006492
0.063718
0.136667
0.018742
-0.011579
0.073608
0.084707
0.000158
-0.015519
0.066050
0.034335
0.021569
0.026713
0.069670
0.020818
0.041915
0.013961
-0.028946
0.000549
-0.046234
-0.085006
0.076183
0.040399
-0.052688
0.036466
0.000122
0.060931
-0.031798
-0.027130
0.051597
-0.014793
-0.024466
0.036381
0.042105
0.009311
0.062477
0.031224
-0.014122
0.041587
-0.051393
-0.049213
-0.029035
-0.032872
-0.052387
0.045677
-0.053631
-0.017913
0.020162
0.041336
0.008622
-0.010431
0.018823
0.006024
-0.041288
0.132453
0.016689
0.003802
0.045994
-0.029913
-0.038322
-0.051079
-0.087215
-0.042873
0.005904
-0.004959
0.022447
0.048451
0.058019
0.062673
-0.078161
-0.073540
-0.013289
-0.039400
-0.013492
0.065461
-0.035893
0.024355
0.057840
0.081007
-0.075826
-0.063080
0.015622
-0.020859
0.008033
0.054066
0.007189
-0.053907
0.018604
-0.004253
-0.034884
0.014479
0.091702
0.055410
0.030228
-0.083627
0.037604
-0.044764
-0.038305
-0.000031
-0.104248
-0.077504
-0.037340
0.055694
0.026392
0.041712
0.025410
-0.030021
0.034163
-0.011867
-0.033468
0.026410
0.030186
-0.009429
0.020161
0.059201
0.047495
-0.002378
0.016730
0.027961
-0.021276
0.017012
-0.055217
-0.070153
0.077091
-0.055807
-0.131906
-0.013058
-0.073682
0.045158
-0.026498
-0.079740
0.058454
-0.083576
-0.052126
0.054423
-0.006217
0.055693
0.049533
-0.056655
-0.000010
-0.050883
0.020199
0.018384
-0.058086
-0.080297
-0.044512
0.045526
0.067789
0.024328
-0.075806
-0.035496
-0.017597
-0.016051
-0.034397
-0.016448
-0.006848
-0.095493
0.018832
0.077766
-0.001071
-0.028174
-0.056042
-0.086490
-0.091159
-0.010091
0.002895
0.064639
0.036061
-0.030073
0.036146
-0.082364
-0.030589
-0.075204
0.012140
0.006968
-0.009207
0.017211
0.037900
-0.044861
-0.075096
-0.019624
-0.013656
-0.022713
0.011713
-0.018580
0.015586
0.068166
0.094004
0.000562
-0.016062
0.017659
-0.016836
-0.054382
-0.085540
-0.004129
-0.030863
0.009139
0.134398
0.025016
0.010632
0.038750
-0.050922
-0.028408
-0.030294
0.024863
-0.022164
0.067502
0.042515
0.033863
0.056698
-0.019733
-0.009394
-0.048385
-0.048997
0.011125
0.006424
-0.019338
-0.088727
-0.051585
-0.079333
-0.061296
-0.052642
0.011812
-0.022681
-0.047260
-0.033244
-0.016974
0.073332
0.034569
0.068557
0.019237
-0.008111
0.019256
0.005779
-0.063362
-0.063094
0.026850
-0.004657
0.042823
-0.002380
-0.000485
-0.073828
-0.076200
-0.007619
0.059849
0.080040
0.040700
0.072301
0.028818
0.037965
0.014490
0.058689
0.051082
0.006223
0.001678
-0.018795
-0.043444
0.015200
0.019890
-0.042536
-0.041670
0.111927
-0.028662
-0.020615
0.008688
-0.026174
0.021140
-0.023194
-0.044525
-0.017589
-0.062272
0.061837
0.017628
-0.011646
-0.007245
-0.081649
-0.038312
-0.048220
-0.014728
0.021284
-0.052519
-0.038102
0.004841
-0.025717
-0.036002
0.018240
0.033862
0.033197
0.023198
-0.044355
0.060019
0.109638
0.005778
0.042042
0.048612
0.040854
0.007612
0.005551
-0.039968
0.029427
0.027414
-0.016950
-0.010455
-0.040007
-0.004854
-0.019397
0.052345
0.018902
-0.034455
0.053414
0.018311
0.015370
0.022437
0.034035
-0.025427
-0.001617
-0.039903
-0.020748
-0.010345
0.062492
0.065413
-0.012708
-0.008528
0.075651
-0.031736
0.086808
0.031758
-0.038588
-0.005980
0.048787
-0.012553
0.021422
0.013605
0.070330
0.059156
0.029575
0.045411
-0.086483
0.002063
0.009496
-0.050822
-0.069632
0.049213
0.023377
0.106708
-0.007035
0.034759
0.111595
0.020224
-0.060150
-0.058929
0.027316
0.016196
0.019611
0.058232
-0.043988
-0.096152
-0.046782
0.010103
0.003115
-0.007312
0.080442
-0.005508
-0.022894
0.152092
0.059951
0.082347
-0.025897
-0.046420
-0.022788
0.017824
0.098844
0.066060
0.093503
0.020342
0.006820
-0.100839
0.032635
0.124122
0.035975
0.083019
0.160213
0.061701
0.062025
0.030251
0.051531
0.050940
-0.013312
-0.071587
0.009664
0.047320
-0.015598
-0.025243
-0.015680
-0.097779
-0.005479
-0.054485
-0.096078
-0.012279
-0.031741
-0.043873
-0.004342
0.004478
0.004614
-0.055141
0.029800
0.056034
0.017036
-0.023441
0.092863
0.030974
-0.038950
0.092493
0.008567
0.086601
0.036187
-0.000702
0.065134
0.003271
-0.019600
-0.100331
0.048272
-0.033574
-0.109360
-0.056207
0.048496
0.010044
0.019164
0.050246
0.022689
0.042824
0.014074
-0.018320
-0.031832
-0.046968
-0.024607
0.065116
0.097391
-0.005232
-0.068541
0.013353
-0.010494
0.004304
-0.009405
-0.015862
0.028120
-0.089012
-0.070457
-0.021348
0.054188
-0.029957
-0.021773
0.011027
0.045248
-0.040052
-0.134449
-0.058949
-0.038867
-0.056252
0.031785
0.017895
0.013512
0.071440
0.099778
0.009453
-0.045082
-0.037927
0.035875
-0.002593
-0.090445
0.044100
-0.115573
-0.007360
0.065883
-0.036473
-0.049109
-0.097872
0.028134
-0.069083
-0.043880
0.036682
-0.055867
-0.052328
-0.027869
0.020926
-0.001398
-0.012246
-0.056400
-0.046349
-0.070654
-0.069875
0.000664
0.015149
-0.057302
-0.066045
0.021788
-0.079309
-0.012293
-0.017243
-0.020349
-0.048146
-0.010043
0.057418
0.021275
-0.052370
-0.029612
-0.038713
-0.092489
-0.087814
-0.111522
-0.128716
-0.121731
0.031594
0.031474
-0.023644
-0.011885
-0.012073
-0.026443
0.050901
0.054584
-0.045157
0.009451
0.052626
0.011742
-0.019957
0.094338
0.014468
-0.033794
0.034764
-0.047264
0.005718
0.015036
0.008900
-0.130348
-0.098581
-0.118584
-0.023663
-0.076446
-0.099553
-0.032768
-0.026771
-0.113572
-0.003572
-0.027928
-0.095295
0.072888
-0.018012
-0.025626
0.036786
0.053001
0.068363
0.030441
0.033855
0.095142
0.014925
-0.055678
0.032485
-0.060540
-0.029151
-0.047840
0.009929
-0.005855
0.046395
-0.011881
0.040598
0.164515
0.108836
-0.054956
-0.073827
0.045872
-0.002590
-0.115906
0.007106
0.037883
0.012709
-0.018254
0.016365
0.005621
0.113282
0.008912
0.035264
-0.042807
-0.012615
0.037131
0.043150
0.016283
-0.025367
0.028409
0.013136
-0.020855
-0.088881
-0.032741
0.071159
0.047054
-0.034324
0.006208
-0.109605
-0.020344
-0.102491
-0.082859
0.090040
0.004220
0.040108
0.158110
-0.092610
-0.046341
0.000195
-0.048700
0.036238
-0.041449
0.070240
-0.013992
0.060093
0.054185
0.024447
0.001698
0.045889
0.052393
-0.006312
0.005235
-0.017449
-0.095044
-0.093955
-0.008109
-0.056703
-0.016233
-0.021686
0.028482
-0.088358
-0.070742
0.028600
-0.102229
-0.071684
0.019118
0.021159
0.009481
-0.008099
0.012423
0.032192
0.001761
-0.021963
-0.065788
-0.045913
0.027110
-0.086588
0.037582
-0.010688
-0.009119
-0.032278
-0.019437
0.019313
-0.034208
0.015914
0.074352
0.073426
-0.010424
0.026747
0.034038
-0.009629
0.037638
-0.008380
0.045587
0.017065
-0.019143
0.035231
0.011181
0.032042
-0.032420
-0.020191
-0.067734
-0.030947
0.067261
0.029258
-0.035564
0.018403
0.029538
-0.010728
-0.032863
-0.058610
-0.011145
0.003274
-0.042894
-0.076363
-0.042294
0.030218
0.035274
0.000609
0.024428
-0.010429
0.045722
0.094124
0.075743
0.010962
-0.056323
0.035513
0.050325
0.069411
0.071696
0.088368
0.036030
-0.069531
0.061383
-0.056112
-0.051554
0.055661
-0.047549
-0.100669
-0.015061
0.049202
-0.020633
0.005072
-0.025740
-0.038431
0.068125
0.033481
-0.064238
0.037172
0.031048
0.023740
0.059236
0.043692
0.062972
0.107265
0.051621
0.072192
0.059546
0.002202
-0.039610
0.050471
-0.004397
0.014329
-0.008576
0.008097
-0.001722
-0.079685
-0.096564
-0.023532
-0.048614
0.036971
-0.066874
0.006404
0.098403
-0.014014
-0.042939
-0.032322
-0.049869
0.105903
-0.019667
0.013910
0.002895
-0.021412
-0.038030
-0.013122
-0.038735
-0.010134
-0.070813
-0.003919
0.066443
0.002347
0.095226
0.054672
0.013421
0.107827
-0.005912
-0.071747
-0.004003
0.047009
0.000449
-0.060306
-0.034768
-0.089259
-0.004702
-0.027733
-0.030172
0.023162
-0.026436
-0.108684
-0.076500
0.044232
-0.031594
-0.006003
0.023633
-0.010738
-0.021181
-0.006608
0.012258
-0.017620
0.077066
0.203534
0.053578
0.045085
0.080394
0.023654
0.057692
0.006064
0.005987
0.044635
0.054898
-0.000603
0.052842
0.023521
-0.068991
0.004423
0.123510
-0.005658
-0.009528
-0.019283
0.033076
0.026114
-0.028372
0.019430
0.049982
0.098230
0.007652
0.025938
-0.042476
-0.028151
0.044797
-0.056519
-0.018953
-0.028225
-0.028839
0.043582
0.065287
0.061966
-0.020581
-0.024490
-0.021427
0.056454
0.115368
0.068798
0.030789
-0.038480
0.012745
-0.024642
0.027021
0.034051
-0.032643
0.054030
-0.068689
-0.043185
-0.059334
-0.100514
-0.077634
0.008422
-0.063568
-0.012326
0.016857
-0.021463
0.000826
-0.019460
-0.012815
0.012770
-0.038964
-0.092775
-0.038693
0.037336
-0.006297
0.054410
0.021642
-0.030880
0.120992
0.014729
-0.023428
0.069727
0.009819
-0.028543
-0.003050
0.024724
0.010351
0.052737
0.031344
0.027396
-0.070627
-0.009821
0.043370
-0.068499
0.100863
0.045891
0.021442
0.093236
0.040223
0.020286
0.009721
-0.022441
0.032087
-0.005025
-0.068169
0.017993
-0.033927
-0.028110
0.024775
-0.001046
0.027465
-0.101726
-0.043077
0.004660
0.010801
-0.088899
-0.038911
-0.015553
-0.079064
-0.007723
0.062837
-0.032261
0.084030
-0.027848
0.013117
-0.028619
0.043000
-0.041447
0.018906
0.053115
0.028880
-0.016900
0.038120
0.003678
-0.025821
-0.050676
-0.002377
0.009682
0.015221
0.002018
-0.001202
-0.013599
0.022524
0.021938
-0.007668
-0.073919
0.068558
0.002824
-0.002492
-0.050230
-0.047695
-0.029512
-0.088068
-0.016785
-0.028607
0.100757
0.020392
-0.058276
0.002060
0.004572
0.025286
-0.023153
-0.000829
-0.017701
-0.010326
0.130325
0.011013
-0.027022
-0.009439
0.062532
0.005524
-0.034568
-0.005243
-0.037275
-0.030101
-0.021383
-0.032316
0.066538
-0.037063
-0.024658
0.009690
0.034515
-0.012922
-0.024114
0.038655
-0.006223
-0.012541
0.006264
0.017725
0.050037
-0.067952
-0.018624
-0.003485
-0.016052
0.084170
0.026364
0.049624
0.050345
0.002313
0.040639
0.092042
0.053166
-0.016904
0.064884
0.015890
0.000871
0.029234
0.054194
0.097201
0.019801
0.045177
0.103772
0.055902
0.100748
0.004507
0.084790
0.046571
-0.039664
-0.063194
-0.011748
-0.080154
-0.066490
0.028274
0.043203
0.042567
0.035567
-0.004141
-0.071289
-0.020872
0.036902
0.028512
-0.026553
0.105043
0.142213
0.020303
0.126976
-0.043746
-0.073888
-0.056963
-0.068286
-0.003023
-0.116550
-0.007507
0.054313
-0.019844
-0.022206
0.085735
0.043675
0.077129
0.050106
-0.007174
-0.057434
-0.001313
0.025668
0.034189
0.007784
-0.032356
-0.044392
-0.048556
0.024460
0.000669
0.051293
0.032300
0.031475
0.012648
0.009360
0.061508
-0.032851
-0.006046
-0.026075
0.016286
-0.011776
-0.028104
-0.043996
-0.051772
-0.046241
-0.042041
0.011863
0.065581
0.051896
-0.045707
-0.018879
-0.058497
-0.028408
-0.023833
0.023819
0.005519
0.050243
0.002375
-0.009812
0.092287
0.005252
-0.037868
-0.044305
0.020984
0.025398
0.046736
0.052643
0.000603
0.036886
0.000534
0.005645
0.062230
0.067363
-0.066180
-0.062905
0.093200
0.135024
0.055829
0.023870
0.059604
-0.045719
-0.061371
-0.091476
0.105853
0.067130
-0.055142
-0.048844
-0.023070
0.016000
0.095002
-0.015481
0.025538
0.019997
0.048866
0.070167
-0.060481
0.006137
0.081007
-0.031891
0.049241
-0.009902
-0.038694
-0.016367
0.002298
0.034156
0.013099
0.030239
-0.096050
0.082554
0.011610
-0.007841
0.032503
-0.014928
0.045566
0.015566
0.005602
0.033931
-0.002695
-0.033169
-0.044209
-0.008379
0.022215
0.070582
-0.044904
0.005490
-0.075889
-0.168393
0.011856
0.010811
0.019737
-0.036935
0.039443
0.027498
-0.070093
-0.025442
-0.003610
0.023225
-0.023246
-0.035766
-0.009259
-0.102974
0.033425
0.030889
-0.021283
-0.103108
-0.020383
0.047105
0.027588
-0.046293
-0.055343
-0.081279
-0.135366
0.028875
-0.003153
0.000362
0.037065
0.023860
0.065225
-0.053929
0.013618
0.038955
-0.022067
0.006349
0.021740
0.024033
-0.009516
-0.031701
0.037583
-0.036915
-0.002893
0.119508
0.014087
-0.061294
0.057639
-0.096333
-0.128873
0.012300
0.074603
-0.014709
0.038335
0.016434
0.016776
0.027929
0.034965
0.050364
-0.017723
-0.006306
-0.042817
-0.070623
-0.020753
-0.045334
0.088416
0.009898
-0.016341
-0.017772
-0.046671
0.082340
-0.074829
-0.067320
-0.051914
-0.057605
-0.076560
0.002095
0.022258
-0.044037
-0.046369
-0.116443
-0.113606
-0.092651
-0.018374
0.005214
0.005432
0.005422
0.008945
-0.026658
-0.031813
0.078874
-0.054507
0.013310
-0.012100
0.029923
0.107352
0.005926
-0.033003
0.031421
-0.018500
0.049605
0.007871
0.000330
0.130178
0.013832
0.031055
-0.020342
-0.080747
0.046216
-0.061260
-0.034132
0.038164
0.078613
0.044944
0.075557
0.001992
-0.014438
-0.022755
-0.012961
-0.106325
0.028993
0.001663
-0.014966
0.008426
0.105805
0.080825
0.055934
-0.017165
0.014544
0.013124
0.041365
-0.012966
0.000411
0.023854
-0.051738
0.003990
0.032066
0.025721
0.007778
0.062243
0.015049
-0.000455
0.044882
-0.052253
0.101706
0.022546
0.028630
0.161108
0.072790
-0.017517
0.114017
0.045082
0.020273
0.019776
0.001542
0.023239
-0.039985
-0.137330
0.015488
-0.015314
0.039805
-0.043167
-0.077619
0.065152
0.016741
0.032190
0.053350
0.061586
0.071025
0.053184
0.062543
-0.026861
0.060054
-0.066533
-0.023210
-0.039963
0.036528
0.138294
-0.012882
0.100600
0.076762
0.044387
-0.017231
-0.000086
-0.040861
-0.092335
0.003225
0.002315
-0.001917
0.057459
-0.023846
-0.003762
-0.073876
0.024808
0.093877
-0.059954
-0.038964
0.037632
0.101456
0.008694
0.017715
0.066391
0.085132
0.069300
0.054136
-0.024156
0.006367
0.060527
0.075918
0.071020
0.042570
-0.037398
0.059210
0.083170
0.025448
0.053141
-0.033204
0.040230
-0.003749
0.103811
0.188038
0.078571
0.099918
-0.064354
-0.128252
0.015506
-0.013040
0.049162
0.070724
0.035422
-0.039916
-0.026697
-0.015707
0.091823
0.034585
-0.065557
-0.057680
-0.003273
-0.054687
0.049605
-0.020409
-0.062134
-0.061262
0.009788
0.033897
-0.036433
-0.007261
0.004305
-0.041697
-0.083770
-0.032247
-0.002426
-0.031357
-0.014938
-0.042570
-0.010694
0.054090
0.076918
0.051391
-0.025085
0.035341
0.103795
0.036684
0.081493
0.028801
-0.040646
0.080237
0.004724
-0.036772
0.070970
0.077449
-0.002643
0.035523
-0.058393
0.024078
0.057913
0.065099
0.034784
0.059572
-0.009844
-0.029064
0.053725
0.039751
-0.003284
0.034053
-0.002779
0.042628
0.053674
0.036800
0.000860
0.016046
-0.019549
-0.076819
-0.077099
-0.119949
-0.100614
0.076663
0.039848
0.046315
-0.048022
-0.006115
0.049076
-0.025225
-0.063732
0.121795
-0.010301
-0.059747
-0.013469
-0.047762
-0.009090
-0.054244
-0.005113
0.057694
-0.066446
0.020459
0.008864
0.027338
-0.003360
-0.026565
-0.005428
-0.072008
-0.019899
0.108518
0.065032
0.102259
0.078362
0.101075
0.030275
-0.034589
-0.079212
-0.027367
0.067234
0.104306
-0.018098
-0.007810
0.047573
-0.005713
-0.003895
0.066427
0.047171
0.013156
-0.027080
-0.010982
-0.011874
-0.007458
0.063522
-0.029827
-0.091169
0.023942
-0.112859
0.041451
0.051670
0.033328
0.063687
-0.000103
0.076406
-0.042320
-0.086647
-0.065942
0.027679
0.053460
-0.103724
-0.028861
0.126587
-0.027882
0.005458
0.046760
-0.067809
0.019961
0.050656
0.028499
-0.029383
-0.064053
-0.038437
-0.019248
0.038461
0.064376
0.048768
-0.080198
-0.041712
0.057318
0.038335
-0.015253
-0.000125
0.039460
-0.036445
-0.004462
-0.007109
-0.028020
0.000129
0.016184
-0.014507
0.100065
0.040926
-0.032357
0.107538
0.082615
0.021461
0.170282
0.151654
0.062680
0.032918
-0.042316
0.055885
0.013678
-0.025402
0.089225
0.056875
-0.013748
-0.131968
-0.061269
0.098000
0.088866
0.059078
0.033951
0.047472
0.067846
-0.015580
0.015974
0.021396
-0.002299
-0.009407
0.022437
0.031297
-0.002766
-0.048298
-0.051920
-0.081233
-0.004583
-0.018403
0.001751
0.055263
-0.014931
-0.028271
-0.049904
0.038156
0.000452
0.029846
0.042986
-0.005705
0.031950
0.011884
-0.010373
0.130500
0.191311
0.038441
-0.009822
-0.020835
0.059868
-0.010302
-0.070935
0.030047
-0.024264
-0.005580
0.073144
-0.038531
-0.034208
0.009549
0.011403
-0.040965
0.030011
0.009711
-0.040859
-0.033715
0.006868
0.048389
-0.066148
-0.045121
-0.041968
-0.044440
0.021318
0.057853
-0.057498
-0.008442
-0.036670
-0.068923
-0.022576
-0.017767
-0.042609
0.049437
0.066934
-0.008473
0.051689
-0.018927
-0.032668
0.035345
0.076705
0.022750
-0.033737
0.086598
0.068179
0.087943
-0.014849
0.022704
-0.040914
-0.020025
0.097572
0.030938
0.039979
0.157207
0.086202
0.030946
0.094833
0.145219
-0.000664
-0.051636
-0.003690
-0.007682
0.000998
-0.017442
-0.030647
0.018475
-0.009080
-0.006626
-0.035021
-0.029608
0.007987
0.007559
0.007535
0.056099
-0.012480
0.032079
0.043002
0.006520
-0.073466
-0.036689
-0.111581
0.051154
-0.030689
-0.062130
0.077572
0.011241
0.014372
-0.013325
0.011191
-0.027272
0.009262
-0.032728
0.003286
0.007134
-0.095136
0.017763
-0.086338
-0.062684
-0.117904
-0.037366
-0.028529
-0.042083
0.072989
0.063464
0.083725
-0.023000
-0.025045
0.005923
0.042453
0.055899
0.009949
-0.031305
0.020746
0.057679
-0.037047
-0.016108
-0.005597
-0.002925
0.040449
-0.003255
-0.085741
-0.049616
0.036028
0.070388
0.044511
0.013427
0.026449
0.018831
0.148515
0.063966
-0.040996
-0.080956
0.007834
-0.000608
-0.109157
-0.035794
-0.049570
-0.115759
-0.120644
0.105620
0.033972
0.020204
-0.001455
-0.012450
0.012857
0.051186
0.027443
-0.008591
0.091220
0.063355
0.023527
-0.013958
0.018273
0.084336
-0.045585
0.012202
0.016459
-0.008576
-0.071912
-0.044456
-0.036643
-0.059910
0.056348
0.001253
0.074392
0.107306
0.044830
-0.035155
-0.009773
0.074215
-0.003163
0.044881
0.012154
-0.070763
0.000477
0.002442
0.061824
-0.029359
-0.091052
0.037553
0.088006
-0.061280
-0.018097
-0.012746
0.005569
0.007840
0.011252
0.083827
0.012868
0.015749
-0.008340
-0.060942
0.015185
0.012395
0.040680
0.023486
-0.012033
0.092296
-0.014268
0.068819
0.141349
-0.015797
-0.006003
-0.063840
-0.068246
-0.043778
0.002099
0.045590
0.020965
0.062236
0.030434
0.064278
-0.011520
-0.024164
-0.057754
-0.051109
-0.065580
-0.109653
-0.017004
0.007705
-0.100106
0.004853
0.056512
-0.016080
-0.001878
0.116219
-0.072756
-0.104906
0.000801
-0.069311
-0.028859
0.004926
0.001586
0.054932
0.033154
0.001417
0.060166
-0.000665
-0.003124
0.005108
-0.037855
0.017545
0.063412
-0.063391
0.030136
-0.041639
0.009338
0.038129
0.047598
0.088803
0.079593
-0.023420
0.016173
0.087470
0.075943
0.038721
-0.049514
0.098191
0.065250
-0.120428
0.051871
0.019603
0.008689
-0.002308
-0.020850
-0.015706
-0.067966
0.007404
-0.047504
-0.003313
0.066208
-0.003211
-0.031814
-0.073206
0.007732
0.064395
0.116397
0.051472
0.000566
-0.046032
-0.001462
-0.019172
-0.072187
-0.031210
-0.100180
-0.034134
0.020074
0.024580
-0.040777
0.003913
-0.059642
-0.031310
0.000628
0.019865
-0.089953
-0.058299
-0.066711
0.043816
0.049234
-0.025748
-0.041665
-0.041470
0.020919
-0.010049
0.073167
-0.051222
0.020079
0.059721
-0.059269
0.013381
-0.020337
0.023617
0.067307
0.016188
0.072163
0.008973
-0.004727
0.047809
0.170158
0.020041
-0.104600
0.000908
-0.051911
-0.101228
-0.079358
-0.047779
-0.067170
0.049850
0.019371
-0.129015
-0.053348
-0.013670
-0.019560
-0.017672
-0.014568
0.055719
0.058482
-0.030687
0.037191
-0.003118
-0.019775
0.024357
-0.113778
0.007607
0.035257
-0.009874
0.030661
0.113174
0.014704
-0.055998
0.000635
-0.050895
-0.041101
-0.051259
-0.055907
-0.034143
-0.028456
0.016617
-0.096996
-0.059583
-0.030415
-0.005250
0.021067
0.101522
0.105973
0.061377
0.030588
0.082729
0.065080
0.091846
0.028247
-0.036794
-0.026800
0.018858
-0.005747
0.118239
-0.019899
-0.027165
0.070389
0.045132
-0.018672
0.059038
0.041387
0.122737
0.095758
-0.003128
0.006129
-0.058221
-0.079610
0.060063
0.019834
-0.026490
0.058581
0.006290
0.068540
0.081913
-0.028246
0.118621
0.086650
0.035762
0.028460
0.096516
-0.010769
0.102955
-0.001011
0.040789
0.018084
0.007148
0.031927
-0.041520
-0.056860
-0.006698
0.001435
0.013443
-0.034719
0.019927
0.047697
0.074525
0.059067
0.145246
0.095751
-0.011005
0.000779
0.018775
-0.004939
0.070938
0.030947
0.095554
-0.028134
-0.037129
-0.015409
-0.090348
-0.031373
0.054399
0.063755
0.027870
0.049012
-0.038394
-0.055739
-0.020020
-0.067558
0.018808
0.030232
0.041242
0.022441
0.011469
0.025191
