0	54.050477
50	1.468279
100	0.326509
150	0.285076
200	0.140318
250	0.065799
300	0.340383
350	0.192635
400	0.039851
450	0.153907
500	0.397700
550	-0.198301
600	0.214238
650	0.121493
700	-0.163029
750	0.394432
800	0.079944
850	-0.266630
900	-0.085020
950	0.186724
1000	0.031804
1050	0.165927
1100	0.206181
1150	0.168383
1200	0.215433
1250	-0.002755
1300	-0.071385
1350	-0.062916
1400	-0.024847
1450	-0.277113
1500	0.196530
1550	0.178955
1600	-0.001467
1650	0.085381
1700	-0.050690
1750	0.254230
1800	-0.065492
1850	0.279412
1900	0.089768
1950	0.173590
2000	0.012144
2050	0.146710
2100	0.082338
2150	0.228641
2200	-0.071734
2250	0.067755
2300	-0.041762
2350	0.197120
2400	0.116872
2450	-0.252161
2500	0.176714
2550	0.109477
2600	-0.000555
2650	0.071192
2700	0.210316
2750	-0.121135
2800	0.248631
2850	0.502639
2900	-0.029556
2950	0.239502
3000	0.044739
3050	0.260708
3100	-0.001237
3150	0.163943
3200	0.088212
3250	0.154291
3300	-0.151023
3350	0.074831
3400	-0.127726
3450	-0.046092
3500	0.079468
3550	0.427323
3600	-0.024528
3650	-0.087508
3700	-0.066392
3750	0.271953
3800	0.152990
3850	-0.073191
3900	-0.032671
3950	0.032464
4000	-0.124036
4050	-0.072785
4100	-0.033001
4150	0.095796
4200	0.281165
4250	-0.065052
4300	0.042020
4350	0.155804
4400	0.223413
4450	-0.154986
4500	0.233909
4550	-0.345719
4600	0.028821
4650	-0.149268
4700	-0.154385
4750	0.159144
4800	0.074053
4850	-0.054570
4900	0.207944
4950	0.075468
5000	-0.017617
5050	0.036866
5100	0.096788
5150	0.137785
5200	-0.296021
5250	0.089596
5300	0.233504
5350	0.143107
5400	0.273395
5450	-0.001306
5500	-0.084542
5550	0.149904
5600	0.012412
5650	-0.084040
5700	-0.039685
5750	0.009972
5800	-0.161993
5850	0.317385
5900	0.131116
5950	-0.102773
6000	0.032950
6050	0.173208
6100	-0.006204
6150	0.105959
6200	-0.125120
6250	0.102706
6300	-0.115538
6350	0.292765
6400	-0.012380
6450	-0.092144
6500	-0.116543
6550	0.162240
6600	0.196734
6650	-0.014464
6700	0.267217
6750	0.298828
6800	-0.164707
6850	0.404229
6900	-0.018362
6950	0.033439
7000	-0.059656
7050	0.260517
7100	0.247377
7150	0.227864
7200	-0.152625
7250	0.238387
7300	-0.226369
7350	0.046436
7400	-0.062074
7450	0.212015
7500	-0.031411
7550	0.032425
7600	-0.148370
7650	0.242516
7700	0.013773
7750	0.067255
7800	0.332799
7850	0.187174
7900	0.042472
7950	0.157065
8000	-0.294697
8050	-0.123405
8100	-0.086407
8150	0.095353
8200	-0.000585
8250	0.083497
8300	-0.031296
8350	-0.053440
8400	-0.039819
8450	-0.134172
8500	-0.244445
8550	0.171082
8600	0.225207
8650	-0.270116
8700	0.254268
8750	0.083528
8800	0.145268
8850	0.525597
8900	-0.071119
8950	-0.145819
9000	-0.300902
9050	-0.043685
9100	-0.051579
9150	-0.041141
9200	-0.271197
9250	0.173125
9300	0.011684
9350	0.033399
9400	0.029523
9450	0.280189
9500	-0.273365
9550	-0.231985
9600	-0.008847
9650	0.114535
9700	-0.256341
9750	-0.079206
9800	0.077222
9850	0.030345
9900	0.053818
9950	-0.081731
10000	0.173640
10050	0.174953
10100	0.019737
10150	-0.042309
10200	-0.196739
10250	-0.121915
10300	-0.253926
10350	0.097554
10400	-0.032791
10450	0.538460
10500	0.133391
10550	0.512873
10600	-0.072136
10650	-0.009348
10700	0.386999
10750	-0.003014
10800	0.053673
10850	0.051473
10900	-0.014799
10950	0.285664
11000	0.237330
11050	0.314249
11100	0.057480
11150	0.050471
11200	0.141384
11250	0.022380
11300	-0.004665
11350	0.052866
11400	0.266774
11450	-0.063899
11500	-0.057390
11550	0.053102
11600	-0.002911
11650	0.170452
11700	0.049609
11750	-0.095416
11800	0.103443
11850	-0.110977
11900	0.118829
11950	-0.304481
12000	-0.251182
12050	-0.100751
12100	-0.063763
12150	0.223482
12200	0.364569
12250	-0.051329
12300	-0.095075
12350	-0.019383
12400	-0.090981
12450	0.084069
12500	0.106543
12550	-0.079850
12600	0.194076
12650	0.154192
12700	-0.120538
12750	-0.012866
12800	0.058890
12850	0.001083
12900	0.183033
12950	0.066114
13000	-0.077138
13050	0.199295
13100	0.097861
13150	0.107694
13200	-0.042554
13250	0.383271
13300	-0.115206
13350	-0.020826
13400	-0.034167
13450	-0.016204
13500	0.146576
13550	-0.060124
13600	0.169458
13650	-0.122065
13700	-0.310430
13750	0.144336
13800	0.190387
13850	0.365696
13900	-0.113174
13950	0.153496
14000	0.050201
14050	0.233351
14100	0.395003
14150	0.184507
14200	0.425542
14250	0.077347
14300	-0.048118
14350	-0.132956
14400	-0.303627
14450	0.034327
14500	0.277359
14550	0.132652
14600	0.289151
14650	0.066791
14700	-0.230558
14750	0.230900
14800	0.060731
14850	0.024249
14900	-0.140650
14950	-0.054669
15000	0.181263
15050	0.137889
15100	0.000420
15150	0.139852
15200	0.440274
15250	0.047033
15300	0.328293
15350	-0.281152
15400	0.040066
15450	0.376898
15500	-0.000607
15550	0.034536
15600	0.344938
15650	-0.243350
15700	0.199368
15750	0.136025
15800	-0.038370
15850	0.174184
15900	-0.029919
15950	-0.012677
16000	-0.312512
16050	0.356855
16100	0.051564
16150	0.024582
16200	-0.061742
16250	-0.024873
16300	-0.102325
16350	-0.069248
16400	-0.054848
16450	0.020414
16500	-0.205083
16550	-0.154279
16600	-0.134062
16650	0.159259
16700	-0.040887
16750	0.073771
16800	-0.190034
16850	0.076521
16900	-0.178593
16950	-0.454694
17000	-0.012047
17050	0.041603
17100	0.140138
17150	0.159051
17200	-0.224832
17250	0.057561
17300	0.353807
17350	0.118454
17400	0.272392
17450	-0.111182
17500	0.081529
17550	-0.167135
17600	0.176530
17650	0.246070
17700	0.197158
17750	0.094999
17800	-0.121864
17850	0.232632
17900	0.074354
17950	0.309280
18000	-0.215989
18050	-0.000834
18100	0.135935
18150	0.064876
18200	-0.225007
18250	0.189796
18300	0.055383
18350	-0.026771
18400	0.054267
18450	-0.253155
18500	0.164818
18550	0.062850
18600	-0.016628
18650	-0.044037
18700	0.181537
18750	0.092147
18800	-0.171362
18850	-0.049110
18900	-0.138954
18950	-0.352449
19000	-0.118053
19050	-0.006387
19100	-0.056073
19150	-0.018148
19200	0.137551
19250	0.156341
19300	0.100467
19350	0.232551
19400	-0.029848
19450	-0.195711
19500	-0.202487
19550	0.360595
19600	0.387477
19650	0.324406
19700	-0.129863
19750	-0.207974
19800	0.029678
19850	0.130987
19900	0.070020
19950	-0.055052
20000	0.108848
20050	-0.142130
20100	0.075031
20150	0.003869
20200	-0.160355
20250	-0.017083
20300	-0.072587
20350	-0.234607
20400	0.143380
20450	0.083075
20500	0.138720
20550	0.198049
20600	-0.089924
20650	0.278959
20700	0.348231
20750	0.001908
20800	-0.075366
20850	0.312070
20900	-0.064246
20950	0.104942
21000	0.283409
21050	-0.100896
21100	-0.222960
21150	-0.264526
21200	0.034744
21250	0.241092
21300	0.085227
21350	-0.166238
21400	0.036156
21450	0.061263
21500	-0.068733
21550	0.167272
21600	0.122063
21650	-0.138484
21700	0.009370
21750	0.124075
21800	0.049805
21850	-0.026780
21900	0.021284
21950	0.101127
22000	0.225942
22050	0.101729
22100	-0.056323
22150	0.041775
22200	-0.174427
22250	0.102357
22300	0.003385
22350	-0.058179
22400	-0.015205
22450	-0.004155
22500	-0.057874
22550	0.088999
22600	0.023872
22650	-0.123341
22700	-0.006087
22750	0.078529
22800	-0.011697
22850	-0.052147
22900	0.303358
22950	-0.148120
23000	-0.021067
23050	-0.337454
23100	0.095010
23150	0.026079
23200	0.014853
23250	0.060519
23300	-0.160621
23350	-0.065213
23400	0.208354
23450	-0.076406
23500	0.019362
23550	0.118299
23600	-0.031440
23650	0.007339
23700	0.206885
23750	0.296358
23800	-0.010139
23850	0.312786
23900	0.179815
23950	0.169037
24000	-0.111336
24050	-0.037015
24100	0.140039
24150	0.124722
24200	-0.246845
24250	-0.049606
24300	0.060066
24350	-0.273993
24400	0.236495
24450	-0.023505
24500	-0.047049
24550	0.167176
24600	-0.082513
24650	-0.085268
24700	-0.138943
24750	0.217520
24800	-0.205426
24850	-0.090586
24900	0.130640
24950	-0.051363
25000	-0.116312
25050	0.061141
25100	0.085849
25150	0.015556
25200	0.487369
25250	-0.037681
25300	-0.322503
25350	0.285163
25400	-0.318451
25450	0.131526
25500	-0.017379
25550	0.078940
25600	0.229632
25650	-0.052917
25700	0.051765
25750	-0.025716
25800	-0.145134
25850	0.011388
25900	0.241852
25950	0.150647
26000	-0.048770
26050	-0.105106
26100	-0.087113
26150	-0.193521
26200	-0.106908
26250	0.177502
26300	0.000213
26350	-0.200554
26400	-0.035617
26450	0.000817
26500	0.254815
26550	-0.149609
26600	-0.000636
26650	0.235683
26700	0.325585
26750	0.163848
26800	0.079462
26850	0.073844
26900	-0.189324
26950	0.048063
27000	-0.005177
27050	-0.195089
27100	0.218328
27150	0.076324
27200	-0.010413
27250	0.236922
27300	-0.273436
27350	-0.075112
27400	-0.135133
27450	-0.125017
27500	-0.095431
27550	0.095354
27600	-0.306397
27650	-0.140645
27700	-0.130674
27750	0.043216
27800	-0.064255
27850	0.025709
27900	-0.381525
27950	-0.192022
28000	0.106794
28050	0.021674
28100	-0.011484
28150	0.084162
28200	0.024958
28250	-0.155129
28300	0.012852
28350	0.132852
28400	0.023798
28450	0.024893
28500	0.320005
28550	-0.023308
28600	-0.184461
28650	0.027550
28700	-0.134170
28750	-0.307545
28800	0.175323
28850	-0.101138
28900	-0.018520
28950	0.030943
29000	-0.023073
29050	0.121376
29100	0.117997
29150	0.230414
29200	0.356719
29250	0.099427
29300	0.225342
29350	0.136299
29400	-0.268995
29450	-0.030806
29500	-0.149371
29550	-0.203369
29600	0.070802
29650	0.041305
29700	0.241095
29750	-0.097377
29800	0.011733
29850	-0.010253
29900	0.247639
29950	-0.126573
30000	0.036055
30050	0.162847
30100	-0.134478
30150	-0.044922
30200	-0.288937
30250	0.247866
30300	0.184770
30350	0.047404
30400	0.040049
30450	-0.003276
30500	-0.218608
30550	0.116642
30600	0.092305
30650	-0.013340
30700	-0.016136
30750	-0.202071
30800	-0.147659
30850	0.090263
30900	-0.008270
30950	0.109236
31000	-0.033379
31050	0.226040
31100	0.086875
31150	-0.006778
31200	0.114198
31250	-0.272546
31300	-0.106095
31350	0.210988
31400	-0.143805
31450	0.101901
31500	-0.309272
31550	-0.036677
31600	0.254956
31650	-0.334005
31700	0.185843
31750	0.253404
31800	0.011518
31850	0.092275
31900	-0.060009
31950	0.072789
32000	0.060838
32050	0.072885
32100	0.045755
32150	-0.102363
32200	-0.024355
32250	0.295450
32300	-0.073687
32350	0.031343
32400	-0.143740
32450	-0.094245
32500	-0.008882
32550	-0.001656
32600	0.043630
32650	-0.006629
32700	0.107777
32750	0.194200
32800	0.093488
32850	0.168290
32900	0.174331
32950	-0.053040
33000	0.124150
33050	0.022775
33100	0.012600
33150	-0.242350
33200	0.085946
33250	0.021907
33300	-0.125312
33350	0.173022
33400	-0.047164
33450	0.008625
33500	-0.060027
33550	0.092967
33600	0.174505
33650	0.059207
33700	0.087112
33750	0.247965
33800	0.246391
33850	-0.136442
33900	0.223101
33950	0.107746
34000	-0.147971
34050	0.084603
34100	0.191548
34150	0.198129
34200	0.055217
34250	-0.263464
34300	-0.016672
34350	-0.215211
34400	0.165816
34450	0.272051
34500	-0.077979
34550	-0.091186
34600	-0.008659
34650	-0.249923
34700	0.059233
34750	0.049247
34800	0.066008
34850	-0.106377
34900	-0.192135
34950	-0.259758
35000	-0.020233
35050	0.165219
35100	-0.009860
35150	0.244348
35200	0.053399
35250	0.289785
35300	0.057870
35350	-0.146645
35400	-0.056426
35450	0.134980
35500	0.147467
35550	-0.039408
35600	-0.080372
35650	-0.126458
35700	-0.023344
35750	-0.030901
35800	-0.015372
35850	0.198524
35900	0.082796
35950	0.093359
36000	-0.113809
36050	0.080633
36100	-0.080178
36150	-0.117088
36200	0.079756
36250	0.128620
36300	-0.004026
36350	-0.068039
36400	-0.463679
36450	-0.206401
36500	-0.128050
36550	-0.060438
36600	-0.196733
36650	0.389787
36700	-0.018873
36750	-0.018651
36800	0.083956
36850	-0.282819
36900	0.165042
36950	-0.000169
37000	0.040353
37050	-0.100948
37100	0.222191
37150	0.390186
37200	-0.037571
37250	-0.124079
37300	0.042007
37350	-0.176362
37400	0.171661
37450	-0.053339
37500	-0.138228
37550	-0.021699
37600	-0.040123
37650	-0.160193
37700	0.190879
37750	-0.082802
37800	0.241162
37850	0.053647
37900	-0.018234
37950	0.208345
38000	0.181791
38050	-0.251392
38100	-0.119026
38150	-0.141568
38200	0.143750
38250	-0.192855
38300	0.081941
38350	-0.158451
38400	0.217119
38450	0.198370
38500	0.321554
38550	-0.026502
38600	0.052579
38650	-0.032497
38700	-0.230877
38750	-0.167922
38800	-0.244404
38850	0.096373
38900	0.158382
38950	-0.033375
39000	-0.025346
39050	-0.026455
39100	0.190291
39150	-0.028124
39200	0.319921
39250	0.267551
39300	0.023961
39350	-0.038336
39400	-0.119961
39450	-0.243232
39500	0.212107
39550	-0.045154
39600	-0.109259
39650	-0.050602
39700	0.057656
39750	-0.110532
39800	0.078649
39850	0.006987
39900	-0.426780
39950	-0.374873
40000	-0.067292
40050	-0.122293
40100	-0.076026
40150	-0.019189
40200	-0.349391
40250	0.060209
40300	0.069945
40350	-0.119609
40400	0.008419
40450	-0.264695
40500	0.055786
40550	0.177385
40600	0.319025
40650	0.140289
40700	-0.307174
40750	-0.023020
40800	0.289258
40850	0.045328
40900	0.142331
40950	0.011322
41000	-0.097225
41050	-0.108945
41100	-0.109313
41150	0.209198
41200	-0.346694
41250	-0.127803
41300	-0.126930
41350	-0.036846
41400	0.076244
41450	0.063237
41500	0.178878
41550	0.301199
41600	0.007960
41650	0.119336
41700	0.163293
41750	-0.002043
41800	0.113143
41850	-0.102731
41900	-0.117863
41950	-0.078193
42000	0.028181
42050	0.248159
42100	-0.047649
42150	0.143993
42200	-0.050783
42250	0.156065
42300	-0.022540
42350	0.265319
42400	-0.052136
42450	0.030826
42500	-0.177045
42550	-0.067881
42600	0.067449
42650	0.135008
42700	0.043523
42750	0.009767
42800	0.314594
42850	-0.031791
42900	-0.135195
42950	0.039823
43000	0.055411
43050	-0.184600
43100	0.335380
43150	0.105929
43200	0.109779
43250	-0.045645
43300	-0.114406
43350	-0.194888
43400	-0.025365
43450	-0.319752
43500	0.123305
43550	-0.331139
43600	0.007216
43650	-0.077875
43700	0.110157
43750	0.123999
43800	0.155619
43850	0.087815
43900	0.361403
43950	-0.018989
44000	-0.054694
44050	-0.033115
44100	-0.119879
44150	0.130086
44200	0.119462
44250	0.281393
44300	-0.154372
44350	-0.141381
44400	0.258240
44450	-0.075751
44500	0.124293
44550	0.190153
44600	0.015363
44650	-0.254823
44700	-0.059547
44750	-0.104969
44800	-0.021759
44850	0.199632
44900	0.046529
44950	-0.035846
45000	0.237537
45050	0.230440
45100	0.093111
45150	-0.038638
45200	0.036448
45250	0.079052
45300	-0.025908
45350	0.076686
45400	0.088814
45450	-0.209461
45500	0.024030
45550	-0.341008
45600	0.014169
45650	-0.188840
45700	0.003018
45750	-0.007201
45800	-0.122314
45850	-0.041622
45900	-0.260545
45950	0.233951
46000	0.018431
46050	-0.189341
46100	0.203432
46150	0.213026
46200	-0.151136
46250	-0.017726
46300	-0.028388
46350	-0.061013
46400	-0.202759
46450	0.005758
46500	-0.206612
46550	-0.130141
46600	0.123541
46650	-0.288520
46700	-0.338477
46750	0.143723
46800	0.102341
46850	0.256069
46900	0.122861
46950	-0.376808
47000	0.172784
47050	-0.021331
47100	-0.194877
47150	-0.187597
47200	-0.165390
47250	0.197121
47300	0.264319
47350	-0.302599
47400	0.043602
47450	0.116323
47500	0.022369
47550	0.059108
47600	-0.297621
47650	-0.167759
47700	-0.101128
47750	-0.086035
47800	-0.179233
47850	0.147210
47900	-0.088754
47950	0.054416
48000	0.158997
48050	0.139374
48100	0.123961
48150	-0.094866
48200	-0.357839
48250	0.113376
48300	0.200351
48350	-0.063628
48400	0.121883
48450	-0.066544
48500	0.095954
48550	-0.000457
48600	-0.103123
48650	0.273778
48700	-0.178096
48750	-0.081111
48800	0.238692
48850	0.253899
48900	-0.110892
48950	0.022056
49000	0.062688
49050	-0.178803
49100	0.092013
49150	0.041511
49200	0.022919
49250	0.125685
49300	-0.006428
49350	0.063112
49400	-0.095666
49450	-0.186505
49500	0.055683
49550	-0.103940
49600	0.168898
49650	-0.008467
49700	0.171419
49750	-0.089782
49800	-0.081860
49850	-0.169432
49900	0.059207
49950	-0.005131
50000	0.008641
50050	0.097587
50100	0.249727
50150	0.115188
50200	0.016093
50250	-0.267838
50300	0.000110
50350	-0.247580
50400	0.293979
50450	0.226399
50500	-0.178017
50550	0.005277
50600	0.211428
50650	-0.069865
50700	0.012443
50750	0.288677
50800	0.034127
50850	0.097885
50900	0.169953
50950	0.194092
51000	0.386698
51050	0.311812
51100	0.281597
51150	0.069681
51200	0.124486
51250	-0.043800
51300	-0.119812
51350	0.191799
51400	0.182805
51450	-0.015824
51500	0.015141
51550	-0.010194
51600	-0.091193
51650	-0.032354
51700	-0.108653
51750	0.109300
51800	-0.019249
51850	0.058912
51900	-0.200155
51950	-0.396523
52000	-0.092494
52050	0.194599
52100	-0.002630
52150	0.082739
52200	-0.106960
52250	-0.023427
52300	0.085545
52350	-0.116871
52400	0.230453
52450	0.140319
52500	-0.068557
52550	-0.037059
52600	0.112938
52650	-0.207715
52700	0.041729
52750	0.079290
52800	0.028686
52850	-0.036907
52900	0.040911
52950	0.012696
53000	0.144905
53050	-0.237500
53100	0.079149
53150	-0.015626
53200	-0.033702
53250	-0.175335
53300	0.159603
53350	-0.047998
53400	0.026676
53450	-0.327136
53500	-0.298411
53550	0.026593
53600	-0.132742
53650	0.170800
53700	0.101754
53750	0.369684
53800	0.209341
53850	-0.157849
53900	-0.194703
53950	0.091168
54000	-0.291612
54050	0.191434
54100	0.012166
54150	0.024052
54200	-0.179609
54250	-0.030621
54300	-0.069088
54350	0.024540
54400	-0.015449
54450	0.172006
54500	-0.109444
54550	-0.185740
54600	-0.300325
54650	0.350460
54700	-0.105628
54750	-0.014150
54800	-0.026575
54850	-0.104437
54900	0.137776
54950	-0.223575
55000	-0.180059
55050	0.009988
55100	0.124905
55150	-0.067139
55200	0.359985
55250	-0.005276
55300	-0.111600
55350	0.013522
55400	0.069826
55450	0.124425
55500	0.135292
55550	0.435573
55600	0.080164
55650	-0.029671
55700	0.101629
55750	0.064153
55800	0.012712
55850	0.123594
55900	-0.218759
55950	0.172333
56000	-0.058854
56050	-0.299818
56100	-0.161508
56150	0.089403
56200	0.113192
56250	0.055664
56300	-0.036428
56350	-0.195934
56400	-0.248746
56450	0.159549
56500	-0.228947
56550	-0.274911
56600	0.185850
56650	-0.416280
56700	0.154173
56750	0.019175
56800	0.085415
56850	0.062670
56900	0.154235
56950	0.235359
57000	-0.079278
57050	-0.257813
57100	0.163048
57150	-0.066070
57200	0.026326
57250	-0.030106
57300	0.322360
57350	-0.137854
57400	0.107178
57450	0.278640
57500	-0.130433
57550	-0.013160
57600	-0.042746
57650	-0.154047
57700	0.142620
57750	-0.194537
57800	-0.032766
57850	0.216267
57900	-0.002390
57950	-0.304547
58000	0.104275
58050	-0.038019
58100	0.153977
58150	-0.473456
58200	-0.050688
58250	0.036523
58300	0.039617
58350	-0.189579
58400	-0.107785
58450	0.070758
58500	-0.059012
58550	0.202374
58600	0.173399
58650	-0.084862
58700	-0.065972
58750	-0.151792
58800	0.039030
58850	0.228256
58900	-0.264479
58950	-0.124385
59000	-0.003711
59050	0.208309
59100	-0.467829
59150	0.133491
59200	0.105893
59250	-0.099588
59300	-0.050213
59350	-0.177524
59400	-0.049816
59450	0.070396
59500	0.024563
59550	-0.025516
59600	0.092113
59650	0.080290
59700	-0.006380
59750	-0.114654
59800	0.034240
59850	0.025291
59900	-0.159766
59950	-0.228814
60000	0.216995
60050	-0.120883
60100	-0.035895
60150	-0.309281
60200	0.071418
60250	0.051487
60300	-0.054692
60350	0.134181
60400	-0.076702
60450	0.063639
60500	-0.128621
60550	-0.195073
60600	0.006538
60650	-0.215799
60700	-0.074731
60750	-0.145523
60800	-0.133693
60850	-0.113334
60900	0.244637
60950	-0.105868
61000	-0.174958
61050	0.217516
61100	0.239729
61150	0.118576
61200	-0.267883
61250	0.159014
61300	-0.055399
61350	0.298168
61400	0.231898
61450	-0.065894
61500	-0.059591
61550	-0.138676
61600	0.022096
61650	-0.237715
61700	-0.002918
61750	-0.020067
61800	0.105355
61850	0.268965
61900	0.124586
61950	-0.079622
62000	0.063034
62050	-0.182719
62100	0.113636
62150	0.037268
62200	-0.159372
62250	0.098567
62300	0.199048
62350	0.057013
62400	0.084190
62450	0.057739
62500	-0.084396
62550	-0.020599
62600	0.041639
62650	0.200735
62700	-0.509350
62750	0.056298
62800	-0.166134
62850	-0.144428
62900	0.282254
62950	0.058528
63000	0.174254
63050	0.047930
63100	-0.052757
63150	-0.402053
63200	-0.149412
63250	0.090464
63300	0.131330
63350	-0.026742
63400	-0.124339
63450	-0.114921
63500	0.021454
63550	-0.147214
63600	-0.076921
63650	0.193682
63700	0.083241
63750	0.061474
63800	0.013112
63850	-0.055855
63900	-0.037314
63950	-0.137768
64000	-0.333190
64050	0.060046
64100	-0.240161
64150	0.103293
64200	0.050554
64250	0.020707
64300	-0.153385
64350	-0.082502
64400	0.028196
64450	-0.194989
64500	-0.083956
64550	0.040603
64600	-0.175570
64650	-0.168294
64700	0.276458
64750	-0.073271
64800	-0.056320
64850	-0.448794
64900	0.194312
64950	-0.180054
65000	0.207770
65050	-0.142855
65100	-0.032261
65150	0.015866
65200	-0.014717
65250	-0.429793
65300	-0.237479
65350	0.204709
65400	0.217382
65450	0.346054
65500	-0.086353
65550	-0.040536
65600	-0.128458
65650	0.567582
65700	-0.036915
65750	0.046743
65800	-0.254880
65850	0.179727
65900	0.006376
65950	-0.066197
66000	0.095151
66050	0.039850
66100	-0.149081
66150	0.229308
66200	0.370960
66250	-0.007901
66300	-0.299822
66350	0.076736
66400	0.267724
66450	-0.029305
66500	0.133587
66550	0.065469
66600	0.154343
66650	0.174976
66700	-0.019897
66750	-0.279351
66800	0.050085
66850	-0.032784
66900	-0.117183
66950	-0.104511
67000	0.090101
67050	-0.025997
67100	0.034096
67150	-0.240861
67200	-0.307003
67250	-0.114734
67300	0.031847
67350	-0.017029
67400	-0.115468
67450	-0.136944
67500	-0.208984
67550	-0.249452
67600	-0.020096
67650	-0.221255
67700	-0.050028
67750	0.184589
67800	-0.105353
67850	0.165327
67900	-0.157434
67950	-0.233930
68000	-0.191038
68050	-0.001618
68100	-0.019844
68150	-0.235051
68200	-0.088032
68250	0.074398
68300	-0.016422
68350	-0.030358
68400	-0.284944
68450	0.097815
68500	0.144415
68550	-0.085031
68600	-0.151897
68650	0.074944
68700	0.206242
68750	0.016411
68800	-0.119406
68850	0.305514
68900	0.011751
68950	0.148216
69000	-0.226083
69050	0.038478
69100	0.119857
69150	-0.113637
69200	-0.230774
69250	0.074442
69300	0.095940
69350	-0.108100
69400	0.183847
69450	0.231608
69500	0.153174
69550	-0.111210
69600	-0.251161
69650	0.284319
69700	-0.172416
69750	0.109978
69800	-0.173238
69850	0.112250
69900	-0.134582
69950	-0.223970
70000	0.161615
70050	-0.212610
70100	-0.136841
70150	0.033261
70200	-0.121029
70250	-0.229382
70300	0.003761
70350	-0.007092
70400	0.074885
70450	0.055827
70500	0.035290
70550	-0.038666
70600	-0.001783
70650	0.097626
70700	0.206500
70750	0.076711
70800	0.079540
70850	0.433819
70900	-0.037177
70950	0.015811
71000	0.183478
71050	0.007598
71100	-0.113511
71150	0.198074
71200	0.125404
71250	0.015889
71300	0.255224
71350	0.204157
71400	0.141553
71450	0.020870
71500	0.247305
71550	-0.182969
71600	-0.110946
71650	0.243020
71700	0.060123
71750	0.107065
71800	-0.129986
71850	0.144213
71900	-0.374572
71950	-0.127814
72000	-0.124828
72050	0.094684
72100	-0.185025
72150	-0.372573
72200	-0.234206
72250	-0.191448
72300	-0.113016
72350	0.118704
72400	0.134727
72450	-0.096314
72500	0.205107
72550	0.143506
72600	-0.019282
72650	-0.131678
72700	-0.106907
72750	-0.025954
72800	0.106591
72850	0.106404
72900	0.136409
72950	0.100463
73000	0.030760
73050	-0.149324
73100	-0.023995
73150	0.097994
73200	-0.317161
73250	-0.075247
73300	-0.077441
73350	-0.003204
73400	-0.109479
73450	-0.028062
73500	0.143700
73550	0.011220
73600	0.070107
73650	0.040594
73700	0.094306
73750	-0.139343
73800	-0.030544
73850	-0.092051
73900	0.069063
73950	-0.151354
74000	-0.223797
74050	-0.083784
74100	-0.302415
74150	0.015542
74200	-0.165629
74250	-0.061519
74300	-0.127145
74350	-0.260911
74400	-0.093369
74450	-0.179766
74500	-0.216158
74550	-0.013468
74600	0.079392
74650	0.108231
74700	-0.190827
74750	-0.094073
74800	-0.097514
74850	-0.115059
74900	0.112671
74950	-0.116794
75000	-0.061004
75050	0.037336
75100	0.026235
75150	0.171238
75200	0.208733
75250	-0.058197
75300	0.084360
75350	0.131758
75400	0.191264
75450	0.163412
75500	-0.202940
75550	-0.108910
75600	0.071321
75650	0.119544
75700	-0.231091
75750	-0.096708
75800	-0.016467
75850	0.028740
75900	-0.008162
75950	0.207614
76000	-0.109926
76050	-0.173723
76100	0.230229
76150	0.061647
76200	-0.121160
76250	-0.111188
76300	0.196724
76350	-0.177776
76400	0.360729
76450	-0.028324
76500	0.011843
76550	-0.170572
76600	0.028382
76650	-0.142582
76700	-0.192656
76750	-0.141057
76800	-0.008638
76850	0.198217
76900	0.296121
76950	0.224510
77000	-0.201650
77050	0.297430
77100	0.274989
77150	0.090400
77200	-0.122961
77250	-0.054537
77300	0.189952
77350	0.278643
77400	0.384881
77450	-0.094420
77500	-0.138257
77550	0.279404
77600	-0.251087
77650	-0.037033
77700	-0.142298
77750	0.046793
77800	-0.142635
77850	0.019624
77900	-0.227435
77950	-0.055166
78000	-0.038725
78050	0.022563
78100	0.094345
78150	-0.164076
78200	0.052836
78250	-0.063741
78300	0.002653
78350	0.037458
78400	0.127370
78450	-0.223524
78500	-0.149881
78550	-0.091822
78600	-0.119016
78650	-0.015906
78700	0.071061
78750	0.293384
78800	0.192262
78850	0.063310
78900	0.010549
78950	0.132033
79000	-0.209184
79050	0.125051
79100	0.127157
79150	-0.154515
79200	-0.138438
79250	0.056485
79300	-0.233067
79350	-0.287709
79400	0.072341
79450	-0.003075
79500	0.099827
79550	0.098740
79600	-0.129711
79650	0.198427
79700	-0.141931
79750	-0.259605
79800	-0.141104
79850	-0.078676
79900	0.155554
79950	-0.178821
80000	0.007614
80050	-0.164183
80100	0.254261
80150	0.240649
80200	0.028699
80250	0.096091
80300	-0.093837
80350	-0.017301
80400	-0.322285
80450	-0.015149
80500	-0.084363
80550	0.043443
80600	-0.055053
80650	0.382527
80700	0.089661
80750	0.074031
80800	-0.125812
80850	-0.194961
80900	0.157797
80950	0.223778
81000	-0.148120
81050	-0.130560
81100	-0.164390
81150	-0.042536
81200	-0.046165
81250	0.001460
81300	-0.284326
81350	0.177001
81400	0.015780
81450	-0.013861
81500	-0.061257
81550	-0.088086
81600	0.074477
81650	0.289779
81700	0.363869
81750	-0.079017
81800	-0.010349
81850	-0.117924
81900	-0.085674
81950	-0.026991
82000	0.065743
82050	-0.153759
82100	-0.061194
82150	0.124888
82200	0.123422
82250	0.085089
82300	-0.023148
82350	0.056137
82400	-0.041576
82450	0.035565
82500	-0.148081
82550	-0.286001
82600	-0.303300
82650	-0.056026
82700	0.153769
82750	-0.160793
82800	0.049920
82850	0.072682
82900	-0.030580
82950	-0.034632
83000	-0.057740
83050	0.024486
83100	-0.097092
83150	-0.025539
83200	-0.066949
83250	0.055388
83300	-0.038354
83350	0.038167
83400	0.081357
83450	0.118850
83500	0.018553
83550	0.338260
83600	-0.024515
83650	-0.014141
83700	-0.002626
83750	-0.326722
83800	0.157422
83850	0.243344
83900	0.213270
83950	0.051482
84000	-0.023176
84050	-0.040444
84100	0.096047
84150	0.017865
84200	-0.175889
84250	0.045562
84300	-0.222335
84350	0.119549
84400	0.108224
84450	-0.140930
84500	0.000693
84550	0.131415
84600	-0.111061
84650	0.011490
84700	0.077033
84750	0.145073
84800	-0.208509
84850	-0.361362
84900	-0.084143
84950	0.187608
85000	-0.145279
85050	0.058997
85100	-0.235282
85150	0.015496
85200	0.118574
85250	0.251992
85300	-0.034813
85350	0.084304
85400	0.070719
85450	0.219429
85500	0.073925
85550	0.058466
85600	-0.009959
85650	-0.102827
85700	-0.108529
85750	-0.141843
85800	0.073999
85850	-0.203237
85900	-0.147891
85950	0.057404
86000	0.290147
86050	-0.105183
86100	-0.388372
86150	-0.090737
86200	0.003813
86250	0.326213
86300	0.000022
86350	0.270528
86400	0.061596
86450	-0.324109
86500	-0.054191
86550	-0.056610
86600	0.102302
86650	-0.024563
86700	-0.396577
86750	-0.081596
86800	0.018593
86850	0.133774
86900	-0.319242
86950	-0.010690
87000	-0.165437
87050	-0.022864
87100	0.192361
87150	0.269262
87200	-0.019080
87250	0.156246
87300	-0.056808
87350	-0.132361
87400	-0.278824
87450	-0.054331
87500	-0.028300
87550	0.023986
87600	-0.043820
87650	0.080193
87700	-0.065161
87750	0.036559
87800	-0.415175
87850	-0.042132
87900	-0.138232
87950	0.041826
88000	0.235059
88050	-0.142921
88100	-0.052296
88150	-0.168663
88200	-0.019156
88250	0.176717
88300	0.049348
88350	-0.094543
88400	0.025082
88450	0.141255
88500	0.027441
88550	0.133875
88600	0.185208
88650	0.306655
88700	0.042977
88750	-0.129007
88800	0.069785
88850	-0.033444
88900	0.133236
88950	0.198187
89000	0.085583
89050	-0.100888
89100	-0.080839
89150	-0.087615
89200	0.006861
89250	0.153473
89300	-0.121643
89350	-0.169646
89400	-0.044046
89450	0.004118
89500	-0.214040
89550	0.101890
89600	-0.124369
89650	0.021089
89700	-0.058160
89750	0.073237
89800	0.246393
89850	-0.079653
89900	0.137812
89950	0.492677
90000	-0.258303
90050	-0.046670
90100	0.088738
90150	0.176219
90200	-0.089042
90250	0.127844
90300	0.425626
90350	0.064379
90400	0.010802
90450	-0.008379
90500	-0.028098
90550	-0.082631
90600	0.113606
90650	-0.090187
90700	-0.043814
90750	-0.191655
90800	0.031591
90850	-0.034605
90900	-0.079904
90950	0.134498
91000	-0.159335
91050	-0.147458
91100	0.318238
91150	0.093016
91200	0.182949
91250	-0.279808
91300	-0.054862
91350	-0.099178
91400	-0.313689
91450	-0.117535
91500	-0.164602
91550	0.057870
91600	0.013372
91650	0.242881
91700	-0.223058
91750	-0.226136
91800	-0.117691
91850	0.042137
91900	-0.165722
91950	-0.129243
92000	-0.013641
92050	-0.184630
92100	0.234186
92150	0.214225
92200	-0.260131
92250	0.261464
92300	-0.255739
92350	0.040828
92400	0.098714
92450	-0.258271
92500	0.067488
92550	0.001530
92600	-0.015551
92650	0.281630
92700	0.209925
92750	-0.189354
92800	0.149497
92850	0.048493
92900	-0.028895
92950	0.239024
93000	0.073375
93050	0.157735
93100	0.295614
93150	-0.025732
93200	-0.014434
93250	0.358721
93300	-0.262413
93350	-0.190025
93400	0.196364
93450	0.148418
93500	0.151089
93550	0.005969
93600	0.103294
93650	0.099715
93700	0.043281
93750	-0.087788
93800	0.165464
93850	-0.061090
93900	-0.060795
93950	-0.199249
94000	-0.047395
94050	-0.223185
94100	-0.089585
94150	0.036706
94200	-0.119107
94250	-0.362431
94300	-0.025716
94350	-0.074627
94400	0.038945
94450	0.072892
94500	-0.151506
94550	0.053679
94600	-0.159436
94650	0.146466
94700	0.108027
94750	0.053846
94800	-0.126417
94850	-0.022578
94900	0.110845
94950	-0.080503
95000	0.102557
95050	0.004911
95100	0.053356
95150	0.047690
95200	0.076320
95250	-0.109903
95300	0.209771
95350	-0.277703
95400	-0.005725
95450	0.128801
95500	0.047034
95550	0.088555
95600	0.126720
95650	-0.009346
95700	0.233891
95750	0.100642
95800	0.394390
95850	-0.209965
95900	-0.031453
95950	0.189926
96000	0.070490
96050	-0.192112
96100	0.188300
96150	0.094415
96200	0.148655
96250	-0.293809
96300	0.230085
96350	-0.031185
96400	0.010297
96450	-0.030451
96500	0.091482
96550	-0.063892
96600	0.124763
96650	-0.044350
96700	0.094155
96750	-0.059270
96800	-0.125492
96850	0.010905
96900	-0.047933
96950	-0.108647
97000	-0.300465
97050	-0.267466
97100	-0.400966
97150	-0.086376
97200	-0.023274
97250	-0.096416
97300	-0.057047
97350	0.001372
97400	-0.195397
97450	0.086847
97500	0.191075
97550	0.011995
97600	-0.081824
97650	-0.200246
97700	0.033363
97750	0.085038
97800	0.107496
97850	-0.009271
97900	-0.285602
97950	0.201414
98000	0.104837
98050	0.332378
98100	-0.072383
98150	-0.169054
98200	-0.271183
98250	0.044270
98300	-0.374186
98350	0.052744
98400	-0.005157
98450	-0.043630
98500	0.019934
98550	0.006057
98600	-0.383622
98650	0.050479
98700	-0.037094
98750	-0.041765
98800	0.103756
98850	0.231673
98900	0.077843
98950	-0.096939
99000	0.160698
99050	-0.220059
99100	-0.158455
99150	-0.282744
99200	-0.125415
99250	-0.047446
99300	-0.084222
99350	0.009656
99400	-0.235613
99450	-0.274823
99500	0.038571
99550	-0.013792
99600	-0.199087
99650	0.058432
99700	-0.006076
99750	0.068396
99800	0.004752
99850	-0.098423
99900	0.012229
99950	-0.124047
100000	-0.140642
100050	0.258610
100100	0.492005
100150	0.085115
100200	0.073430
100250	-0.077605
100300	-0.056229
100350	-0.012037
100400	0.202768
100450	0.094359
100500	0.137034
100550	-0.255528
100600	-0.011061
100650	0.024137
100700	0.188879
100750	0.003100
100800	-0.242751
100850	0.130337
100900	-0.167989
100950	-0.173600
101000	-0.088703
101050	0.311960
101100	0.193167
101150	-0.291818
101200	-0.140120
101250	0.077814
101300	-0.154563
101350	0.089710
101400	0.140668
101450	-0.001878
101500	0.225872
101550	-0.107299
101600	-0.105683
101650	-0.143715
101700	0.166210
101750	0.280405
101800	0.100373
101850	0.238653
101900	-0.023708
101950	-0.079276
102000	-0.184351
102050	-0.130302
102100	0.181610
102150	-0.055437
102200	0.056270
102250	-0.321058
102300	0.024788
102350	0.104188
102400	-0.360195
102450	-0.219850
102500	0.195092
102550	0.270380
102600	-0.092977
102650	0.051726
102700	-0.080710
102750	0.011575
102800	-0.228732
102850	0.228860
102900	0.033353
102950	0.117214
103000	0.014603
103050	0.057626
103100	0.188695
103150	0.037266
103200	-0.034304
103250	0.151350
103300	0.142893
103350	-0.170981
103400	-0.302226
103450	-0.178979
103500	0.123612
103550	0.255410
103600	-0.163183
103650	-0.037330
103700	0.047035
103750	-0.181265
103800	0.060629
103850	0.173775
103900	-0.024598
103950	0.062374
104000	0.240790
104050	0.176335
104100	-0.021094
104150	-0.068798
104200	-0.162891
104250	0.264471
104300	-0.011101
104350	0.085345
104400	-0.221167
104450	-0.033385
104500	0.174812
104550	0.081819
104600	0.038871
104650	-0.137383
104700	0.007463
104750	-0.228666
104800	0.041526
104850	0.027291
104900	0.066668
104950	-0.100706
105000	0.010459
105050	-0.078791
105100	0.220955
105150	0.053663
105200	0.204777
105250	0.202236
105300	0.128665
105350	-0.107295
105400	-0.191634
105450	0.092293
105500	-0.053306
105550	0.153923
105600	0.454945
105650	-0.117570
105700	-0.124494
105750	0.035393
105800	-0.126206
105850	0.294954
105900	-0.155806
105950	-0.100917
106000	-0.296450
106050	-0.096113
106100	-0.088198
106150	-0.083129
106200	-0.026859
106250	-0.077700
106300	0.077691
106350	-0.004311
106400	-0.022541
106450	0.066563
106500	0.160748
106550	-0.046448
106600	0.166585
106650	-0.015727
106700	0.089156
106750	0.112579
106800	-0.017125
106850	0.093673
106900	-0.026968
106950	0.159266
107000	-0.154473
107050	-0.209526
107100	-0.074048
107150	-0.382889
107200	0.135599
107250	-0.027711
107300	0.106685
107350	-0.316700
107400	0.012506
107450	0.027547
107500	-0.099055
107550	0.048212
107600	0.162417
107650	0.176096
107700	0.055722
107750	-0.042110
107800	-0.124990
107850	0.133074
107900	0.133833
107950	-0.080312
108000	0.123263
108050	-0.151238
108100	0.040915
108150	-0.174628
108200	-0.124015
108250	-0.062270
108300	-0.302942
108350	0.089561
108400	0.056999
108450	-0.054500
108500	0.073988
108550	0.285225
108600	-0.105046
108650	0.010230
108700	0.347373
108750	0.006678
108800	-0.002089
108850	0.045996
108900	0.040643
108950	-0.022109
109000	0.111901
109050	-0.114784
109100	-0.084387
109150	-0.135513
109200	0.186728
109250	0.102332
109300	-0.014421
109350	0.134350
109400	-0.105707
109450	-0.079563
109500	0.001777
109550	-0.315932
109600	0.164382
109650	-0.097554
109700	-0.134042
109750	0.085140
109800	0.043192
109850	0.080476
109900	0.019984
109950	-0.195622
110000	0.085638
110050	0.037065
110100	-0.203316
110150	0.203901
110200	-0.028283
110250	-0.064137
110300	0.166081
110350	0.148006
110400	0.112822
110450	0.114880
110500	0.013950
110550	-0.015354
110600	0.235862
110650	0.274485
110700	0.008212
110750	0.567055
110800	0.130935
110850	-0.113484
110900	0.172198
110950	-0.204676
111000	-0.110905
111050	0.399550
111100	0.030536
111150	-0.146256
111200	-0.264830
111250	-0.055885
111300	-0.095132
111350	0.285153
111400	-0.213963
111450	0.214665
111500	-0.132861
111550	-0.128273
111600	-0.096733
111650	0.095846
111700	0.101044
111750	0.178175
111800	0.158739
111850	0.006117
111900	0.068687
111950	0.341381
112000	-0.092021
112050	-0.239481
112100	-0.159749
112150	-0.045787
112200	-0.201401
112250	-0.147067
112300	-0.126931
112350	0.047938
112400	0.088223
112450	0.168753
112500	-0.138581
112550	0.359660
112600	-0.205283
112650	0.099788
112700	0.296200
112750	0.249773
112800	0.203148
112850	0.189141
112900	-0.117311
112950	-0.161457
113000	0.111025
113050	-0.061024
113100	-0.244906
113150	-0.167158
113200	0.080059
113250	-0.420074
113300	-0.099305
113350	-0.259994
113400	-0.073788
113450	-0.236360
113500	-0.235558
113550	0.084093
113600	-0.068864
113650	-0.244753
113700	-0.043147
113750	-0.016895
113800	0.118009
113850	-0.142219
113900	0.176592
113950	0.077998
114000	0.043477
114050	0.010680
114100	0.142178
114150	0.072040
114200	-0.190884
114250	-0.040325
114300	0.005997
114350	0.081209
114400	0.186450
114450	0.110303
114500	-0.284617
114550	0.137033
114600	0.216753
114650	-0.028708
114700	-0.072397
114750	-0.008345
114800	-0.136233
114850	0.273500
114900	0.033995
114950	-0.161462
115000	-0.220602
115050	-0.221616
115100	0.186853
115150	-0.021198
115200	-0.069901
115250	0.050580
115300	0.008674
115350	0.140158
115400	-0.037438
115450	-0.092697
115500	0.115415
115550	0.115486
115600	-0.072690
115650	0.087960
115700	-0.040510
115750	0.244139
115800	0.056268
115850	-0.096860
115900	-0.234444
115950	0.101883
116000	0.110547
116050	-0.133735
116100	-0.105471
116150	0.020116
116200	0.063389
116250	-0.325681
116300	0.088426
116350	-0.055038
116400	0.323386
116450	0.130534
116500	0.152594
116550	0.076662
116600	0.018341
116650	-0.055560
116700	-0.054217
116750	-0.024472
116800	0.122185
116850	0.069848
116900	0.057886
116950	-0.052459
117000	0.062593
117050	-0.022817
117100	0.133890
117150	-0.048617
117200	-0.005426
117250	0.107752
117300	-0.037629
117350	0.079204
117400	0.067552
117450	-0.090529
117500	0.178838
117550	0.040365
117600	0.005387
117650	0.139223
117700	0.454162
117750	-0.113455
117800	-0.108041
117850	-0.411078
117900	-0.122390
117950	-0.073660
118000	-0.109074
118050	-0.070128
118100	0.327443
118150	0.187775
118200	-0.091850
118250	0.124335
118300	0.118933
118350	-0.091858
118400	-0.188864
118450	0.151360
118500	-0.155805
118550	-0.029136
118600	-0.053255
118650	-0.135610
118700	0.124677
118750	0.012568
118800	-0.500634
118850	0.132357
118900	-0.152009
118950	-0.292613
119000	-0.111721
119050	0.003349
119100	-0.272966
119150	-0.181986
119200	0.005809
119250	0.254046
119300	-0.054851
119350	0.286707
119400	0.274816
119450	0.043878
119500	0.270619
119550	0.203021
119600	0.311457
119650	0.103734
119700	-0.092831
119750	-0.147442
119800	0.088710
119850	0.181667
119900	-0.190063
119950	0.070037
120000	-0.063130
120050	-0.479874
120100	-0.167020
120150	-0.129699
120200	0.038084
120250	-0.139216
120300	0.044108
120350	-0.272662
120400	-0.220781
120450	0.119274
120500	0.113378
120550	-0.031919
120600	0.392853
120650	0.256456
120700	-0.066946
120750	0.220704
120800	0.215109
120850	0.099622
120900	-0.274412
120950	-0.067692
121000	0.172398
121050	0.116526
121100	-0.028921
121150	0.415959
121200	-0.062186
121250	0.172216
121300	0.116433
121350	0.069474
121400	0.413719
121450	0.019273
121500	0.024905
121550	-0.297571
121600	0.041225
121650	0.083143
121700	-0.014098
121750	0.051859
121800	0.149099
121850	0.121096
121900	0.115660
121950	0.044171
122000	0.220212
122050	0.214081
122100	-0.003928
122150	-0.105445
122200	-0.052597
122250	0.065264
122300	0.223616
122350	-0.101084
122400	-0.032985
122450	0.065183
122500	-0.049753
122550	-0.084252
122600	0.295923
122650	0.006348
122700	0.083662
122750	0.182299
122800	0.224625
122850	-0.122419
122900	-0.077826
122950	-0.030626
123000	-0.256316
123050	-0.025453
123100	0.065975
123150	-0.026648
123200	-0.065579
123250	-0.023960
123300	0.115933
123350	-0.120682
123400	-0.013887
123450	0.120603
123500	-0.143969
123550	-0.033459
123600	-0.017606
123650	0.202950
123700	0.119744
123750	0.323484
123800	-0.057063
123850	0.337820
123900	-0.036007
123950	0.113879
124000	-0.393560
124050	0.000480
124100	-0.126463
124150	-0.023360
124200	0.101299
124250	-0.020770
124300	-0.263138
124350	-0.195832
124400	-0.155133
124450	-0.049651
124500	0.162141
124550	0.216541
124600	-0.037071
124650	0.036746
124700	0.077844
124750	0.010452
124800	0.235818
124850	-0.145983
124900	-0.055192
124950	-0.173941
125000	0.034911
125050	-0.073848
125100	-0.167145
125150	0.198229
125200	0.096715
125250	0.086760
125300	-0.049796
125350	-0.181974
125400	-0.164172
125450	-0.122498
125500	-0.021258
125550	0.172607
125600	-0.101986
125650	-0.080287
125700	-0.071172
125750	0.085150
125800	-0.012457
125850	-0.277020
125900	-0.142626
125950	0.122250
126000	0.070464
126050	0.053870
126100	0.095935
126150	-0.097925
126200	0.207302
126250	-0.168603
126300	-0.247246
126350	-0.176893
126400	0.261498
126450	0.157474
126500	0.099273
126550	0.128981
126600	0.024829
126650	0.262574
126700	-0.114027
126750	-0.130764
126800	0.039418
126850	-0.133392
126900	-0.063007
126950	0.045235
127000	0.452665
127050	0.082262
127100	-0.047251
127150	0.090968
127200	0.052868
127250	-0.113350
127300	0.027980
127350	-0.255889
127400	0.038775
127450	-0.008289
127500	-0.142468
127550	0.106852
127600	0.059911
127650	0.186941
127700	-0.153778
127750	-0.016354
127800	0.246217
127850	-0.185756
127900	-0.390883
127950	-0.045533
128000	0.043343
128050	0.231398
128100	0.276951
128150	-0.113464
128200	-0.006052
128250	-0.028970
128300	0.104285
128350	-0.002878
128400	0.165757
128450	-0.036465
128500	0.201659
128550	0.394393
128600	0.342530
128650	0.136711
128700	0.084871
128750	-0.013281
128800	-0.124181
128850	0.117559
128900	0.080154
128950	0.060322
129000	0.039134
129050	0.009587
129100	-0.140578
129150	-0.025723
129200	-0.168893
129250	-0.167549
129300	0.065897
129350	-0.086918
129400	0.170775
129450	0.069124
129500	0.089892
129550	0.189865
129600	0.194284
129650	-0.043552
129700	0.258018
129750	0.204056
129800	-0.072362
129850	-0.079992
129900	-0.043050
129950	0.139854
130000	0.135582
130050	0.025801
130100	-0.196134
130150	0.156424
130200	0.191688
130250	-0.264654
130300	-0.054618
130350	0.161256
130400	0.072378
130450	-0.132141
130500	-0.178213
130550	0.241525
130600	-0.055713
130650	0.037031
130700	0.004901
130750	-0.488464
130800	0.150785
130850	0.077076
130900	-0.042150
130950	-0.153730
131000	0.027322
131050	0.234603
131100	-0.091201
131150	-0.314735
131200	-0.067134
131250	0.015476
131300	0.016750
131350	0.052811
131400	-0.068305
131450	0.228136
131500	-0.010289
131550	0.156849
131600	-0.295469
131650	-0.239545
131700	0.260914
131750	-0.062115
131800	-0.121056
131850	-0.105695
131900	0.184400
131950	0.155113
132000	-0.006227
132050	0.071554
132100	0.053410
132150	0.174668
132200	-0.095881
132250	-0.167653
132300	0.001409
132350	0.135254
132400	0.183755
132450	0.163211
132500	0.097434
132550	-0.089431
132600	-0.043179
132650	-0.125786
132700	-0.119989
132750	-0.100828
132800	-0.033864
132850	0.243439
132900	-0.084515
132950	0.144214
133000	0.056813
133050	-0.199267
133100	0.124744
133150	-0.018647
133200	-0.346458
133250	0.153230
133300	-0.257747
133350	-0.167424
133400	0.163895
133450	0.131773
133500	-0.120628
133550	-0.017622
133600	0.098731
133650	0.239588
133700	0.105705
133750	-0.185597
133800	-0.345408
133850	-0.034628
133900	0.049923
133950	0.004065
134000	0.081563
134050	0.061276
134100	-0.084822
134150	0.179299
134200	0.110962
134250	0.155822
134300	0.318689
134350	0.038136
134400	-0.034603
134450	-0.038682
134500	-0.171932
134550	-0.098809
134600	0.079234
134650	-0.205214
134700	0.234110
134750	0.116527
134800	0.037216
134850	0.081640
134900	-0.027681
134950	0.133937
135000	-0.148022
135050	0.098478
135100	0.020938
135150	-0.018908
135200	0.229604
135250	0.090628
135300	0.033142
135350	-0.115199
135400	-0.308985
135450	0.015831
135500	-0.202339
135550	-0.029398
135600	-0.211174
135650	0.061143
135700	-0.112738
135750	-0.208681
135800	-0.084789
135850	0.073940
135900	-0.076400
135950	0.129758
136000	0.173990
136050	0.279557
136100	0.189949
136150	-0.067839
136200	0.099407
136250	-0.253363
136300	-0.165201
136350	-0.281315
136400	0.123899
136450	-0.189150
136500	-0.269123
136550	0.006819
136600	-0.378527
136650	0.135240
136700	-0.039460
136750	-0.008754
136800	-0.083038
136850	0.415151
136900	-0.007665
136950	0.320447
137000	-0.079300
137050	0.120402
137100	-0.127331
137150	-0.020423
137200	0.327277
137250	0.356322
137300	-0.130780
137350	-0.178065
137400	-0.073827
137450	0.400317
137500	0.226253
137550	0.004825
137600	0.025713
137650	0.063174
137700	-0.199865
137750	0.265829
137800	-0.105856
137850	-0.119913
137900	0.088802
137950	0.079702
138000	0.056650
138050	-0.112364
138100	0.105981
138150	0.213404
138200	-0.068139
138250	0.108218
138300	0.009346
138350	0.107215
138400	-0.022252
138450	-0.101436
138500	0.110866
138550	0.056446
138600	-0.085774
138650	-0.116565
138700	-0.204729
138750	-0.166855
138800	-0.173371
138850	-0.210500
138900	0.074401
138950	-0.065016
139000	0.258063
139050	0.201828
139100	-0.001328
139150	0.261722
139200	-0.179989
139250	0.004954
139300	-0.218545
139350	0.100461
139400	0.047560
139450	-0.121561
139500	-0.110713
139550	-0.051241
139600	-0.083293
139650	0.052531
139700	0.085109
139750	0.092509
139800	0.259899
139850	-0.118442
139900	-0.035568
139950	-0.113527
140000	0.050619
140050	-0.063853
140100	-0.065101
140150	-0.036393
140200	0.054809
140250	-0.101313
140300	0.161184
140350	0.105278
140400	0.327162
140450	0.054349
140500	-0.003394
140550	-0.314574
140600	0.179866
140650	-0.194359
140700	-0.122022
140750	0.099457
140800	0.200125
140850	0.192700
140900	0.058712
140950	0.095466
141000	0.192249
141050	0.284246
141100	0.070788
141150	-0.136059
141200	-0.063144
141250	0.293979
141300	-0.262392
141350	0.039677
141400	0.010085
141450	0.129569
141500	0.044692
141550	0.368677
141600	-0.154681
141650	0.003182
141700	0.156719
141750	-0.012920
141800	-0.053844
141850	0.028236
141900	-0.056479
141950	-0.010662
142000	0.315013
142050	-0.005748
142100	0.113131
142150	-0.203351
142200	0.173512
142250	0.198484
142300	0.148023
142350	0.096610
142400	-0.152318
142450	-0.045166
142500	0.145446
142550	0.032998
142600	-0.099421
142650	0.109254
142700	-0.107823
142750	0.330243
142800	0.089407
142850	0.039862
142900	0.051208
142950	0.080450
143000	0.157787
143050	0.136594
143100	0.080140
143150	-0.271429
143200	-0.241767
143250	0.045733
143300	0.092465
143350	0.108214
143400	0.071147
143450	-0.117888
143500	-0.019186
143550	0.005318
143600	-0.247242
143650	0.223311
143700	0.079084
143750	0.187741
143800	0.207371
143850	-0.041128
143900	0.394272
143950	-0.107392
144000	0.164141
144050	0.232206
144100	0.273350
144150	-0.238904
144200	0.165452
144250	-0.151200
144300	0.244620
144350	0.287130
144400	-0.002195
144450	0.083374
144500	-0.091298
144550	-0.034652
144600	0.110121
144650	0.191145
144700	0.121902
144750	0.134022
144800	-0.008024
144850	-0.034052
144900	0.195498
144950	-0.011793
145000	0.242795
145050	-0.080529
145100	-0.253786
145150	0.048939
145200	-0.261755
145250	-0.028227
145300	0.063213
145350	0.216762
145400	0.031458
145450	0.123897
145500	0.207139
145550	-0.019511
145600	-0.205140
145650	-0.011982
145700	-0.028128
145750	0.081561
145800	0.150563
145850	-0.138318
145900	-0.012696
145950	0.042961
146000	0.113154
146050	-0.344075
146100	0.282796
146150	0.142129
146200	-0.173047
146250	-0.255816
146300	0.011416
146350	-0.076719
146400	0.222483
146450	0.042203
146500	0.152553
146550	-0.080538
146600	0.078640
146650	-0.226669
146700	0.037265
146750	0.267638
146800	0.070011
146850	0.097048
146900	-0.074078
146950	-0.283878
147000	0.063986
147050	-0.121661
147100	0.377368
147150	0.079167
147200	0.061443
147250	0.013149
147300	-0.055964
147350	0.027211
147400	0.076840
147450	0.071636
147500	0.034326
147550	0.114871
147600	0.104341
147650	-0.081574
147700	-0.059195
147750	-0.057107
147800	-0.219667
147850	0.315075
147900	-0.119762
147950	-0.213282
148000	0.091542
148050	0.363775
148100	-0.203880
148150	-0.011650
148200	0.026670
148250	0.272484
148300	0.095997
148350	0.365801
148400	0.011491
148450	-0.009514
148500	-0.109874
148550	-0.208841
148600	-0.138500
148650	0.132593
148700	0.032395
148750	-0.075080
148800	0.192102
148850	-0.089697
148900	-0.113322
148950	0.060319
149000	0.207798
149050	-0.012448
149100	0.216000
149150	0.074698
149200	-0.092213
149250	0.140327
149300	0.068561
149350	-0.133398
149400	-0.126612
149450	-0.038819
149500	-0.001627
149550	0.062470
149600	0.122951
149650	-0.099464
149700	0.011347
149750	-0.113399
149800	0.177438
149850	-0.084502
149900	0.028792
149950	0.165642
150000	-0.238038
150050	-0.199340
150100	0.191518
150150	0.111336
150200	-0.016226
150250	0.158411
150300	-0.014193
150350	0.172897
150400	-0.266301
150450	-0.067983
150500	0.233086
150550	0.010304
150600	0.032456
150650	-0.031500
150700	-0.223854
150750	0.097376
150800	-0.255150
150850	-0.035457
150900	0.500337
150950	0.224417
151000	0.051450
151050	0.115185
151100	-0.120147
151150	0.291962
151200	-0.232618
151250	-0.103748
151300	0.066776
151350	0.008841
151400	0.013678
151450	-0.119851
151500	0.175840
151550	0.004550
151600	0.193962
151650	-0.443676
151700	-0.045339
151750	0.112731
151800	0.107703
151850	-0.022589
151900	0.140124
151950	0.095512
152000	0.383368
152050	0.182213
152100	-0.127164
152150	0.049165
152200	0.224514
152250	0.029833
152300	-0.115357
152350	0.084805
152400	-0.069130
152450	0.052309
152500	0.361067
152550	0.131841
152600	0.085481
152650	0.078777
152700	0.040880
152750	0.084911
152800	0.235103
152850	0.011291
152900	0.011476
152950	0.135725
153000	0.035924
153050	-0.252719
153100	0.321194
153150	-0.077157
153200	0.120384
153250	-0.259573
153300	0.119470
153350	-0.297116
153400	-0.158626
153450	0.106938
153500	-0.208168
153550	0.050863
153600	-0.056700
153650	-0.014560
153700	0.007852
153750	0.127640
153800	0.067220
153850	-0.105387
153900	-0.067855
153950	0.080366
154000	-0.051970
154050	0.051784
154100	0.080273
154150	0.025813
154200	-0.051598
154250	-0.040304
154300	-0.075402
154350	0.145002
154400	-0.162600
154450	-0.058436
154500	-0.017356
154550	0.293277
154600	0.068524
154650	-0.061907
154700	0.032537
154750	-0.338380
154800	-0.038606
154850	0.068691
154900	-0.286124
154950	0.044285
155000	0.292380
155050	0.094373
155100	0.096265
155150	0.004796
155200	-0.098324
155250	0.254077
155300	0.002217
155350	-0.063769
155400	-0.193118
155450	-0.120225
155500	-0.105838
155550	0.090620
155600	-0.010885
155650	0.046770
155700	-0.216049
155750	-0.288777
155800	-0.006460
155850	0.189827
155900	-0.182387
155950	-0.057642
156000	0.018075
156050	-0.277745
156100	-0.113864
156150	0.067186
156200	-0.239964
156250	0.484726
156300	0.012999
156350	0.006032
156400	-0.156943
156450	0.011730
156500	0.079722
156550	0.053595
156600	0.201462
156650	0.180322
156700	-0.184603
156750	-0.553217
156800	0.164055
156850	-0.099613
156900	0.057049
156950	0.160439
157000	-0.112701
157050	-0.027231
157100	0.011140
157150	-0.017172
157200	0.091502
157250	-0.189776
157300	0.242165
157350	-0.138689
157400	-0.119668
157450	0.048243
157500	-0.049775
157550	-0.175798
157600	0.012363
157650	-0.111251
157700	-0.040202
157750	0.005196
157800	0.090391
157850	-0.225880
157900	-0.040927
157950	0.192007
158000	0.448624
158050	0.152515
158100	-0.123953
158150	0.252211
158200	-0.547888
158250	-0.073758
158300	0.068064
158350	0.130910
158400	-0.016640
158450	-0.079639
158500	0.318993
158550	-0.081473
158600	-0.115999
158650	-0.151229
158700	0.006007
158750	0.205543
158800	0.306634
158850	0.005495
158900	0.134649
158950	-0.020447
159000	0.121808
159050	-0.253906
159100	0.084219
159150	-0.011016
159200	-0.084133
159250	-0.208410
159300	0.025489
159350	-0.033334
159400	0.011450
159450	0.060224
159500	0.301973
159550	-0.362098
159600	0.218173
159650	0.075054
159700	-0.225954
159750	-0.138228
159800	0.342875
159850	0.086443
159900	-0.143668
159950	-0.099076
160000	0.033496
160050	-0.046925
160100	0.117655
160150	-0.016016
160200	0.175580
160250	-0.049793
160300	-0.164865
160350	0.154548
160400	0.060968
160450	-0.206276
160500	-0.086333
160550	0.334422
160600	0.210608
160650	-0.141735
160700	0.221497
160750	-0.062375
160800	0.280896
160850	0.277127
160900	-0.187313
160950	0.114198
161000	-0.007438
161050	0.002330
161100	-0.191205
161150	0.213304
161200	0.144323
161250	-0.163635
161300	-0.028811
161350	0.225429
161400	-0.182038
161450	-0.052777
161500	-0.170707
161550	0.148479
161600	0.029558
161650	0.116020
161700	-0.034407
161750	-0.110134
161800	0.020538
161850	0.146757
161900	-0.060744
161950	-0.281681
162000	-0.150708
162050	-0.205601
162100	-0.028701
162150	-0.071885
162200	0.271242
162250	-0.158106
162300	0.248157
162350	0.120238
162400	0.040519
162450	-0.170709
162500	-0.256459
162550	-0.289655
162600	0.073874
162650	-0.218664
162700	-0.149211
162750	0.194590
162800	-0.212581
162850	-0.072609
162900	0.235443
162950	0.457520
163000	-0.019230
163050	-0.202060
163100	0.136507
163150	0.244241
163200	-0.028643
163250	-0.005086
163300	0.056334
163350	0.006975
163400	-0.026906
163450	-0.153638
163500	0.143767
163550	-0.147109
163600	-0.056835
163650	0.071851
163700	-0.146900
163750	0.413134
163800	0.070073
163850	-0.128987
163900	0.053793
163950	-0.026447
164000	-0.034177
164050	0.035627
164100	-0.052429
164150	0.063261
164200	-0.068821
164250	-0.116450
164300	0.089889
164350	-0.043869
164400	0.430243
164450	-0.137603
164500	0.011109
164550	0.237111
164600	0.131742
164650	0.030232
164700	0.098534
164750	0.177980
164800	-0.053111
164850	0.101853
164900	0.107911
164950	-0.185113
165000	0.217102
165050	-0.206099
165100	0.203868
165150	-0.105821
165200	-0.225431
165250	0.129672
165300	-0.227867
165350	0.007210
165400	0.134654
165450	-0.036478
165500	0.136285
165550	0.118174
165600	0.074334
165650	0.115621
165700	0.147667
165750	0.097886
165800	-0.016859
165850	0.117906
165900	-0.097436
165950	0.040350
166000	-0.019203
166050	-0.002928
166100	0.068402
166150	-0.135802
166200	0.066733
166250	0.216936
166300	0.209796
166350	0.121375
166400	0.079083
166450	0.106924
166500	-0.208010
166550	-0.035035
166600	-0.048174
166650	-0.155984
166700	0.121267
166750	0.121089
166800	-0.089652
166850	0.114064
166900	0.264310
166950	0.114363
167000	-0.292122
167050	-0.023662
167100	0.034266
167150	-0.229215
167200	0.179805
167250	-0.310060
167300	0.281237
167350	0.009839
167400	0.068644
167450	0.322360
167500	-0.130132
167550	0.208849
167600	-0.059149
167650	-0.013555
167700	0.005778
167750	0.015345
167800	0.068363
167850	0.259064
167900	-0.037180
167950	-0.116822
168000	-0.185175
168050	0.206344
168100	-0.153906
168150	0.079245
168200	0.080826
168250	0.047229
168300	0.048137
168350	-0.316330
168400	-0.093815
168450	-0.153463
168500	-0.305739
168550	-0.400434
168600	0.137584
168650	-0.154029
168700	-0.174313
168750	-0.272196
168800	-0.127741
168850	0.026466
168900	-0.059154
168950	0.123898
169000	-0.100882
169050	0.064409
169100	-0.011199
169150	0.114968
169200	0.060310
169250	-0.099042
169300	0.191582
169350	0.073521
169400	-0.095104
169450	-0.102440
169500	-0.011612
169550	-0.023236
169600	-0.191281
169650	-0.085354
169700	0.067000
169750	-0.076405
169800	-0.009393
169850	-0.018220
169900	-0.218778
169950	-0.048244
170000	0.048326
170050	-0.213152
170100	0.138990
170150	-0.059583
170200	0.259528
170250	0.046997
170300	-0.028233
170350	-0.096665
170400	-0.284620
170450	0.036248
170500	-0.001740
170550	-0.100704
170600	-0.086281
170650	-0.039113
170700	0.129939
170750	-0.075360
170800	0.108445
170850	0.173531
170900	-0.046465
170950	0.103171
171000	0.428858
171050	0.114935
171100	0.189979
171150	0.023610
171200	0.182262
171250	0.056166
171300	-0.072496
171350	0.073983
171400	-0.322656
171450	-0.374586
171500	0.204758
171550	-0.121564
171600	0.137717
171650	-0.029872
171700	0.433919
171750	0.055132
171800	-0.036547
171850	-0.076919
171900	0.076095
171950	-0.148703
172000	0.322499
172050	0.187301
172100	-0.360659
172150	0.201232
172200	0.136944
172250	-0.125658
172300	-0.131121
172350	0.050926
172400	0.065050
172450	0.118239
172500	0.137856
172550	-0.231297
172600	-0.147220
172650	0.101786
172700	0.266876
172750	0.063159
172800	0.002960
172850	-0.153772
172900	-0.098514
172950	-0.168040
173000	0.131264
173050	-0.169290
173100	0.065165
173150	0.241611
173200	-0.084106
173250	0.217463
173300	-0.103310
173350	0.383328
173400	0.239328
173450	-0.156891
173500	-0.094886
173550	0.064968
173600	0.082770
173650	-0.116923
173700	0.118544
173750	0.466748
173800	0.296013
173850	0.169920
173900	-0.170349
173950	0.106805
174000	0.154348
174050	0.109754
174100	0.060813
174150	-0.090637
174200	-0.261746
174250	-0.023367
174300	-0.080392
174350	0.178927
174400	0.218537
174450	-0.042402
174500	-0.032957
174550	0.056361
174600	-0.051830
174650	0.138516
174700	0.009569
174750	-0.056382
174800	-0.217906
174850	0.184093
174900	-0.028531
174950	0.004751
175000	-0.081302
175050	-0.045092
175100	0.073583
175150	0.257572
175200	0.133196
175250	0.171156
175300	-0.283838
175350	-0.023801
175400	-0.040425
175450	-0.078401
175500	0.006415
175550	0.029972
175600	-0.150990
175650	0.039182
175700	-0.018293
175750	0.030416
175800	-0.150611
175850	-0.284925
175900	-0.199243
175950	0.025010
176000	-0.133436
176050	-0.115895
176100	0.075518
176150	0.258306
176200	0.114183
176250	0.163063
176300	-0.021242
176350	0.136662
176400	0.026498
176450	-0.190485
176500	0.304345
176550	0.252688
176600	-0.197235
176650	0.006277
176700	-0.072334
176750	-0.161825
176800	0.191461
176850	-0.046585
176900	-0.169582
176950	0.116966
177000	-0.286683
177050	0.034846
177100	-0.222320
177150	-0.348190
177200	-0.243551
177250	-0.084125
177300	-0.351451
177350	-0.352898
177400	0.052098
177450	-0.252330
177500	-0.132451
177550	0.387355
177600	-0.040181
177650	-0.342249
177700	-0.012834
177750	-0.015869
177800	-0.246102
177850	-0.163002
177900	0.075051
177950	-0.153929
178000	-0.206136
178050	0.194602
178100	0.077461
178150	0.161210
178200	0.066288
178250	-0.083642
178300	0.025897
178350	-0.194257
178400	0.036970
178450	-0.118100
178500	-0.133544
178550	-0.251715
178600	-0.147061
178650	0.070893
178700	0.102281
178750	0.105359
178800	-0.018546
178850	0.160801
178900	-0.164217
178950	0.052906
179000	-0.193003
179050	0.131424
179100	-0.269292
179150	0.051378
179200	-0.146691
179250	0.190219
179300	-0.172279
179350	-0.241127
179400	-0.009768
179450	0.002046
179500	0.143599
179550	0.018195
179600	-0.055339
179650	0.332663
179700	-0.234815
179750	0.066027
179800	0.225316
179850	-0.030588
179900	-0.387081
179950	-0.116258
180000	-0.037144
180050	0.006917
180100	0.168219
180150	-0.056021
180200	0.055846
180250	-0.048003
180300	0.210753
180350	0.098371
180400	-0.030478
180450	0.045527
180500	-0.014434
180550	0.186415
180600	-0.311425
180650	0.156568
180700	-0.099093
180750	-0.098729
180800	-0.054227
180850	0.162725
180900	0.056536
180950	-0.225155
181000	-0.053354
181050	-0.042054
181100	0.223654
181150	0.001085
181200	-0.189370
181250	0.060760
181300	0.159984
181350	-0.468718
181400	0.092737
181450	0.074207
181500	0.063580
181550	-0.052210
181600	-0.108420
181650	-0.217838
181700	0.206106
181750	-0.319064
181800	-0.100118
181850	-0.124596
181900	-0.001225
181950	-0.031356
182000	-0.104769
182050	0.034413
182100	0.139934
182150	-0.040385
182200	0.226099
182250	-0.110911
182300	-0.143556
182350	-0.194618
182400	0.081518
182450	-0.087937
182500	-0.025265
182550	-0.197275
182600	0.047336
182650	-0.311068
182700	0.033963
182750	-0.039778
182800	-0.010889
182850	-0.070438
182900	-0.238481
182950	-0.133028
183000	-0.185947
183050	-0.312496
183100	0.064606
183150	-0.220260
183200	-0.038195
183250	-0.237631
183300	-0.249437
183350	0.034076
183400	0.046807
183450	-0.054281
183500	-0.038768
183550	0.246848
183600	0.096039
183650	-0.341914
183700	-0.318176
183750	-0.152549
183800	0.079462
183850	-0.011988
183900	0.091269
183950	0.020727
184000	0.034022
184050	0.217317
184100	-0.073060
184150	-0.044390
184200	0.090952
184250	-0.095091
184300	0.063602
184350	0.128328
184400	0.076482
184450	-0.047604
184500	-0.072623
184550	-0.179561
184600	-0.058360
184650	0.210736
184700	0.046166
184750	-0.253638
184800	-0.014598
184850	0.021873
184900	-0.207305
184950	0.031042
185000	0.059479
185050	-0.129322
185100	-0.247031
185150	0.061996
185200	0.042982
185250	-0.102146
185300	0.135483
185350	0.196669
185400	-0.042332
185450	0.118985
185500	0.093860
185550	0.089738
185600	-0.070874
185650	0.235587
185700	0.058402
185750	-0.052196
185800	-0.005786
185850	-0.255499
185900	-0.069449
185950	0.251521
186000	0.030098
186050	0.024387
186100	0.036279
186150	0.022954
186200	-0.095838
186250	0.488381
186300	-0.162938
186350	-0.159122
186400	0.047266
186450	-0.157233
186500	0.214882
186550	0.283905
186600	0.016230
186650	-0.257634
186700	-0.144436
186750	0.046174
186800	0.240637
186850	0.061826
186900	0.220318
186950	0.176196
187000	0.085452
187050	0.047766
187100	-0.072685
187150	-0.064625
187200	-0.263925
187250	0.097615
187300	0.173467
187350	-0.110162
187400	0.091940
187450	0.047271
187500	-0.233449
187550	0.272435
187600	-0.069371
187650	0.039780
187700	-0.135734
187750	-0.075102
187800	0.091384
187850	-0.131053
187900	-0.021699
187950	-0.143419
188000	0.163006
188050	-0.164668
188100	-0.064674
188150	0.037367
188200	0.073592
188250	-0.063892
188300	0.048320
188350	0.108870
188400	0.048212
188450	0.102828
188500	-0.080563
188550	0.204555
188600	-0.081003
188650	-0.041670
188700	-0.070214
188750	0.179623
188800	-0.364302
188850	0.153658
188900	-0.167716
188950	0.037622
189000	-0.155058
189050	-0.033952
189100	0.112230
189150	-0.163795
189200	0.302195
189250	0.028219
189300	-0.070192
189350	-0.009734
189400	-0.028714
189450	0.003829
189500	0.257862
189550	0.056276
189600	0.303322
189650	-0.369130
189700	0.094570
189750	-0.071731
189800	0.076401
189850	0.062861
189900	0.192901
189950	0.177533
190000	0.140276
190050	-0.036171
190100	0.112991
190150	-0.193855
190200	0.177785
190250	-0.103750
190300	-0.067262
190350	-0.147196
190400	-0.104636
190450	-0.030605
190500	-0.220167
190550	-0.019200
190600	-0.234701
190650	-0.051264
190700	0.122009
190750	0.074095
190800	0.060716
190850	0.089233
190900	0.262183
190950	0.034464
191000	-0.068834
191050	-0.084282
191100	0.163470
191150	0.140727
191200	-0.039203
191250	0.190870
191300	0.190562
191350	0.326929
191400	-0.102875
191450	0.152666
191500	-0.184599
191550	0.008506
191600	0.068058
191650	0.044771
191700	-0.041892
191750	0.550170
191800	-0.216301
191850	-0.167609
191900	-0.078231
191950	0.152306
192000	-0.151497
192050	0.160999
192100	0.263377
192150	0.179031
192200	0.248379
192250	0.527996
192300	-0.115021
192350	-0.233529
192400	-0.017489
192450	-0.090322
192500	-0.132576
192550	-0.082183
192600	-0.008143
192650	-0.300843
192700	-0.056010
192750	-0.174988
192800	-0.013128
192850	-0.123434
192900	0.214661
192950	0.101064
193000	-0.067726
193050	-0.024766
193100	-0.229769
193150	-0.244782
193200	-0.206886
193250	-0.026721
193300	-0.075094
193350	0.067828
193400	-0.321031
193450	0.121124
193500	0.039115
193550	-0.015908
193600	0.013360
193650	0.052718
193700	0.120071
193750	-0.121493
193800	-0.330678
193850	-0.042162
193900	-0.104067
193950	0.029656
194000	-0.120167
194050	0.109157
194100	0.082864
194150	0.095402
194200	0.157710
194250	-0.276987
194300	-0.064687
194350	0.085276
194400	0.238043
194450	-0.186162
194500	-0.089101
194550	0.013530
194600	0.144771
194650	0.178051
194700	0.160838
194750	0.046310
194800	0.010926
194850	0.059486
194900	-0.161486
194950	-0.281367
195000	-0.264295
195050	0.048550
195100	-0.079555
195150	-0.108576
195200	-0.150421
195250	0.098279
195300	0.019723
195350	-0.020015
195400	-0.002832
195450	-0.233570
195500	0.006681
195550	-0.128692
195600	0.130428
195650	-0.288311
195700	-0.034121
195750	0.109008
195800	-0.181070
195850	-0.198887
195900	-0.277785
195950	0.041387
196000	0.023188
196050	-0.096998
196100	0.176128
196150	-0.194626
196200	0.002832
196250	0.294156
196300	0.004532
196350	-0.230912
196400	0.113517
196450	0.171697
196500	-0.002888
196550	0.014589
196600	0.049162
196650	0.164602
196700	0.034100
196750	0.164595
196800	-0.015031
196850	-0.210235
196900	0.061175
196950	-0.022274
197000	0.307157
197050	-0.121708
197100	0.019187
197150	0.043101
197200	0.037583
197250	0.149502
197300	-0.024817
197350	-0.007515
197400	-0.179747
197450	-0.140069
197500	0.170467
197550	-0.152393
197600	0.102216
197650	-0.176079
197700	0.264716
197750	-0.179781
197800	-0.249762
197850	-0.098279
197900	0.197399
197950	-0.076300
198000	0.229472
198050	-0.189716
198100	-0.170652
198150	0.189599
198200	0.174564
198250	0.308082
198300	-0.007548
198350	0.101893
198400	-0.117505
198450	-0.092715
198500	0.078119
198550	0.010772
198600	-0.211758
198650	0.243262
198700	-0.086445
198750	-0.054970
198800	-0.053746
198850	0.076449
198900	0.169092
198950	-0.016883
199000	0.137018
199050	0.033598
199100	0.068247
199150	-0.157564
199200	-0.135091
199250	-0.269312
199300	0.360777
199350	-0.121110
199400	0.056533
199450	-0.200280
199500	0.157221
199550	-0.135609
199600	-0.126408
199650	0.087183
199700	0.047428
199750	-0.276266
199800	0.284299
199850	0.003919
199900	-0.101928
199950	0.063954
