# Time-averaged data for fix rgnetA
# TimeStep c_gyrA
10000 31.3166
20000 31.3282
30000 31.3263
40000 31.3324
50000 31.3349
60000 31.336
70000 31.344
80000 31.3497
90000 31.3589
100000 31.3687
110000 31.3772
120000 31.3809
130000 31.3869
140000 31.393
150000 31.3977
160000 31.3987
170000 31.3983
180000 31.399
190000 31.4006
200000 31.4016
210000 31.4002
220000 31.3981
230000 31.3945
240000 31.3918
250000 31.389
260000 31.385
270000 31.3806
280000 31.3769
290000 31.3744
300000 31.3739
310000 31.3743
320000 31.3729
330000 31.3709
340000 31.3686
350000 31.3667
360000 31.3647
370000 31.3639
380000 31.3619
390000 31.3611
400000 31.3607
410000 31.3602
420000 31.3592
430000 31.3577
440000 31.3569
450000 31.3554
460000 31.3532
470000 31.3512
480000 31.3506
490000 31.3508
500000 31.3501
510000 31.3496
520000 31.349
530000 31.3492
540000 31.3497
550000 31.3501
560000 31.3508
570000 31.351
580000 31.3515
590000 31.3521
600000 31.3534
610000 31.3542
620000 31.355
630000 31.357
640000 31.3585
650000 31.3604
660000 31.3621
670000 31.3642
680000 31.3676
690000 31.372
700000 31.3766
710000 31.3804
720000 31.3848
730000 31.3887
740000 31.3918
750000 31.3952
760000 31.3982
770000 31.4014
780000 31.4043
790000 31.407
800000 31.4095
810000 31.4116
820000 31.4137
830000 31.4161
840000 31.4185
850000 31.4207
860000 31.4228
870000 31.425
880000 31.4267
890000 31.4284
900000 31.4304
910000 31.4331
920000 31.4357
930000 31.4385
940000 31.4415
950000 31.4442
960000 31.4468
970000 31.4495
980000 31.4523
990000 31.4548
1000000 31.457
1010000 31.4595
1020000 31.4621
1030000 31.4646
1040000 31.4672
1050000 31.4698
1060000 31.472
1070000 31.474
1080000 31.4757
1090000 31.4776
1100000 31.4796
1110000 31.482
1120000 31.4847
1130000 31.4873
1140000 31.4898
1150000 31.4924
1160000 31.495
1170000 31.498
1180000 31.5011
1190000 31.5043
1200000 31.5076
1210000 31.5107
1220000 31.5136
1230000 31.5167
1240000 31.5196
1250000 31.5222
1260000 31.5246
1270000 31.5273
1280000 31.5305
1290000 31.5336
1300000 31.5368
1310000 31.5403
1320000 31.5442
1330000 31.5479
1340000 31.5517
1350000 31.5552
1360000 31.5589
1370000 31.5627
1380000 31.5665
1390000 31.5706
1400000 31.5747
1410000 31.5793
1420000 31.5839
1430000 31.5885
1440000 31.5929
1450000 31.5972
1460000 31.6013
1470000 31.6054
1480000 31.6098
1490000 31.614
1500000 31.618
1510000 31.6214
1520000 31.6249
1530000 31.6284
1540000 31.632
1550000 31.6356
1560000 31.6391
1570000 31.6429
1580000 31.6464
1590000 31.65
1600000 31.6536
1610000 31.6573
1620000 31.6606
1630000 31.664
1640000 31.6675
1650000 31.6711
1660000 31.6745
1670000 31.678
1680000 31.6814
1690000 31.6848
1700000 31.6881
1710000 31.6913
1720000 31.6947
1730000 31.6978
1740000 31.7007
1750000 31.704
1760000 31.7069
1770000 31.7099
1780000 31.7126
1790000 31.7154
1800000 31.718
1810000 31.7202
1820000 31.722
1830000 31.724
1840000 31.7259
1850000 31.7279
1860000 31.7298
1870000 31.7319
1880000 31.734
1890000 31.7362
1900000 31.7388
1910000 31.7415
1920000 31.7437
1930000 31.7457
1940000 31.7479
1950000 31.75
1960000 31.7522
1970000 31.7544
1980000 31.7567
1990000 31.7589
2000000 31.7611
2010000 31.7629
2020000 31.7651
2030000 31.7675
2040000 31.7699
2050000 31.7723
2060000 31.7747
2070000 31.7772
2080000 31.7798
2090000 31.7824
2100000 31.7851
2110000 31.7878
2120000 31.7905
2130000 31.7932
2140000 31.7962
2150000 31.7992
2160000 31.8024
2170000 31.8055
2180000 31.8086
2190000 31.8118
2200000 31.8153
2210000 31.8188
2220000 31.8221
2230000 31.8254
2240000 31.8289
2250000 31.8323
2260000 31.8359
2270000 31.8395
2280000 31.843
2290000 31.8466
2300000 31.8498
2310000 31.8531
2320000 31.8564
2330000 31.8593
2340000 31.8621
2350000 31.865
2360000 31.8678
2370000 31.8705
2380000 31.8733
2390000 31.8762
2400000 31.8791
2410000 31.8818
2420000 31.8844
2430000 31.8872
2440000 31.89
2450000 31.8928
2460000 31.8955
2470000 31.8981
2480000 31.9006
2490000 31.9032
2500000 31.9057
2510000 31.9083
2520000 31.9107
2530000 31.9131
2540000 31.9155
2550000 31.9181
2560000 31.9208
2570000 31.9236
2580000 31.9265
2590000 31.9293
2600000 31.9321
2610000 31.9347
2620000 31.9372
2630000 31.9396
2640000 31.942
2650000 31.9444
2660000 31.9468
2670000 31.9491
2680000 31.9516
2690000 31.954
2700000 31.9565
2710000 31.9587
2720000 31.9611
2730000 31.9634
2740000 31.9655
2750000 31.9674
2760000 31.9692
2770000 31.9712
2780000 31.9733
2790000 31.9753
2800000 31.9774
2810000 31.9796
2820000 31.9818
2830000 31.9843
2840000 31.9871
2850000 31.9897
2860000 31.9924
2870000 31.9952
2880000 31.998
2890000 32.0006
2900000 32.0032
2910000 32.0056
2920000 32.0081
2930000 32.0107
2940000 32.0133
2950000 32.0159
2960000 32.0185
2970000 32.0211
2980000 32.0237
2990000 32.0263
3000000 32.0287
3010000 32.031
3020000 32.0332
3030000 32.0353
3040000 32.0373
3050000 32.0393
3060000 32.0414
3070000 32.0436
3080000 32.0458
3090000 32.0481
3100000 32.0504
3110000 32.0527
3120000 32.055
3130000 32.0574
3140000 32.0598
3150000 32.0622
3160000 32.0646
3170000 32.067
3180000 32.0695
3190000 32.0718
3200000 32.0741
3210000 32.0763
3220000 32.0784
3230000 32.0806
3240000 32.0827
3250000 32.0848
3260000 32.0868
3270000 32.0891
3280000 32.0912
3290000 32.0934
3300000 32.0956
3310000 32.0978
3320000 32.1002
3330000 32.1027
3340000 32.1054
3350000 32.1078
3360000 32.1103
3370000 32.1128
3380000 32.1153
3390000 32.1176
3400000 32.12
3410000 32.1225
3420000 32.1252
3430000 32.128
3440000 32.1307
3450000 32.1334
3460000 32.1358
3470000 32.1383
3480000 32.1407
3490000 32.143
3500000 32.1454
3510000 32.1478
3520000 32.1501
3530000 32.1526
3540000 32.1551
3550000 32.1576
3560000 32.1602
3570000 32.1627
3580000 32.1652
3590000 32.1677
3600000 32.1703
3610000 32.1728
3620000 32.1753
3630000 32.1778
3640000 32.1803
3650000 32.1827
3660000 32.1851
3670000 32.1874
3680000 32.1897
3690000 32.1918
3700000 32.194
3710000 32.1964
3720000 32.1987
3730000 32.201
3740000 32.2034
3750000 32.2058
3760000 32.2084
3770000 32.2109
3780000 32.2136
3790000 32.2164
3800000 32.219
3810000 32.2216
3820000 32.2244
3830000 32.2272
3840000 32.23
3850000 32.2326
3860000 32.2353
3870000 32.2379
3880000 32.2406
3890000 32.2433
3900000 32.246
3910000 32.2488
3920000 32.2516
3930000 32.2546
3940000 32.2574
3950000 32.2602
3960000 32.2629
3970000 32.2656
3980000 32.2685
3990000 32.2715
4000000 32.2745
4010000 32.2775
4020000 32.2804
4030000 32.2834
4040000 32.2864
4050000 32.2894
4060000 32.2925
4070000 32.2954
4080000 32.2983
4090000 32.3012
4100000 32.3041
4110000 32.3069
4120000 32.3098
4130000 32.3125
4140000 32.3151
4150000 32.3177
4160000 32.3202
4170000 32.3226
4180000 32.325
4190000 32.3273
4200000 32.3297
4210000 32.3321
4220000 32.3347
4230000 32.3372
4240000 32.34
4250000 32.3427
4260000 32.3452
4270000 32.3478
4280000 32.3505
4290000 32.3532
4300000 32.356
4310000 32.3586
4320000 32.361
4330000 32.3633
4340000 32.3657
4350000 32.368
4360000 32.3703
4370000 32.3726
4380000 32.375
4390000 32.3774
4400000 32.3799
4410000 32.3824
4420000 32.3848
4430000 32.3873
4440000 32.3898
4450000 32.3924
4460000 32.3951
4470000 32.3978
4480000 32.4005
4490000 32.4031
4500000 32.4057
4510000 32.4082
4520000 32.4107
4530000 32.4133
4540000 32.4159
4550000 32.4184
4560000 32.421
4570000 32.4235
4580000 32.426
4590000 32.4285
4600000 32.431
4610000 32.4337
4620000 32.4363
4630000 32.4389
4640000 32.4415
4650000 32.444
4660000 32.4465
4670000 32.449
4680000 32.4515
4690000 32.454
4700000 32.4565
4710000 32.4591
4720000 32.4616
4730000 32.4641
4740000 32.4668
4750000 32.4694
4760000 32.4721
4770000 32.4746
4780000 32.4771
4790000 32.4795
4800000 32.4819
4810000 32.4843
4820000 32.4867
4830000 32.4891
4840000 32.4915
4850000 32.4938
4860000 32.4961
4870000 32.4984
4880000 32.5008
4890000 32.5033
4900000 32.5058
4910000 32.5084
4920000 32.5111
4930000 32.5137
4940000 32.5163
4950000 32.5188
4960000 32.5214
4970000 32.524
4980000 32.5265
4990000 32.5289
5000000 32.5314
5010000 32.5339
5020000 32.5365
5030000 32.539
5040000 32.5416
5050000 32.5441
5060000 32.5467
5070000 32.5491
5080000 32.5515
5090000 32.5539
5100000 32.5563
5110000 32.5588
5120000 32.5614
5130000 32.5641
5140000 32.5666
5150000 32.5692
5160000 32.5718
5170000 32.5745
5180000 32.5773
5190000 32.5801
5200000 32.5829
5210000 32.5858
5220000 32.5887
5230000 32.5915
5240000 32.5943
5250000 32.5972
5260000 32.6001
5270000 32.6031
5280000 32.606
5290000 32.6089
5300000 32.6117
5310000 32.6145
5320000 32.6174
5330000 32.6201
5340000 32.6228
5350000 32.6253
5360000 32.6279
5370000 32.6304
5380000 32.6329
5390000 32.6354
5400000 32.638
5410000 32.6406
5420000 32.6433
5430000 32.646
5440000 32.6487
5450000 32.6513
5460000 32.6539
5470000 32.6566
5480000 32.6592
5490000 32.662
5500000 32.6648
5510000 32.6677
5520000 32.6706
5530000 32.6735
5540000 32.6763
5550000 32.679
5560000 32.6815
5570000 32.6841
5580000 32.6868
5590000 32.6896
5600000 32.6923
5610000 32.695
5620000 32.6979
5630000 32.7007
5640000 32.7034
5650000 32.7062
5660000 32.709
5670000 32.7119
5680000 32.7147
5690000 32.7176
5700000 32.7202
5710000 32.7229
5720000 32.7255
5730000 32.7282
5740000 32.731
5750000 32.7337
5760000 32.7364
5770000 32.739
5780000 32.7416
5790000 32.7442
5800000 32.7468
5810000 32.7495
5820000 32.7522
5830000 32.7549
5840000 32.7575
5850000 32.76
5860000 32.7625
5870000 32.765
5880000 32.7676
5890000 32.7702
5900000 32.7728
5910000 32.7754
5920000 32.7781
5930000 32.7806
5940000 32.7831
5950000 32.7855
5960000 32.7879
5970000 32.7901
5980000 32.7924
5990000 32.7946
6000000 32.7967
