# Time-averaged data for fix rgnetA
# TimeStep c_gyrA
10000 32.7864
20000 32.7952
30000 32.8018
40000 32.8098
50000 32.8159
60000 32.8187
70000 32.8223
80000 32.8314
90000 32.8415
100000 32.8544
110000 32.8665
120000 32.8764
130000 32.8854
140000 32.8935
150000 32.9013
160000 32.9083
170000 32.9128
180000 32.915
190000 32.9184
200000 32.9221
210000 32.9281
220000 32.9325
230000 32.9376
240000 32.9431
250000 32.9489
260000 32.9539
270000 32.958
280000 32.9608
290000 32.9633
300000 32.9645
310000 32.9669
320000 32.9686
330000 32.9685
340000 32.9682
350000 32.967
360000 32.966
370000 32.9659
380000 32.9651
390000 32.9641
400000 32.9636
410000 32.9633
420000 32.9626
430000 32.9618
440000 32.9601
450000 32.9586
460000 32.9589
470000 32.959
480000 32.9597
490000 32.9608
500000 32.9614
510000 32.9623
520000 32.9638
530000 32.9655
540000 32.9672
550000 32.9692
560000 32.9709
570000 32.9722
580000 32.9733
590000 32.9735
600000 32.9729
610000 32.9724
620000 32.9722
630000 32.9722
640000 32.9721
650000 32.9725
660000 32.9729
670000 32.9736
680000 32.9749
690000 32.9768
700000 32.9786
710000 32.9806
720000 32.9831
730000 32.9852
740000 32.9881
750000 32.9912
760000 32.9942
770000 32.9969
780000 32.9998
790000 33.0021
800000 33.0051
810000 33.0092
820000 33.014
830000 33.0183
840000 33.0217
850000 33.0253
860000 33.0291
870000 33.0326
880000 33.0363
890000 33.0393
900000 33.042
910000 33.045
920000 33.0482
930000 33.0515
940000 33.0548
950000 33.0585
960000 33.0618
970000 33.0654
980000 33.0692
990000 33.0729
1000000 33.0762
1010000 33.0798
1020000 33.084
1030000 33.0883
1040000 33.0923
1050000 33.0957
1060000 33.099
1070000 33.1021
1080000 33.1051
1090000 33.1081
1100000 33.1112
1110000 33.1148
1120000 33.1186
1130000 33.1222
1140000 33.1261
1150000 33.1301
1160000 33.1342
1170000 33.1387
1180000 33.1428
1190000 33.1466
1200000 33.1499
1210000 33.1527
1220000 33.156
1230000 33.1594
1240000 33.1629
1250000 33.1657
1260000 33.169
1270000 33.1724
1280000 33.1758
1290000 33.1794
1300000 33.183
1310000 33.1863
1320000 33.1892
1330000 33.1924
1340000 33.1958
1350000 33.1991
1360000 33.2021
1370000 33.2054
1380000 33.2087
1390000 33.2117
1400000 33.2145
1410000 33.2175
1420000 33.2206
1430000 33.2237
1440000 33.2269
1450000 33.2305
1460000 33.2343
1470000 33.2379
1480000 33.2413
1490000 33.2443
1500000 33.2472
1510000 33.2498
1520000 33.2523
1530000 33.2545
1540000 33.2566
1550000 33.2587
1560000 33.2608
1570000 33.2627
1580000 33.2645
1590000 33.2662
1600000 33.2682
1610000 33.27
1620000 33.2717
1630000 33.2732
1640000 33.275
1650000 33.277
1660000 33.2788
1670000 33.2805
1680000 33.2821
1690000 33.2835
1700000 33.2848
1710000 33.286
1720000 33.2872
1730000 33.2881
1740000 33.2888
1750000 33.2896
1760000 33.2905
1770000 33.2912
1780000 33.2919
1790000 33.2929
1800000 33.2939
1810000 33.2952
1820000 33.2965
1830000 33.2979
1840000 33.2994
1850000 33.3011
1860000 33.3025
1870000 33.3039
1880000 33.3052
1890000 33.3066
1900000 33.308
1910000 33.3096
1920000 33.3112
1930000 33.3128
1940000 33.3144
1950000 33.3159
1960000 33.3174
1970000 33.3187
1980000 33.3202
1990000 33.322
2000000 33.3239
2010000 33.3256
2020000 33.3273
2030000 33.3285
2040000 33.3299
2050000 33.3317
2060000 33.3333
2070000 33.335
2080000 33.3365
2090000 33.3378
2100000 33.3391
2110000 33.3406
2120000 33.3422
2130000 33.3441
2140000 33.346
2150000 33.348
2160000 33.3502
2170000 33.3521
2180000 33.3542
2190000 33.3564
2200000 33.3587
2210000 33.3612
2220000 33.3638
2230000 33.3662
2240000 33.3687
2250000 33.3711
2260000 33.3736
2270000 33.3763
2280000 33.3789
2290000 33.3814
2300000 33.3838
2310000 33.3861
2320000 33.3884
2330000 33.3906
2340000 33.3929
2350000 33.3951
2360000 33.3974
2370000 33.3999
2380000 33.4023
2390000 33.4044
2400000 33.4062
2410000 33.4079
2420000 33.4097
2430000 33.4113
2440000 33.413
2450000 33.4147
2460000 33.4165
2470000 33.4185
2480000 33.4204
2490000 33.4224
2500000 33.4246
2510000 33.4268
2520000 33.4289
2530000 33.431
2540000 33.4329
2550000 33.4347
2560000 33.4366
2570000 33.4382
2580000 33.4398
2590000 33.4413
2600000 33.4428
2610000 33.4442
2620000 33.4457
2630000 33.4472
2640000 33.4487
2650000 33.4501
2660000 33.4516
2670000 33.4529
2680000 33.4543
2690000 33.4555
2700000 33.4568
2710000 33.4582
2720000 33.4596
2730000 33.461
2740000 33.4624
2750000 33.4639
2760000 33.4654
2770000 33.4669
2780000 33.4683
2790000 33.4698
2800000 33.4712
2810000 33.4726
2820000 33.474
2830000 33.4755
2840000 33.4769
2850000 33.4781
2860000 33.4793
2870000 33.4804
2880000 33.4816
2890000 33.483
2900000 33.4845
2910000 33.486
2920000 33.4874
2930000 33.4889
2940000 33.4904
2950000 33.4919
2960000 33.4933
2970000 33.4949
2980000 33.4966
2990000 33.4981
3000000 33.4996
3010000 33.5014
3020000 33.5032
3030000 33.505
3040000 33.5067
3050000 33.5083
3060000 33.5098
3070000 33.5111
3080000 33.5125
3090000 33.5139
3100000 33.5154
3110000 33.5169
3120000 33.5183
3130000 33.5199
3140000 33.5214
3150000 33.5228
3160000 33.5241
3170000 33.5253
3180000 33.5265
3190000 33.5278
3200000 33.5292
3210000 33.5303
3220000 33.5315
3230000 33.5327
3240000 33.5341
3250000 33.5354
3260000 33.5365
3270000 33.5377
3280000 33.5389
3290000 33.5404
3300000 33.5419
3310000 33.5433
3320000 33.5447
3330000 33.5461
3340000 33.5474
3350000 33.5486
3360000 33.55
3370000 33.5514
3380000 33.5529
3390000 33.5546
3400000 33.5565
3410000 33.5584
3420000 33.5601
3430000 33.5617
3440000 33.5633
3450000 33.565
3460000 33.5666
3470000 33.5684
3480000 33.5699
3490000 33.5714
3500000 33.573
3510000 33.5745
3520000 33.5761
3530000 33.5777
3540000 33.5792
3550000 33.5807
3560000 33.5821
3570000 33.5835
3580000 33.585
3590000 33.5865
3600000 33.588
3610000 33.5895
3620000 33.591
3630000 33.5925
3640000 33.5939
3650000 33.5951
3660000 33.5963
3670000 33.5974
3680000 33.5984
3690000 33.5994
3700000 33.6004
3710000 33.6012
3720000 33.602
3730000 33.6031
3740000 33.6041
3750000 33.6051
3760000 33.6061
3770000 33.607
3780000 33.6079
3790000 33.6089
3800000 33.6098
3810000 33.6107
3820000 33.6117
3830000 33.6128
3840000 33.614
3850000 33.615
3860000 33.6161
3870000 33.6172
3880000 33.6184
3890000 33.6194
3900000 33.6204
3910000 33.6213
3920000 33.6223
3930000 33.6233
3940000 33.6244
3950000 33.6255
3960000 33.6265
3970000 33.6276
3980000 33.6287
3990000 33.6299
4000000 33.6309
4010000 33.6319
4020000 33.6328
4030000 33.6338
4040000 33.6349
4050000 33.636
4060000 33.6372
4070000 33.6383
4080000 33.6395
4090000 33.6406
4100000 33.6416
4110000 33.6426
4120000 33.6437
4130000 33.6447
4140000 33.6457
4150000 33.6467
4160000 33.6477
4170000 33.6485
4180000 33.6495
4190000 33.6504
4200000 33.6512
4210000 33.6521
4220000 33.6531
4230000 33.6541
4240000 33.655
4250000 33.6559
4260000 33.6568
4270000 33.6578
4280000 33.6589
4290000 33.66
4300000 33.661
4310000 33.6621
4320000 33.6633
4330000 33.6646
4340000 33.6659
4350000 33.6672
4360000 33.6686
4370000 33.67
4380000 33.6715
4390000 33.6731
4400000 33.6745
4410000 33.6758
4420000 33.6772
4430000 33.6785
4440000 33.6798
4450000 33.6811
4460000 33.6824
4470000 33.6837
4480000 33.685
4490000 33.6863
4500000 33.6876
4510000 33.689
4520000 33.6904
4530000 33.6919
4540000 33.6935
4550000 33.6952
4560000 33.697
4570000 33.6986
4580000 33.7002
4590000 33.7019
4600000 33.7035
4610000 33.7051
4620000 33.7067
4630000 33.7081
4640000 33.7095
4650000 33.7109
4660000 33.7124
4670000 33.714
4680000 33.7154
4690000 33.7169
4700000 33.7182
4710000 33.7195
4720000 33.7209
4730000 33.7223
4740000 33.7236
4750000 33.725
4760000 33.7263
4770000 33.7277
4780000 33.7289
4790000 33.7302
4800000 33.7315
4810000 33.7329
4820000 33.7343
4830000 33.7356
4840000 33.737
4850000 33.7384
4860000 33.7398
4870000 33.7413
4880000 33.7426
4890000 33.744
4900000 33.7452
4910000 33.7465
4920000 33.7478
4930000 33.749
4940000 33.7503
4950000 33.7516
4960000 33.7529
4970000 33.7542
4980000 33.7555
4990000 33.7568
5000000 33.7581
5010000 33.7595
5020000 33.761
5030000 33.7625
5040000 33.764
5050000 33.7655
5060000 33.7671
5070000 33.7686
5080000 33.77
5090000 33.7714
5100000 33.7728
5110000 33.7741
5120000 33.7756
5130000 33.7771
5140000 33.7787
5150000 33.7803
5160000 33.7818
5170000 33.7833
5180000 33.7848
5190000 33.7863
5200000 33.7878
5210000 33.7892
5220000 33.7906
5230000 33.7921
5240000 33.7936
5250000 33.7951
5260000 33.7965
5270000 33.798
5280000 33.7994
5290000 33.8009
5300000 33.8023
5310000 33.8039
5320000 33.8055
5330000 33.807
5340000 33.8086
5350000 33.8102
5360000 33.8118
5370000 33.8135
5380000 33.8152
5390000 33.8169
5400000 33.8186
5410000 33.8203
5420000 33.8221
5430000 33.8238
5440000 33.8254
5450000 33.8271
5460000 33.8287
5470000 33.8304
5480000 33.8319
5490000 33.8336
5500000 33.8352
5510000 33.8369
5520000 33.8386
5530000 33.8403
5540000 33.8419
5550000 33.8435
5560000 33.8452
5570000 33.8469
5580000 33.8487
5590000 33.8505
5600000 33.8523
5610000 33.8541
5620000 33.8558
5630000 33.8575
5640000 33.8593
5650000 33.8611
5660000 33.8627
5670000 33.8643
5680000 33.8658
5690000 33.8673
5700000 33.8689
5710000 33.8707
5720000 33.8725
5730000 33.8744
5740000 33.8763
5750000 33.878
5760000 33.8798
5770000 33.8816
5780000 33.8834
5790000 33.8854
5800000 33.8874
5810000 33.8895
5820000 33.8916
5830000 33.8936
5840000 33.8956
5850000 33.8976
5860000 33.8996
5870000 33.9015
5880000 33.9035
5890000 33.9055
5900000 33.9076
5910000 33.9096
5920000 33.9118
5930000 33.914
5940000 33.9162
5950000 33.9185
5960000 33.9208
5970000 33.923
5980000 33.9253
5990000 33.9276
6000000 33.93
