200	6.831124
700	0.140366
1200	0.024642
1700	0.049924
2200	0.088563
2700	0.084653
3200	0.003724
3700	0.106069
4200	0.044720
4700	0.112630
5200	0.072324
5700	0.056466
6200	0.175387
6700	0.121061
7200	0.055435
7700	0.043945
8200	0.087864
8700	0.064171
9200	0.138932
9700	0.038174
10200	0.052012
10700	0.015182
11200	0.159302
11700	0.048378
12200	-0.002364
12700	-0.038966
13200	0.032742
13700	0.020298
14200	0.076747
14700	0.043315
15200	0.105806
15700	0.035853
16200	0.118227
16700	0.015453
17200	0.174503
17700	0.108754
18200	0.166999
18700	0.064105
19200	-0.049388
19700	0.023221
20200	0.050427
20700	0.202742
21200	0.143605
21700	0.126878
22200	0.237020
22700	0.021364
23200	0.203517
23700	0.022497
24200	-0.073190
24700	0.047571
25200	0.071512
25700	0.058561
26200	-0.003870
26700	0.119924
27200	0.049610
27700	0.065953
28200	0.082189
28700	0.012853
29200	0.126065
29700	0.067738
30200	-0.044771
30700	-0.070917
31200	-0.047364
31700	0.124995
32200	0.005904
32700	0.072764
33200	0.050063
33700	0.056094
34200	-0.020269
34700	-0.045304
35200	-0.021851
35700	-0.037417
36200	-0.022539
36700	-0.023126
37200	0.006956
37700	-0.009096
38200	0.089653
38700	0.161905
39200	-0.004111
39700	-0.009978
40200	-0.021836
40700	-0.059329
41200	-0.053992
41700	0.053156
42200	-0.003845
42700	-0.079235
43200	0.079382
43700	-0.001102
44200	0.029264
44700	-0.003039
45200	-0.023937
45700	0.008840
46200	0.067642
46700	-0.151040
47200	-0.061948
47700	0.049148
48200	-0.026584
48700	-0.040604
49200	-0.038212
49700	0.049454
50200	-0.041440
50700	-0.077658
51200	0.010103
51700	-0.026544
52200	-0.026471
52700	0.116819
53200	0.119004
53700	0.094510
54200	-0.009814
54700	0.054260
55200	0.075578
55700	0.085077
56200	0.104977
56700	-0.015427
57200	0.010978
57700	-0.047831
58200	0.044964
58700	-0.025193
59200	0.012102
59700	-0.039152
60200	-0.058355
60700	0.089339
61200	-0.047982
61700	-0.196148
62200	-0.092025
62700	-0.033927
63200	-0.056688
63700	-0.034177
64200	0.030649
64700	0.095113
65200	0.060913
65700	-0.051420
66200	-0.000781
66700	0.055960
67200	0.069029
67700	-0.086852
68200	-0.142688
68700	-0.101636
69200	-0.012721
69700	-0.003075
70200	-0.007212
70700	0.029003
71200	-0.014616
71700	-0.017871
72200	-0.040063
72700	0.137900
73200	-0.100889
73700	0.050398
74200	0.048395
74700	0.025606
75200	0.191789
75700	-0.017289
76200	-0.050213
76700	0.020044
77200	0.046130
77700	-0.009627
78200	-0.053919
78700	-0.045095
79200	-0.035181
79700	0.004627
80200	-0.056645
80700	-0.052153
81200	-0.002498
81700	0.072076
82200	-0.002320
82700	0.018360
83200	0.074359
83700	0.013660
84200	0.010957
84700	0.011813
85200	0.034348
85700	0.075841
86200	-0.078253
86700	0.028092
87200	0.155893
87700	-0.008039
88200	-0.076539
88700	0.032853
89200	0.032000
89700	0.008993
90200	-0.000844
90700	-0.026420
91200	-0.064300
91700	0.081278
92200	-0.013169
92700	-0.021301
93200	0.025174
93700	0.031871
94200	-0.010471
94700	0.038320
95200	-0.000853
95700	-0.035464
96200	0.015431
96700	0.015350
97200	-0.014919
97700	-0.045077
98200	0.063788
98700	0.067854
99200	0.159170
99700	0.009467
100200	0.050498
100700	0.007782
101200	0.101962
101700	-0.073633
102200	-0.041786
102700	-0.019814
103200	0.157292
103700	0.069405
104200	0.036295
104700	0.157465
105200	0.052154
105700	0.056855
106200	0.035399
106700	0.021709
107200	0.100863
107700	0.010744
108200	-0.014522
108700	0.065283
109200	0.030960
109700	-0.028472
110200	0.154288
110700	0.020278
111200	0.001941
111700	-0.047818
112200	-0.169199
112700	-0.046347
113200	0.052191
113700	0.037491
114200	0.040895
114700	0.012514
115200	-0.048846
115700	0.028990
116200	-0.002014
116700	0.003167
117200	0.055399
117700	0.025618
118200	0.058775
118700	0.139479
119200	0.157821
119700	-0.059244
120200	-0.006747
120700	0.053122
121200	0.020632
121700	0.051596
122200	-0.010917
122700	0.058376
123200	0.015237
123700	-0.022646
124200	0.018759
124700	-0.013753
125200	0.159173
125700	0.178294
126200	0.075379
126700	0.024960
127200	0.013262
127700	0.026573
128200	0.024201
128700	0.096936
129200	-0.055334
129700	-0.023796
130200	-0.041723
130700	-0.086929
131200	-0.004557
131700	0.056415
132200	0.041088
132700	0.046967
133200	-0.062522
133700	-0.076070
134200	-0.071568
134700	-0.108997
135200	0.030196
135700	-0.028329
136200	-0.012939
136700	0.022346
137200	0.094481
137700	-0.025085
138200	0.087516
138700	0.048977
139200	0.017245
139700	0.110135
140200	0.045769
140700	0.014063
141200	0.012236
141700	0.062074
142200	-0.031510
142700	-0.133561
143200	0.039988
143700	-0.025428
144200	0.076773
144700	0.001177
145200	-0.004700
145700	0.135826
146200	0.126943
146700	0.009993
147200	0.059179
147700	0.115414
148200	-0.029315
148700	-0.054505
149200	0.012439
149700	-0.122294
150200	-0.079221
150700	-0.000285
151200	0.034086
151700	-0.070679
152200	-0.023943
152700	-0.014934
153200	-0.024171
153700	0.049789
154200	0.131645
154700	0.047770
155200	-0.048126
155700	-0.013613
156200	0.021387
156700	-0.066921
157200	0.031200
157700	0.025277
158200	-0.002829
158700	0.076819
159200	0.019068
159700	0.104137
160200	0.066564
160700	0.041875
161200	0.028481
161700	0.030909
162200	0.082667
162700	-0.016655
163200	-0.138007
163700	-0.174035
164200	0.067151
164700	-0.042454
165200	0.025598
165700	-0.130667
166200	0.015277
166700	-0.012390
167200	-0.022197
167700	0.038660
168200	-0.077975
168700	0.068772
169200	-0.075564
169700	-0.102432
170200	-0.089587
170700	0.029531
171200	0.030308
171700	0.114431
172200	0.018812
172700	-0.000074
173200	-0.128569
173700	-0.030420
174200	0.003968
174700	0.059279
175200	-0.013218
175700	-0.083947
176200	-0.009590
176700	0.040036
177200	0.052627
177700	-0.087395
178200	0.067202
178700	0.005621
179200	-0.030215
179700	-0.056433
180200	0.036913
180700	-0.011504
181200	-0.082735
181700	-0.045633
182200	0.028328
182700	-0.063640
183200	0.105860
183700	0.125645
184200	0.085844
184700	-0.072394
185200	0.077575
185700	0.027191
186200	-0.064580
186700	-0.009389
187200	0.001624
187700	0.025921
188200	0.008534
188700	-0.044303
189200	-0.078644
189700	0.061807
190200	0.127297
190700	-0.011920
191200	-0.132149
191700	-0.038982
192200	-0.063829
192700	0.069342
193200	0.084095
193700	-0.040898
194200	0.088060
194700	-0.069774
195200	0.064977
195700	-0.047090
196200	0.093686
196700	0.086881
197200	-0.010238
197700	0.056671
198200	0.014076
198700	-0.079398
199200	-0.016721
199700	0.041667
