0	38.152334
50	2.060216
100	0.727047
150	0.344680
200	0.299579
250	0.231144
300	0.338200
350	0.182308
400	-0.068229
450	-0.039798
500	-0.032155
550	0.304764
600	0.159370
650	0.163977
700	0.088887
750	0.047254
800	0.151973
850	0.016448
900	0.147677
950	0.095442
1000	0.124407
1050	0.159504
1100	0.131736
1150	-0.149875
1200	0.122256
1250	0.022883
1300	0.205471
1350	-0.092709
1400	0.279817
1450	0.121647
1500	0.170892
1550	-0.130522
1600	0.028331
1650	0.056720
1700	0.248045
1750	0.100859
1800	0.331049
1850	0.168451
1900	0.026547
1950	-0.070441
2000	0.111814
2050	0.113138
2100	0.209769
2150	0.094259
2200	0.008664
2250	0.178855
2300	0.119294
2350	0.049818
2400	0.083388
2450	0.151063
2500	0.069953
2550	0.110205
2600	-0.059138
2650	0.138051
2700	0.085006
2750	-0.021199
2800	-0.017146
2850	0.084164
2900	0.095081
2950	0.105999
3000	0.042163
3050	-0.033692
3100	0.217039
3150	0.044956
3200	0.099874
3250	-0.040693
3300	0.018998
3350	-0.026650
3400	-0.079110
3450	0.086742
3500	0.123960
3550	0.202573
3600	0.078226
3650	-0.080690
3700	-0.244482
3750	0.125618
3800	-0.045179
3850	0.079122
3900	0.045649
3950	-0.014956
4000	0.210278
4050	-0.068196
4100	0.133437
4150	0.136789
4200	-0.049510
4250	0.068870
4300	0.002950
4350	0.246694
4400	0.180265
4450	-0.024602
4500	0.092921
4550	-0.158945
4600	-0.057631
4650	0.020207
4700	-0.041231
4750	-0.220556
4800	-0.258735
4850	-0.064453
4900	-0.140636
4950	-0.113545
5000	-0.027079
5050	-0.145969
5100	0.143252
5150	0.097136
5200	0.082569
5250	-0.050937
5300	0.157872
5350	0.141124
5400	-0.096240
5450	-0.137742
5500	-0.052345
5550	-0.076605
5600	0.100441
5650	-0.125784
5700	0.072391
5750	0.093516
5800	0.109283
5850	0.030572
5900	0.169364
5950	0.067831
6000	-0.092708
6050	0.048221
6100	0.010120
6150	-0.072585
6200	0.054654
6250	-0.017310
6300	-0.012160
6350	0.039261
6400	0.083403
6450	0.085183
6500	0.106553
6550	0.027654
6600	-0.033154
6650	-0.070463
6700	-0.068196
6750	-0.061021
6800	0.099740
6850	0.154308
6900	-0.051732
6950	-0.011607
7000	0.184704
7050	-0.097280
7100	-0.072657
7150	0.198401
7200	0.037330
7250	-0.041662
7300	-0.022154
7350	0.028017
7400	-0.131117
7450	-0.208632
7500	-0.012768
7550	-0.069477
7600	-0.029054
7650	-0.026845
7700	-0.156413
7750	-0.091798
7800	0.047215
7850	0.004085
7900	-0.086005
7950	0.024641
8000	-0.024900
8050	-0.078961
8100	-0.075730
8150	-0.211297
8200	-0.038921
8250	-0.114560
8300	-0.087014
8350	0.269630
8400	-0.053198
8450	0.055966
8500	0.056192
8550	0.117642
8600	-0.200860
8650	-0.049256
8700	-0.026065
8750	-0.029030
8800	-0.007614
8850	0.124625
8900	0.130005
8950	-0.061968
9000	0.070684
9050	0.007663
9100	-0.060146
9150	0.129879
9200	0.161532
9250	-0.087106
9300	0.112973
9350	0.126021
9400	0.041726
9450	0.043254
9500	-0.111144
9550	-0.120291
9600	0.071578
9650	0.000126
9700	-0.136507
9750	-0.022770
9800	-0.021845
9850	0.058143
9900	0.053955
9950	-0.060639
10000	-0.108053
10050	0.029141
10100	0.061085
10150	0.047848
10200	0.029313
10250	0.134602
10300	0.262901
10350	-0.093774
10400	0.165233
10450	0.159749
10500	0.019167
10550	-0.166649
10600	0.002269
10650	-0.036277
10700	-0.155024
10750	-0.110282
10800	-0.018755
10850	-0.029126
10900	0.170636
10950	0.138009
11000	0.205914
11050	0.011140
11100	-0.056854
11150	-0.009897
11200	0.017996
11250	0.020782
11300	0.139221
11350	0.028603
11400	0.174388
11450	0.194534
11500	0.226180
11550	0.205510
11600	0.015028
11650	0.005172
11700	0.245493
11750	-0.000990
11800	-0.004664
11850	0.215898
11900	0.073964
11950	-0.149640
12000	0.004866
12050	-0.094756
12100	0.043722
12150	-0.096684
12200	0.120825
12250	-0.065785
12300	-0.120134
12350	0.125977
12400	-0.048348
12450	0.179715
12500	-0.048128
12550	-0.156019
12600	-0.190015
12650	-0.007556
12700	0.052620
12750	-0.012997
12800	0.129729
12850	-0.000886
12900	0.123424
12950	0.100486
13000	-0.031002
13050	0.015195
13100	0.138179
13150	0.088853
13200	0.055285
13250	-0.026175
13300	0.259588
13350	0.013326
13400	0.038830
13450	0.013564
13500	0.056539
13550	0.031536
13600	-0.051172
13650	0.139614
13700	-0.059017
13750	0.109072
13800	0.119974
13850	0.308146
13900	0.031801
13950	0.053584
14000	0.111953
14050	-0.042142
14100	-0.082516
14150	0.060401
14200	0.018393
14250	0.087923
14300	0.042269
14350	0.040235
14400	-0.096536
14450	-0.020571
14500	-0.153809
14550	0.058915
14600	0.155776
14650	0.138362
14700	-0.008356
14750	-0.264395
14800	0.108073
14850	-0.023601
14900	0.037591
14950	-0.033170
15000	-0.098063
15050	-0.001181
15100	-0.018452
15150	0.054316
15200	0.085525
15250	0.064825
15300	-0.106723
15350	-0.045555
15400	-0.195766
15450	0.044157
15500	0.036432
15550	0.001602
15600	-0.038316
15650	0.095405
15700	0.027401
15750	0.163411
15800	0.202918
15850	0.081149
15900	0.086320
15950	-0.131654
16000	0.125394
16050	-0.022695
16100	0.021218
16150	0.193824
16200	0.130421
16250	0.171273
16300	0.230646
16350	-0.022013
16400	0.033881
16450	0.197053
16500	-0.197579
16550	-0.019372
16600	0.083580
16650	0.073203
16700	0.097486
16750	0.013463
16800	0.112935
16850	-0.007872
16900	0.004294
16950	0.029687
17000	0.123716
17050	-0.251750
17100	0.045835
17150	-0.015418
17200	0.105028
17250	0.159537
17300	0.052318
17350	0.096279
17400	-0.051229
17450	-0.079839
17500	0.146974
17550	0.208588
17600	-0.129388
17650	-0.043964
17700	0.007823
17750	0.104108
17800	0.075412
17850	-0.016306
17900	0.214484
17950	-0.062785
18000	-0.093594
18050	-0.068357
18100	0.048902
18150	0.147312
18200	-0.037022
18250	0.022661
18300	0.029252
18350	-0.011756
18400	0.036891
18450	0.140888
18500	-0.084339
18550	0.066245
18600	-0.069105
18650	0.023341
18700	0.015585
18750	-0.135902
18800	-0.024990
18850	-0.191949
18900	-0.153650
18950	0.171077
19000	-0.066319
19050	0.018123
19100	0.086855
19150	0.203287
19200	0.169570
19250	-0.101265
19300	-0.026847
19350	0.087682
19400	0.110659
19450	-0.005593
19500	0.049019
19550	0.199740
19600	0.329913
19650	-0.236682
19700	-0.124518
19750	0.011785
19800	0.121348
19850	0.035850
19900	0.164721
19950	0.145191
20000	0.163174
20050	-0.076175
20100	0.018812
20150	-0.040316
20200	0.152281
20250	-0.182089
20300	0.030590
20350	0.118764
20400	0.083473
20450	0.170219
20500	0.203171
20550	-0.114612
20600	-0.338080
20650	-0.030782
20700	0.058018
20750	0.098253
20800	-0.002829
20850	0.055400
20900	-0.105863
20950	0.096134
21000	0.035993
21050	0.074171
21100	-0.020548
21150	0.018465
21200	0.128889
21250	-0.005026
21300	0.150847
21350	0.014388
21400	-0.009156
21450	0.055032
21500	0.156268
21550	-0.093184
21600	0.068919
21650	0.153000
21700	0.016650
21750	-0.036479
21800	-0.105526
21850	0.046637
21900	0.177649
21950	0.036984
22000	0.082541
22050	0.009097
22100	-0.044909
22150	0.126536
22200	0.063182
22250	0.098621
22300	0.016838
22350	-0.078362
22400	-0.034027
22450	-0.234767
22500	-0.023722
22550	0.126088
22600	0.187049
22650	-0.006849
22700	-0.152417
22750	0.111955
22800	0.076924
22850	0.041765
22900	-0.077383
22950	0.093523
23000	-0.025346
23050	-0.022666
23100	0.095753
23150	-0.022110
23200	0.055235
23250	0.078343
23300	-0.007917
23350	0.267479
23400	-0.013685
23450	0.093281
23500	0.147615
23550	0.124154
23600	-0.004720
23650	-0.109176
23700	-0.100121
23750	-0.054834
23800	0.063911
23850	0.106575
23900	-0.103893
23950	-0.079239
24000	-0.053021
24050	0.061565
24100	-0.004630
24150	-0.162316
24200	0.010262
24250	0.001992
24300	0.041250
24350	-0.001226
24400	0.121429
24450	0.056854
24500	0.046070
24550	0.063545
24600	-0.121041
24650	-0.051957
24700	0.073865
24750	0.030712
24800	0.047590
24850	-0.064143
24900	0.057856
24950	0.208723
25000	-0.049476
25050	0.137781
25100	0.142575
25150	-0.145762
25200	0.018428
25250	-0.022396
25300	0.189654
25350	0.074166
25400	-0.097650
25450	0.015695
25500	0.139981
25550	0.080541
25600	0.101842
25650	0.065539
25700	-0.046466
25750	0.034713
25800	0.099603
25850	-0.052344
25900	-0.100446
25950	-0.170403
26000	-0.135576
26050	-0.013537
26100	0.046360
26150	0.033769
26200	-0.101153
26250	-0.007601
26300	-0.103310
26350	0.071375
26400	0.111315
26450	0.016773
26500	-0.115619
26550	-0.016619
26600	-0.019454
26650	-0.185667
26700	-0.085031
26750	-0.083176
26800	-0.028822
26850	-0.046011
26900	0.104547
26950	0.014952
27000	-0.208014
27050	-0.085550
27100	-0.113067
27150	-0.117697
27200	-0.065616
27250	0.105884
27300	0.166586
27350	0.009464
27400	0.047600
27450	0.097257
27500	0.019962
27550	-0.129041
27600	-0.062919
27650	0.013740
27700	-0.059663
27750	0.074815
27800	-0.079968
27850	0.173384
27900	-0.031054
27950	-0.046575
28000	-0.118936
28050	0.032047
28100	-0.233472
28150	-0.002721
28200	-0.110111
28250	-0.069963
28300	0.047770
28350	0.011096
28400	-0.139741
28450	0.066766
28500	0.115945
28550	0.086037
28600	-0.112842
28650	0.059294
28700	-0.115137
28750	0.042999
28800	0.091934
28850	-0.145222
28900	0.100460
28950	0.055461
29000	0.104265
29050	0.042533
29100	0.113818
29150	-0.071866
29200	0.119577
29250	0.060987
29300	-0.133717
29350	-0.031450
29400	0.043984
29450	0.088860
29500	-0.006041
29550	-0.152166
29600	-0.094870
29650	-0.065308
29700	0.057803
29750	-0.050122
29800	0.101564
29850	0.122302
29900	0.082903
29950	-0.046987
30000	-0.155309
30050	-0.179981
30100	0.024617
30150	-0.015524
30200	-0.059986
30250	-0.037892
30300	-0.113557
30350	0.051810
30400	0.203435
30450	-0.072899
30500	0.109851
30550	-0.049668
30600	0.252774
30650	0.011673
30700	0.129569
30750	0.142470
30800	0.090065
30850	0.154661
30900	-0.000599
30950	0.103161
31000	-0.021937
31050	-0.010202
31100	-0.209564
31150	-0.086696
31200	-0.142467
31250	0.102076
31300	-0.114402
31350	-0.191399
31400	0.105935
31450	0.075268
31500	0.087491
31550	0.159913
31600	0.010057
31650	-0.051476
31700	0.048199
31750	-0.094007
31800	-0.106339
31850	-0.056828
31900	0.016419
31950	-0.071563
32000	0.011240
32050	-0.081004
32100	-0.010237
32150	-0.037848
32200	0.004293
32250	-0.043634
32300	0.005453
32350	0.053015
32400	0.277150
32450	-0.096772
32500	-0.058316
32550	-0.011054
32600	0.148768
32650	0.029170
32700	-0.046309
32750	0.159054
32800	0.091118
32850	0.064700
32900	-0.092734
32950	-0.166464
33000	-0.014981
33050	-0.080147
33100	0.072241
33150	0.088905
33200	0.130687
33250	0.125210
33300	0.116958
33350	0.190180
33400	0.109112
33450	0.146374
33500	0.076306
33550	0.053102
33600	0.106510
33650	0.310232
33700	0.168080
33750	0.019154
33800	0.113153
33850	-0.166999
33900	-0.120902
33950	-0.131324
34000	0.054105
34050	-0.014525
34100	-0.137717
34150	-0.138367
34200	-0.052084
34250	0.185990
34300	0.132823
34350	0.011128
34400	0.066787
34450	0.041679
34500	-0.024512
34550	-0.149661
34600	-0.005593
34650	-0.080321
34700	0.007395
34750	-0.180665
34800	-0.304057
34850	-0.183989
34900	-0.043108
34950	0.314625
35000	-0.070018
35050	-0.047376
35100	0.060021
35150	0.075044
35200	-0.193340
35250	0.268863
35300	0.068205
35350	-0.110654
35400	0.042466
35450	0.049065
35500	-0.046183
35550	-0.060286
35600	0.066255
35650	-0.064852
35700	-0.007059
35750	-0.059738
35800	0.088176
35850	-0.144887
35900	0.018642
35950	-0.093847
36000	0.081712
36050	0.059540
36100	0.035694
36150	-0.009347
36200	-0.107424
36250	-0.072281
36300	-0.028628
36350	-0.013461
36400	0.214716
36450	0.074294
36500	0.056449
36550	0.227984
36600	0.085625
36650	0.052982
36700	0.083771
36750	0.068210
36800	0.206681
36850	0.024082
36900	0.006906
36950	0.175711
37000	0.202758
37050	0.136483
37100	0.022815
37150	0.022168
37200	0.175736
37250	0.110386
37300	-0.141119
37350	-0.111837
37400	-0.002994
37450	0.069536
37500	0.073793
37550	0.015844
37600	0.017713
37650	0.164417
37700	0.051321
37750	-0.052360
37800	0.053699
37850	0.332371
37900	0.043736
37950	-0.116203
38000	-0.056978
38050	-0.090444
38100	0.008245
38150	-0.154494
38200	-0.020546
38250	-0.183453
38300	-0.080502
38350	0.009002
38400	0.052962
38450	0.213055
38500	-0.056082
38550	-0.036865
38600	-0.076944
38650	0.153970
38700	-0.225966
38750	0.077153
38800	-0.094934
38850	0.049025
38900	0.246554
38950	0.166545
39000	0.189054
39050	0.192946
39100	0.141171
39150	0.225809
39200	-0.079655
39250	-0.015596
39300	0.042255
39350	0.231961
39400	0.048126
39450	-0.031749
39500	0.145089
39550	0.130772
39600	-0.022934
39650	0.041834
39700	0.064831
39750	0.028321
39800	-0.034629
39850	-0.161630
39900	-0.113980
39950	-0.047931
40000	-0.051416
40050	0.015747
40100	-0.122912
40150	0.066896
40200	-0.104370
40250	0.022186
40300	0.017526
40350	0.028410
40400	0.160955
40450	0.059553
40500	-0.112908
40550	0.184335
40600	-0.070770
40650	-0.036674
40700	0.033693
40750	-0.032470
40800	0.074150
40850	-0.074182
40900	0.001848
40950	-0.201750
41000	-0.068626
41050	0.008554
41100	0.092206
41150	0.131497
41200	0.052650
41250	-0.021974
41300	0.079574
41350	0.063992
41400	-0.081634
41450	0.126558
41500	-0.055508
41550	-0.021543
41600	-0.114249
41650	-0.143713
41700	-0.016819
41750	0.141147
41800	-0.064674
41850	-0.039116
41900	0.089651
41950	0.074945
42000	-0.015950
42050	-0.072700
42100	-0.129318
42150	-0.118363
42200	-0.158918
42250	-0.168150
42300	0.009059
42350	0.105954
42400	0.083964
42450	-0.088730
42500	0.117374
42550	-0.000178
42600	0.104518
42650	-0.065668
42700	0.119937
42750	0.064459
42800	0.121519
42850	-0.067453
42900	0.023970
42950	0.052547
43000	0.194769
43050	-0.012815
43100	0.089922
43150	0.113391
43200	0.009606
43250	0.266438
43300	0.198591
43350	-0.084195
43400	0.124310
43450	-0.133430
43500	-0.189585
43550	-0.041248
43600	-0.001741
43650	0.050983
43700	-0.168815
43750	-0.365170
43800	0.129485
43850	-0.119173
43900	-0.040372
43950	0.120747
44000	0.051501
44050	-0.118595
44100	0.031699
44150	-0.033640
44200	-0.148468
44250	-0.230429
44300	-0.086782
44350	-0.082824
44400	-0.011889
44450	-0.156095
44500	-0.097355
44550	0.019434
44600	-0.269295
44650	-0.208578
44700	0.049488
44750	0.129073
44800	-0.015768
44850	0.130865
44900	0.141519
44950	0.172986
45000	0.069886
45050	-0.017258
45100	0.018318
45150	-0.041200
45200	0.050896
45250	0.015831
45300	0.125659
45350	-0.032338
45400	0.103241
45450	-0.020199
45500	0.088724
45550	0.019858
45600	0.019033
45650	0.010269
45700	-0.073339
45750	0.061251
45800	0.179753
45850	0.003549
45900	0.055781
45950	-0.128711
46000	0.118450
46050	-0.116883
46100	0.023730
46150	0.071464
46200	-0.072666
46250	0.172346
46300	-0.256428
46350	-0.030896
46400	0.069542
46450	0.261440
46500	0.160798
46550	0.097465
46600	0.010783
46650	0.074711
46700	0.188154
46750	-0.029942
46800	0.001175
46850	0.007931
46900	0.015828
46950	0.070373
47000	0.057379
47050	0.101942
47100	0.229882
47150	-0.071002
47200	0.114745
47250	-0.134922
47300	0.033014
47350	0.022209
47400	-0.015706
47450	-0.085330
47500	-0.210895
47550	0.107346
47600	0.277894
47650	0.153022
47700	0.142232
47750	-0.097825
47800	0.111360
47850	0.065326
47900	-0.144206
47950	0.026131
48000	0.102730
48050	0.107780
48100	-0.092040
48150	0.075162
48200	0.096985
48250	0.142583
48300	-0.072384
48350	0.111905
48400	-0.053108
48450	-0.147736
48500	-0.139820
48550	0.042651
48600	0.189950
48650	0.202097
48700	0.052671
48750	0.211181
48800	0.153141
48850	0.017239
48900	0.215676
48950	-0.023796
49000	0.085526
49050	0.002624
49100	0.044343
49150	0.154869
49200	-0.012428
49250	-0.017485
49300	-0.131293
49350	-0.174872
49400	-0.106147
49450	-0.002811
49500	-0.124117
49550	0.088178
49600	0.256919
49650	0.050790
49700	0.068002
49750	-0.117374
49800	-0.066113
49850	0.045921
49900	0.110048
49950	-0.154985
50000	0.077740
50050	0.067752
50100	0.056481
50150	-0.042947
50200	0.032509
50250	0.035458
50300	-0.085940
50350	0.043938
50400	0.217813
50450	0.375934
50500	0.088318
50550	-0.197820
50600	-0.010463
50650	0.294639
50700	0.058833
50750	-0.048226
50800	-0.127039
50850	0.076997
50900	-0.188894
50950	-0.029931
51000	0.197147
51050	-0.025135
51100	-0.081371
51150	-0.008356
51200	0.042298
51250	0.211342
51300	0.089545
51350	0.134998
51400	0.204843
51450	0.116857
51500	-0.055371
51550	-0.056605
51600	0.085758
51650	-0.144776
51700	-0.281937
51750	0.105927
51800	-0.022687
51850	0.034678
51900	0.158878
51950	0.034985
52000	-0.013654
52050	0.025778
52100	-0.002601
52150	0.023674
52200	0.126312
52250	-0.057654
52300	-0.122451
52350	0.070101
52400	-0.032488
52450	0.021310
52500	-0.063087
52550	-0.063902
52600	0.135635
52650	0.138140
52700	0.173592
52750	-0.065979
52800	0.093930
52850	-0.084481
52900	0.006910
52950	-0.104549
53000	-0.025401
53050	-0.102645
53100	-0.150318
53150	0.045195
53200	-0.161874
53250	0.059621
53300	-0.057565
53350	0.041163
53400	0.089617
53450	0.028826
53500	0.001753
53550	0.203114
53600	0.033126
53650	-0.014878
53700	-0.070265
53750	-0.067954
53800	0.023895
53850	-0.039588
53900	0.133253
53950	-0.108182
54000	-0.076995
54050	-0.228184
54100	0.052827
54150	-0.003091
54200	0.245953
54250	0.076553
54300	0.084404
54350	0.086027
54400	-0.083350
54450	0.029136
54500	0.018942
54550	-0.092115
54600	0.240715
54650	-0.011817
54700	0.085816
54750	0.147327
54800	-0.091144
54850	0.225944
54900	-0.161693
54950	0.005424
55000	0.022519
55050	0.055493
55100	0.098952
55150	-0.110296
55200	0.086687
55250	0.101080
55300	0.089678
55350	0.057007
55400	0.074269
55450	-0.120936
55500	0.064143
55550	-0.052787
55600	-0.109120
55650	-0.001363
55700	-0.160232
55750	-0.124367
55800	0.002645
55850	-0.015226
55900	-0.077357
55950	-0.159058
56000	-0.031143
56050	-0.121665
56100	-0.010165
56150	0.016308
56200	0.106993
56250	0.199089
56300	-0.098562
56350	-0.103736
56400	0.118497
56450	0.142204
56500	0.038580
56550	-0.101415
56600	0.117431
56650	0.139567
56700	0.226513
56750	0.269034
56800	-0.114286
56850	0.105189
56900	-0.106799
56950	-0.004805
57000	0.156872
57050	-0.194244
57100	0.043816
57150	0.038286
57200	-0.000326
57250	0.059759
57300	0.019750
57350	0.049752
57400	0.006398
57450	-0.247799
57500	0.122749
57550	-0.129042
57600	-0.045918
57650	-0.069771
57700	-0.192343
57750	-0.115267
57800	-0.102366
57850	0.003188
57900	0.091733
57950	-0.003208
58000	-0.047858
58050	0.145060
58100	0.181712
58150	-0.000190
58200	0.129545
58250	0.150263
58300	0.033918
58350	0.052388
58400	-0.002208
58450	-0.012910
58500	0.029436
58550	-0.037757
58600	0.017751
58650	0.074901
58700	-0.070929
58750	-0.130102
58800	-0.123204
58850	0.241970
58900	0.030020
58950	-0.016297
59000	0.124350
59050	-0.016563
59100	0.012103
59150	-0.105664
59200	0.107141
59250	-0.039800
59300	-0.140997
59350	-0.023108
59400	-0.131859
59450	-0.209657
59500	-0.079520
59550	0.015709
59600	0.045640
59650	0.001743
59700	-0.047213
59750	0.047827
59800	-0.032483
59850	-0.040516
59900	-0.196878
59950	0.277393
60000	0.027329
60050	0.053875
60100	-0.053793
60150	-0.029839
60200	-0.037100
60250	0.023724
60300	0.102838
60350	-0.021507
60400	0.042050
60450	-0.056756
60500	0.082212
60550	-0.175283
60600	0.078727
60650	0.149648
60700	0.144643
60750	0.131169
60800	-0.066327
60850	-0.401644
60900	0.043558
60950	-0.158998
61000	-0.015421
61050	0.193169
61100	-0.057048
61150	0.007491
61200	-0.192046
61250	0.061174
61300	-0.134529
61350	0.061611
61400	-0.215556
61450	-0.090336
61500	-0.076795
61550	-0.048216
61600	-0.030371
61650	-0.014112
61700	-0.198239
61750	-0.103783
61800	-0.057738
61850	0.250603
61900	-0.079662
61950	-0.264209
62000	0.039443
62050	0.127991
62100	0.072167
62150	-0.051736
62200	-0.024014
62250	-0.024532
62300	0.159299
62350	-0.032018
62400	0.008896
62450	0.204727
62500	0.027919
62550	0.114946
62600	-0.015099
62650	-0.194587
62700	-0.064381
62750	0.027590
62800	0.048856
62850	-0.014449
62900	-0.241326
62950	-0.042094
63000	0.052018
63050	-0.042642
63100	0.143208
63150	-0.094335
63200	-0.054025
63250	-0.017225
63300	0.070143
63350	0.119503
63400	-0.011268
63450	-0.218576
63500	-0.015910
63550	-0.166407
63600	0.017201
63650	-0.043001
63700	0.024454
63750	0.030365
63800	-0.065464
63850	0.051628
63900	0.061089
63950	-0.091453
64000	-0.222853
64050	-0.092343
64100	0.029708
64150	0.002964
64200	-0.105274
64250	0.184913
64300	-0.135321
64350	-0.066059
64400	-0.129844
64450	-0.040185
64500	0.049794
64550	-0.097538
64600	-0.166377
64650	-0.092957
64700	-0.136845
64750	-0.013892
64800	-0.045281
64850	0.051239
64900	0.114629
64950	-0.033322
65000	0.232480
65050	-0.005924
65100	0.171886
65150	0.018680
65200	0.117648
65250	-0.029149
65300	-0.223652
65350	0.001144
65400	-0.157233
65450	-0.015887
65500	-0.061876
65550	0.062185
65600	-0.141304
65650	-0.065667
65700	0.011296
65750	0.055320
65800	-0.083575
65850	0.099127
65900	-0.022310
65950	-0.146280
66000	0.100346
66050	0.107339
66100	-0.113090
66150	-0.081618
66200	0.174362
66250	0.129093
66300	-0.132982
66350	0.113564
66400	-0.089562
66450	0.047368
66500	-0.021626
66550	0.070572
66600	0.112227
66650	0.114870
66700	0.145967
66750	0.066948
66800	-0.013895
66850	-0.037784
66900	-0.106403
66950	0.040776
67000	-0.240350
67050	-0.076076
67100	-0.136789
67150	0.081476
67200	0.162582
67250	0.103783
67300	-0.173124
67350	-0.034321
67400	0.031050
67450	-0.154609
67500	-0.009485
67550	-0.049841
67600	0.052325
67650	0.060770
67700	0.098978
67750	-0.153323
67800	0.072064
67850	0.089285
67900	0.034068
67950	0.075918
68000	0.063663
68050	-0.001198
68100	0.217596
68150	0.073799
68200	-0.179703
68250	0.111820
68300	0.082729
68350	0.084614
68400	-0.206481
68450	0.124325
68500	0.035539
68550	0.062583
68600	0.215645
68650	0.084240
68700	-0.067190
68750	-0.207709
68800	0.019862
68850	-0.044749
68900	-0.050058
68950	0.103677
69000	0.064067
69050	-0.026196
69100	0.082071
69150	0.113377
69200	-0.001031
69250	0.061530
69300	0.201391
69350	0.199350
69400	0.052921
69450	0.080989
69500	0.035654
69550	-0.001948
69600	0.036746
69650	0.095896
69700	-0.147372
69750	0.076526
69800	-0.005602
69850	-0.006779
69900	0.012832
69950	0.117010
70000	0.031191
70050	-0.072714
70100	-0.035934
70150	-0.089961
70200	-0.000864
70250	0.096214
70300	-0.172882
70350	-0.044000
70400	0.210711
70450	0.166387
70500	-0.151105
70550	0.022645
70600	0.036515
70650	-0.012329
70700	-0.160160
70750	0.038567
70800	0.031400
70850	-0.161805
70900	-0.056410
70950	-0.047693
71000	-0.002104
71050	0.059462
71100	-0.018865
71150	0.082930
71200	0.039601
71250	-0.014780
71300	-0.007330
71350	-0.135866
71400	0.014641
71450	-0.040484
71500	0.090037
71550	0.156068
71600	0.035407
71650	0.096512
71700	-0.123229
71750	0.003771
71800	0.010221
71850	0.083508
71900	0.084207
71950	0.118761
72000	0.051650
72050	0.184957
72100	-0.156821
72150	0.047779
72200	0.022517
72250	-0.183021
72300	-0.181085
72350	0.092249
72400	-0.062261
72450	-0.215655
72500	0.140331
72550	-0.064822
72600	0.112692
72650	-0.244916
72700	0.083341
72750	-0.038008
72800	0.187086
72850	-0.021199
72900	-0.014184
72950	-0.130717
73000	0.042529
73050	-0.135570
73100	0.104077
73150	0.018247
73200	0.070221
73250	-0.105017
73300	-0.224007
73350	-0.016216
73400	0.326153
73450	0.099769
73500	0.017429
73550	-0.177079
73600	-0.099781
73650	-0.001473
73700	0.124160
73750	0.045486
73800	0.095541
73850	-0.088157
73900	0.051431
73950	0.029527
74000	0.090218
74050	-0.010514
74100	0.079883
74150	-0.044545
74200	0.142229
74250	-0.005608
74300	-0.074104
74350	0.013343
74400	0.341844
74450	-0.040255
74500	0.047395
74550	0.110263
74600	0.017795
74650	0.126115
74700	0.067268
74750	0.082870
74800	-0.104737
74850	-0.042381
74900	0.020979
74950	-0.198425
75000	0.113693
75050	-0.009954
75100	-0.038150
75150	-0.029220
75200	0.013085
75250	-0.095311
75300	-0.108690
75350	-0.107935
75400	-0.055560
75450	0.228150
75500	0.050404
75550	0.233024
75600	0.066532
75650	-0.040294
75700	0.044283
75750	-0.034580
75800	0.019268
75850	-0.012440
75900	-0.091776
75950	-0.235667
76000	-0.063020
76050	0.051045
76100	-0.059737
76150	-0.079998
76200	0.075896
76250	0.013175
76300	-0.011665
76350	0.058439
76400	-0.044727
76450	0.039867
76500	0.182169
76550	-0.056723
76600	0.073355
76650	-0.064852
76700	-0.054719
76750	0.010734
76800	0.006431
76850	0.050403
76900	-0.021992
76950	-0.270714
77000	0.049792
77050	-0.056671
77100	-0.050180
77150	-0.085426
77200	0.031530
77250	-0.182691
77300	-0.146552
77350	-0.166880
77400	-0.140414
77450	0.234177
77500	-0.026760
77550	0.063233
77600	-0.074369
77650	-0.037631
77700	-0.111007
77750	-0.335344
77800	0.013694
77850	-0.083621
77900	0.068144
77950	-0.100010
78000	0.047608
78050	0.003333
78100	0.053663
78150	-0.107981
78200	0.022595
78250	-0.016061
78300	0.014365
78350	-0.156012
78400	0.314819
78450	-0.027044
78500	-0.011061
78550	0.095166
78600	-0.066526
78650	-0.074804
78700	-0.077073
78750	-0.137949
78800	-0.007254
78850	0.082491
78900	-0.108823
78950	0.038731
79000	-0.014907
79050	0.093968
79100	-0.030267
79150	-0.199354
79200	0.115621
79250	0.119725
79300	0.014609
79350	-0.056191
79400	0.020889
79450	-0.177811
79500	0.047631
79550	0.039908
79600	0.147985
79650	0.014161
79700	0.045817
79750	-0.084852
79800	0.114193
79850	-0.061568
79900	-0.155475
79950	0.001746
80000	0.131463
80050	-0.100619
80100	-0.200933
80150	-0.046108
80200	0.022946
80250	0.080183
80300	-0.094042
80350	-0.055464
80400	0.001661
80450	-0.058192
80500	0.065433
80550	-0.124456
80600	-0.084172
80650	0.154652
80700	-0.032486
80750	-0.022837
80800	0.051854
80850	0.066610
80900	-0.224883
80950	0.018114
81000	-0.018378
81050	-0.208263
81100	-0.064273
81150	-0.167116
81200	0.082677
81250	0.049045
81300	-0.017317
81350	0.039764
81400	-0.194270
81450	0.119373
81500	-0.010806
81550	0.003008
81600	0.146681
81650	0.008838
81700	-0.049146
81750	-0.031086
81800	0.029358
81850	-0.077296
81900	0.054401
81950	0.145727
82000	0.205370
82050	-0.040263
82100	0.049727
82150	-0.058803
82200	0.091651
82250	-0.017222
82300	0.030587
82350	0.106162
82400	0.013233
82450	-0.040110
82500	-0.029935
82550	-0.156840
82600	0.074429
82650	-0.142656
82700	0.228530
82750	-0.018029
82800	0.078843
82850	-0.061580
82900	0.032885
82950	-0.190566
83000	0.009048
83050	0.006828
83100	0.060264
83150	-0.144161
83200	-0.095397
83250	-0.014117
83300	0.247554
83350	0.093944
83400	-0.120112
83450	-0.056235
83500	0.073280
83550	-0.141096
83600	0.017027
83650	-0.068002
83700	0.206098
83750	-0.115689
83800	0.023119
83850	0.109573
83900	-0.091227
83950	-0.360392
84000	-0.106651
84050	0.035678
84100	0.194807
84150	0.151933
84200	0.071085
84250	0.028226
84300	0.029868
84350	-0.099180
84400	-0.099662
84450	0.107479
84500	0.015806
84550	-0.237530
84600	0.108433
84650	-0.123203
84700	0.136620
84750	0.069413
84800	0.052418
84850	-0.011105
84900	0.002317
84950	-0.036106
85000	-0.176578
85050	-0.037689
85100	-0.047289
85150	0.074401
85200	0.259217
85250	-0.121620
85300	-0.165449
85350	-0.093849
85400	0.001776
85450	-0.039392
85500	0.092115
85550	0.242859
85600	0.042332
85650	0.068291
85700	-0.093528
85750	-0.046907
85800	0.048106
85850	-0.090320
85900	0.098242
85950	-0.096728
86000	-0.009624
86050	-0.100914
86100	-0.002111
86150	0.123421
86200	-0.093494
86250	-0.112229
86300	-0.222430
86350	-0.132584
86400	0.021268
86450	0.125375
86500	0.067195
86550	0.071101
86600	0.009420
86650	0.048707
86700	0.064526
86750	0.139268
86800	0.133657
86850	-0.043957
86900	0.016658
86950	0.001567
87000	-0.061196
87050	0.059974
87100	-0.024245
87150	0.079796
87200	0.173017
87250	0.062010
87300	-0.001415
87350	-0.044682
87400	0.047142
87450	0.020564
87500	-0.218869
87550	-0.086900
87600	-0.194978
87650	0.075478
87700	0.099140
87750	0.106271
87800	-0.038538
87850	0.052298
87900	-0.049555
87950	0.117859
88000	0.016313
88050	0.067199
88100	-0.082284
88150	-0.120944
88200	-0.018450
88250	-0.111133
88300	-0.078092
88350	-0.063546
88400	-0.018310
88450	-0.006182
88500	0.028505
88550	-0.055989
88600	-0.243959
88650	-0.036415
88700	0.160120
88750	0.225551
88800	-0.247558
88850	0.210827
88900	0.066154
88950	0.104797
89000	-0.050224
89050	-0.047997
89100	-0.145490
89150	-0.091178
89200	0.123553
89250	-0.099206
89300	0.070883
89350	0.060829
89400	0.089291
89450	0.095198
89500	-0.049599
89550	0.240224
89600	-0.013882
89650	0.068396
89700	-0.016120
89750	0.000440
89800	-0.027393
89850	-0.049444
89900	-0.112486
89950	-0.140135
90000	0.060125
90050	0.054810
90100	0.132537
90150	-0.000431
90200	0.067599
90250	0.079103
90300	0.082266
90350	0.006016
90400	0.019127
90450	0.012718
90500	0.078353
90550	-0.042357
90600	-0.082922
90650	0.098720
90700	0.019487
90750	-0.093464
90800	-0.093716
90850	0.023303
90900	-0.079891
90950	-0.163499
91000	-0.061449
91050	0.013240
91100	-0.026042
91150	-0.067436
91200	-0.034563
91250	-0.079634
91300	0.009919
91350	-0.165281
91400	-0.008794
91450	0.100002
91500	0.273356
91550	0.064052
91600	-0.149225
91650	0.067719
91700	-0.146118
91750	-0.080621
91800	0.133574
91850	-0.129516
91900	0.009243
91950	-0.062251
92000	-0.016389
92050	-0.081644
92100	0.019889
92150	-0.079475
92200	-0.016395
92250	0.014791
92300	-0.118923
92350	0.004276
92400	0.178738
92450	0.155118
92500	0.016889
92550	-0.069722
92600	-0.097494
92650	-0.331399
92700	-0.114332
92750	0.075347
92800	0.102013
92850	-0.045197
92900	0.050899
92950	0.015802
93000	0.187185
93050	-0.050032
93100	0.054327
93150	0.060588
93200	-0.016253
93250	-0.040817
93300	0.097920
93350	-0.043691
93400	-0.032024
93450	-0.014605
93500	-0.181600
93550	0.040459
93600	0.067078
93650	-0.032727
93700	0.168583
93750	-0.037820
93800	0.195587
93850	0.173379
93900	0.052717
93950	-0.038887
94000	-0.004713
94050	-0.125616
94100	0.104133
94150	0.113405
94200	0.032732
94250	-0.028054
94300	0.052876
94350	0.117781
94400	-0.018566
94450	0.070778
94500	0.133712
94550	-0.103121
94600	0.062483
94650	0.085244
94700	0.003351
94750	0.022034
94800	-0.218727
94850	-0.110069
94900	0.074965
94950	-0.196909
95000	0.114901
95050	-0.001995
95100	-0.095610
95150	-0.024852
95200	0.024879
95250	-0.154808
95300	0.011241
95350	0.027461
95400	-0.069876
95450	-0.120833
95500	-0.003067
95550	-0.170519
95600	0.090064
95650	0.088604
95700	-0.071217
95750	0.161848
95800	-0.098026
95850	0.126678
95900	-0.027362
95950	-0.110298
96000	-0.013932
96050	-0.043954
96100	0.057949
96150	-0.068635
96200	0.026660
96250	-0.021977
96300	0.156055
96350	-0.243079
96400	-0.078573
96450	0.092380
96500	0.020833
96550	0.280680
96600	0.177507
96650	0.170141
96700	-0.031706
96750	-0.068753
96800	-0.002890
96850	0.179860
96900	0.040641
96950	0.000062
97000	-0.082219
97050	-0.039933
97100	0.268246
97150	0.011411
97200	0.070470
97250	-0.135561
97300	-0.133488
97350	0.135407
97400	0.016795
97450	0.073786
97500	-0.000170
97550	0.069792
97600	0.150092
97650	0.219287
97700	0.009627
97750	-0.128684
97800	0.012624
97850	0.030183
97900	0.098697
97950	0.126193
98000	-0.071692
98050	-0.285818
98100	-0.240694
98150	0.079120
98200	-0.111064
98250	-0.227337
98300	-0.116080
98350	-0.038874
98400	0.020619
98450	-0.056861
98500	0.069117
98550	0.034312
98600	-0.124676
98650	0.011528
98700	-0.069304
98750	0.111381
98800	0.138716
98850	0.024316
98900	-0.147062
98950	-0.054948
99000	-0.243039
99050	-0.044538
99100	-0.307670
99150	-0.031747
99200	-0.077972
99250	0.167670
99300	-0.075551
99350	-0.051620
99400	0.232736
99450	-0.072838
99500	0.070007
99550	-0.109182
99600	-0.006765
99650	0.140997
99700	0.048238
99750	0.058320
99800	-0.014280
99850	0.034923
99900	-0.107314
99950	-0.022960
100000	-0.075116
100050	0.108689
100100	0.023457
100150	0.098525
100200	0.097891
100250	-0.220380
100300	0.005265
100350	-0.088946
100400	-0.036195
100450	0.001545
100500	-0.127598
100550	-0.368720
100600	-0.126297
100650	0.100997
100700	0.047790
100750	-0.129426
100800	0.075486
100850	0.081648
100900	-0.114381
100950	0.038336
101000	-0.119095
101050	0.002425
101100	-0.089296
101150	0.170507
101200	0.066941
101250	0.140440
101300	-0.305468
101350	-0.006335
101400	-0.078178
101450	-0.036519
101500	0.075620
101550	-0.090122
101600	-0.007174
101650	0.072940
101700	0.001958
101750	-0.175306
101800	-0.295266
101850	-0.059630
101900	-0.009882
101950	0.093660
102000	-0.156800
102050	-0.098166
102100	-0.063072
102150	-0.057614
102200	0.055643
102250	0.039978
102300	0.126139
102350	-0.070019
102400	-0.105413
102450	-0.047858
102500	0.020493
102550	0.014095
102600	0.225703
102650	0.128953
102700	0.023795
102750	0.008538
102800	-0.012720
102850	0.027693
102900	-0.216749
102950	-0.087170
103000	-0.031584
103050	-0.077135
103100	0.055333
103150	0.161021
103200	0.159959
103250	0.110496
103300	0.206836
103350	-0.047226
103400	0.022614
103450	-0.197356
103500	-0.129543
103550	0.048393
103600	0.145342
103650	-0.054429
103700	0.082128
103750	0.014323
103800	-0.065161
103850	-0.033872
103900	0.076749
103950	0.075915
104000	-0.067412
104050	0.114755
104100	-0.096474
104150	0.125669
104200	-0.085495
104250	-0.048603
104300	-0.021712
104350	-0.016712
104400	-0.071411
104450	0.152697
104500	-0.134459
104550	-0.010284
104600	0.007647
104650	-0.066474
104700	0.036841
104750	-0.023104
104800	0.010242
104850	-0.045468
104900	0.099908
104950	0.006777
105000	0.133507
105050	0.061631
105100	0.170946
105150	-0.038357
105200	0.100017
105250	-0.048938
105300	0.004885
105350	0.098791
105400	-0.003015
105450	0.068002
105500	0.349142
105550	-0.152924
105600	-0.040514
105650	0.063452
105700	-0.074424
105750	-0.145643
105800	0.204149
105850	0.082462
105900	-0.141253
105950	-0.067124
106000	0.072674
106050	-0.022033
106100	0.077840
106150	-0.204139
106200	0.041347
106250	-0.025429
106300	-0.128184
106350	-0.044168
106400	0.080391
106450	-0.010826
106500	-0.038198
106550	0.040895
106600	-0.256263
106650	0.066948
106700	0.055942
106750	0.074359
106800	0.127618
106850	0.063349
106900	0.074248
106950	0.078129
107000	0.058655
107050	-0.087726
107100	-0.091183
107150	0.081773
107200	0.166345
107250	0.078285
107300	0.040200
107350	0.004664
107400	-0.076905
107450	-0.001344
107500	0.061503
107550	-0.148793
107600	0.116536
107650	-0.157524
107700	-0.081633
107750	0.129810
107800	0.116229
107850	0.000613
107900	-0.089993
107950	-0.073430
108000	0.054501
108050	0.142137
108100	0.083277
108150	-0.048172
108200	0.203232
108250	-0.031979
108300	0.167633
108350	0.146080
108400	0.025133
108450	0.115598
108500	-0.095045
108550	-0.076996
108600	0.065361
108650	-0.131163
108700	-0.185147
108750	0.071442
108800	0.111894
108850	-0.228742
108900	0.017658
108950	0.248631
109000	0.050780
109050	-0.091826
109100	0.117896
109150	0.015115
109200	0.147819
109250	-0.126433
109300	-0.031302
109350	-0.052694
109400	0.183707
109450	0.104883
109500	-0.211200
109550	-0.029466
109600	0.054983
109650	0.157420
109700	-0.057393
109750	-0.166507
109800	-0.145198
109850	0.068027
109900	-0.317905
109950	-0.067971
110000	0.024945
110050	0.175994
110100	-0.147776
110150	-0.107559
110200	0.020278
110250	0.029500
110300	0.024512
110350	-0.038121
110400	0.016531
110450	-0.144642
110500	0.088634
110550	0.083609
110600	-0.085663
110650	-0.026000
110700	-0.083707
110750	0.210492
110800	-0.096451
110850	0.072376
110900	-0.060087
110950	-0.038676
111000	0.023179
111050	-0.003758
111100	0.030706
111150	0.176305
111200	0.169766
111250	-0.146215
111300	-0.082854
111350	0.052872
111400	-0.100237
111450	0.024655
111500	-0.064570
111550	0.016174
111600	-0.129465
111650	-0.042953
111700	0.142125
111750	-0.005294
111800	0.148359
111850	-0.124458
111900	0.102229
111950	-0.092794
112000	0.000630
112050	0.086786
112100	0.049559
112150	-0.025532
112200	0.111257
112250	0.018031
112300	0.015481
112350	0.122522
112400	0.031888
112450	-0.055135
112500	-0.043523
112550	-0.023227
112600	-0.258849
112650	-0.267111
112700	-0.101661
112750	0.154879
112800	0.223412
112850	-0.009799
112900	0.047375
112950	0.042000
113000	-0.184148
113050	-0.020851
113100	0.024094
113150	0.186680
113200	-0.005429
113250	-0.003468
113300	-0.008578
113350	-0.085579
113400	0.045391
113450	-0.044374
113500	0.021854
113550	-0.124367
113600	0.116509
113650	-0.030372
113700	-0.076770
113750	-0.076690
113800	-0.181059
113850	0.048283
113900	-0.028665
113950	-0.004942
114000	-0.125675
114050	0.082310
114100	-0.011266
114150	-0.195010
114200	0.103192
114250	0.000987
114300	-0.305187
114350	0.208523
114400	0.152833
114450	0.013568
114500	0.057465
114550	0.046380
114600	0.000213
114650	-0.068488
114700	-0.076559
114750	0.062986
114800	-0.141554
114850	-0.062580
114900	-0.029921
114950	-0.082429
115000	0.029371
115050	-0.205057
115100	0.147829
115150	0.160010
115200	0.024051
115250	0.133320
115300	-0.114416
115350	0.233163
115400	-0.049513
115450	0.007275
115500	0.052183
115550	-0.061114
115600	0.118070
115650	0.067074
115700	0.069027
115750	-0.033354
115800	0.060908
115850	-0.099031
115900	-0.248122
115950	-0.202854
116000	-0.111460
116050	-0.087161
116100	0.011066
116150	-0.074893
116200	0.033100
116250	0.045636
116300	-0.061787
116350	-0.003336
116400	0.049409
116450	0.060025
116500	-0.045410
116550	-0.101198
116600	0.079263
116650	0.019341
116700	-0.051917
116750	-0.224612
116800	-0.055297
116850	0.096011
116900	-0.029925
116950	-0.193764
117000	-0.054795
117050	0.018345
117100	-0.184532
117150	0.021156
117200	-0.046348
117250	-0.094260
117300	-0.155136
117350	-0.233339
117400	0.013950
117450	0.013244
117500	0.217931
117550	0.195768
117600	0.087769
117650	0.004362
117700	-0.003742
117750	-0.044528
117800	0.069698
117850	-0.140036
117900	0.125523
117950	-0.084143
118000	-0.180748
118050	-0.035217
118100	-0.066890
118150	-0.001508
118200	0.230307
118250	0.086692
118300	0.013732
118350	-0.013967
118400	-0.117337
118450	0.010791
118500	0.256133
118550	-0.028962
118600	0.014063
118650	-0.011143
118700	0.004562
118750	0.056171
118800	0.070476
118850	0.064826
118900	-0.221410
118950	-0.102440
119000	0.018892
119050	-0.075162
119100	-0.055621
119150	-0.006288
119200	0.013101
119250	0.121171
119300	-0.142001
119350	0.046268
119400	0.216286
119450	-0.123784
119500	0.001653
119550	0.080601
119600	-0.068284
119650	-0.018222
119700	-0.088788
119750	0.054802
119800	-0.000412
119850	0.136668
119900	0.007491
119950	-0.019077
120000	0.102796
120050	-0.212486
120100	-0.306626
120150	-0.142419
120200	-0.004073
120250	-0.134000
120300	0.043840
120350	0.048053
120400	-0.109028
120450	-0.130969
120500	-0.233547
120550	0.009848
120600	0.021638
120650	-0.081827
120700	0.069118
120750	-0.028878
120800	-0.027772
120850	-0.055699
120900	0.012257
120950	0.159583
121000	0.124482
121050	0.142065
121100	-0.089918
121150	0.032664
121200	-0.211764
121250	0.157829
121300	0.000558
121350	0.013718
121400	0.032583
121450	0.083725
121500	0.108339
121550	0.058346
121600	0.111022
121650	-0.169254
121700	0.003273
121750	0.146328
121800	-0.177568
121850	0.093777
121900	-0.125696
121950	-0.101758
122000	0.053250
122050	0.077901
122100	0.002260
122150	-0.066374
122200	-0.076939
122250	-0.016313
122300	-0.135756
122350	0.063341
122400	0.119151
122450	-0.133992
122500	-0.158848
122550	-0.001441
122600	0.049953
122650	0.134668
122700	-0.026315
122750	0.078769
122800	-0.184194
122850	-0.139780
122900	-0.184095
122950	0.103345
123000	0.041511
123050	0.124271
123100	-0.033846
123150	0.021180
123200	-0.040906
123250	0.009314
123300	-0.072280
123350	0.080553
123400	0.093003
123450	0.010601
123500	0.035082
123550	-0.017521
123600	0.066098
123650	-0.104260
123700	0.050167
123750	-0.042960
123800	0.002297
123850	-0.071523
123900	-0.190024
123950	0.147475
124000	-0.068323
124050	-0.077117
124100	0.071031
124150	-0.236022
124200	-0.176472
124250	-0.179133
124300	0.092490
124350	-0.065457
124400	-0.075240
124450	0.028532
124500	-0.034320
124550	-0.002916
124600	0.156685
124650	0.096431
124700	0.011514
124750	-0.001625
124800	-0.148159
124850	-0.028373
124900	-0.048108
124950	0.018263
125000	0.044831
125050	-0.022171
125100	-0.029167
125150	-0.239134
125200	-0.048000
125250	-0.041818
125300	0.114551
125350	-0.059430
125400	-0.067235
125450	-0.115524
125500	-0.020510
125550	-0.042750
125600	0.040837
125650	0.177224
125700	-0.265263
125750	-0.043786
125800	-0.013017
125850	0.055684
125900	0.092598
125950	0.068646
126000	0.015309
126050	-0.140273
126100	0.013423
126150	0.008886
126200	0.078497
126250	-0.081712
126300	-0.088410
126350	-0.047166
126400	-0.183754
126450	-0.029861
126500	0.024480
126550	0.056123
126600	0.096881
126650	0.017772
126700	-0.121650
126750	0.041353
126800	-0.097173
126850	0.041819
126900	-0.097663
126950	-0.061568
127000	-0.015709
127050	-0.076060
127100	0.109750
127150	-0.107841
127200	0.018803
127250	-0.034024
127300	0.068058
127350	-0.182918
127400	0.109904
127450	0.054925
127500	0.103818
127550	-0.020913
127600	-0.050881
127650	0.227860
127700	0.076624
127750	-0.158852
127800	-0.201083
127850	0.089156
127900	-0.104169
127950	-0.114473
128000	-0.353383
128050	-0.078246
128100	-0.181563
128150	-0.186376
128200	-0.120749
128250	0.156025
128300	-0.063050
128350	0.088977
128400	0.009016
128450	0.061041
128500	0.180484
128550	-0.111108
128600	-0.143285
128650	-0.019647
128700	-0.037375
128750	-0.151889
128800	-0.221959
128850	0.021008
128900	-0.208215
128950	-0.159687
129000	0.131500
129050	0.103958
129100	-0.097428
129150	0.123261
129200	0.008418
129250	-0.222360
129300	-0.097834
129350	0.151890
129400	0.021819
129450	-0.165224
129500	0.016062
129550	-0.038470
129600	0.117432
129650	0.031095
129700	0.108161
129750	0.078456
129800	-0.140714
129850	0.055536
129900	-0.015371
129950	-0.015384
130000	0.120012
130050	-0.000151
130100	-0.129059
130150	-0.023099
130200	-0.094598
130250	0.040125
130300	0.023528
130350	-0.207347
130400	0.124733
130450	0.038139
130500	-0.122383
130550	0.018555
130600	-0.020864
130650	-0.186729
130700	0.079547
130750	-0.039174
130800	0.030597
130850	0.096458
130900	-0.143048
130950	0.156654
131000	-0.020839
131050	-0.032554
131100	-0.108748
131150	-0.020883
131200	0.065363
131250	-0.033975
131300	-0.122674
131350	0.123794
131400	-0.073688
131450	0.091922
131500	-0.265280
131550	-0.078162
131600	0.179669
131650	0.051719
131700	-0.167609
131750	-0.094894
131800	-0.078308
131850	0.050552
131900	0.053641
131950	-0.097226
132000	-0.136624
132050	-0.086484
132100	0.038692
132150	0.054299
132200	0.037677
132250	0.046214
132300	0.023099
132350	-0.147842
132400	-0.132746
132450	0.070241
132500	-0.022193
132550	-0.023979
132600	-0.112053
132650	0.074725
132700	0.061477
132750	-0.178426
132800	0.014410
132850	0.091234
132900	-0.120492
132950	-0.023645
133000	-0.058506
133050	-0.030957
133100	-0.018754
133150	0.045413
133200	-0.197065
133250	0.112030
133300	-0.059875
133350	-0.077076
133400	0.117238
133450	0.194577
133500	-0.035381
133550	-0.082152
133600	0.155731
133650	0.052527
133700	0.143474
133750	-0.190132
133800	-0.207760
133850	0.058584
133900	0.169397
133950	0.134516
134000	0.004309
134050	-0.095620
134100	0.097807
134150	0.043836
134200	-0.037444
134250	-0.190297
134300	-0.017570
134350	0.030655
134400	-0.087648
134450	-0.037329
134500	-0.059055
134550	-0.191384
134600	-0.107797
134650	0.021322
134700	-0.053768
134750	-0.268925
134800	0.017067
134850	-0.073600
134900	0.141131
134950	-0.107661
135000	-0.057583
135050	-0.219129
135100	-0.091157
135150	-0.139488
135200	-0.016748
135250	0.103124
135300	0.167591
135350	-0.131987
135400	0.061444
135450	0.127492
135500	-0.021563
135550	-0.044848
135600	-0.178030
135650	-0.032656
135700	-0.105682
135750	-0.027858
135800	0.023990
135850	0.010135
135900	-0.135695
135950	-0.006856
136000	0.174607
136050	0.041237
136100	-0.031532
136150	-0.234516
136200	0.102147
136250	-0.105438
136300	0.093191
136350	-0.076299
136400	0.010224
136450	0.017003
136500	0.022205
136550	-0.244396
136600	-0.022333
136650	0.092269
136700	-0.167510
136750	-0.004049
136800	-0.238133
136850	0.018849
136900	0.107928
136950	-0.072740
137000	0.054842
137050	0.050813
137100	0.275363
137150	-0.030085
137200	-0.119811
137250	0.071180
137300	-0.074568
137350	0.092599
137400	0.058358
137450	-0.091161
137500	-0.144677
137550	0.014114
137600	-0.016150
137650	0.115447
137700	-0.039389
137750	-0.126144
137800	0.049652
137850	0.010121
137900	-0.150631
137950	0.147864
138000	0.046413
138050	-0.004247
138100	-0.054807
138150	-0.082477
138200	0.139853
138250	0.015025
138300	-0.010603
138350	0.178865
138400	0.068895
138450	0.032064
138500	0.184289
138550	0.032437
138600	0.180965
138650	-0.101773
138700	-0.076164
138750	-0.069740
138800	-0.120156
138850	-0.146456
138900	-0.131761
138950	-0.012418
139000	0.145811
139050	0.045433
139100	-0.127466
139150	-0.074630
139200	-0.031603
139250	0.056671
139300	0.199048
139350	-0.027903
139400	0.054684
139450	-0.086232
139500	-0.068206
139550	-0.040957
139600	-0.028798
139650	-0.037865
139700	-0.082863
139750	-0.177726
139800	0.006462
139850	-0.059125
139900	-0.141091
139950	0.133374
140000	-0.168770
140050	-0.050266
140100	-0.014657
140150	-0.002864
140200	0.114134
140250	-0.250876
140300	0.044234
140350	-0.194490
140400	-0.107174
140450	-0.073870
140500	-0.048481
140550	0.081544
140600	0.216531
140650	-0.273741
140700	-0.115759
140750	0.055142
140800	-0.315019
140850	0.090595
140900	-0.263610
140950	0.301196
141000	-0.156631
141050	0.124336
141100	0.029118
141150	0.016602
141200	-0.033632
141250	0.087990
141300	-0.069368
141350	-0.091775
141400	0.112617
141450	-0.104638
141500	0.067707
141550	0.001296
141600	0.059061
141650	0.080931
141700	0.112443
141750	-0.042666
141800	-0.029271
141850	0.085256
141900	-0.111608
141950	-0.015748
142000	-0.134196
142050	0.050196
142100	0.045610
142150	-0.197339
142200	-0.140002
142250	-0.167980
142300	-0.176426
142350	-0.160437
142400	0.180199
142450	-0.010700
142500	0.068748
142550	0.232684
142600	-0.095694
142650	-0.341196
142700	0.255165
142750	0.010443
142800	-0.018634
142850	0.046507
142900	-0.014936
142950	-0.223040
143000	-0.065446
143050	-0.054955
143100	-0.029236
143150	0.035515
143200	0.026315
143250	0.059600
143300	0.064158
143350	0.012494
143400	0.102628
143450	0.049979
143500	0.055376
143550	0.088302
143600	-0.027469
143650	-0.018231
143700	0.104431
143750	-0.099251
143800	0.188657
143850	0.017864
143900	0.086429
143950	-0.114085
144000	-0.199386
144050	0.170983
144100	0.178727
144150	-0.176365
144200	-0.216837
144250	-0.041552
144300	-0.032857
144350	0.148366
144400	-0.164703
144450	0.003738
144500	-0.087458
144550	-0.016233
144600	0.254884
144650	-0.035060
144700	-0.135721
144750	-0.087472
144800	0.134644
144850	0.044567
144900	0.085825
144950	-0.126614
145000	-0.059538
145050	-0.158035
145100	-0.002109
145150	0.292217
145200	0.069713
145250	-0.060619
145300	-0.098658
145350	-0.024204
145400	-0.084403
145450	0.074590
145500	-0.016263
145550	0.037978
145600	-0.149207
145650	-0.107096
145700	0.164397
145750	0.041428
145800	0.111500
145850	-0.039085
145900	-0.141460
145950	-0.140621
146000	-0.194717
146050	0.147477
146100	-0.238877
146150	-0.150924
146200	0.017135
146250	-0.217296
146300	-0.174778
146350	-0.161189
146400	-0.375280
146450	0.072832
146500	-0.068622
146550	0.035676
146600	-0.091526
146650	0.076644
146700	-0.048900
146750	0.108225
146800	0.195335
146850	0.092193
146900	-0.082249
146950	0.066446
147000	0.018126
147050	-0.015145
147100	-0.023530
147150	0.051267
147200	0.004153
147250	-0.050237
147300	-0.087035
147350	-0.190159
147400	0.064953
147450	-0.030304
147500	0.027447
147550	-0.029619
147600	0.006901
147650	-0.213653
147700	0.053023
147750	0.066582
147800	-0.065766
147850	-0.193677
147900	-0.053184
147950	0.055160
148000	-0.003263
148050	0.004461
148100	0.105801
148150	0.055912
148200	0.129214
148250	0.006136
148300	-0.168395
148350	-0.079824
148400	0.023620
148450	0.139237
148500	-0.042647
148550	-0.054810
148600	0.060929
148650	0.052327
148700	0.044189
148750	0.006430
148800	0.162243
148850	-0.127984
148900	0.238854
148950	-0.229711
149000	-0.125911
149050	0.129016
149100	0.079801
149150	0.028959
149200	-0.080099
149250	-0.186775
149300	0.002799
149350	0.056991
149400	0.041182
149450	-0.014570
149500	0.024733
149550	-0.101679
149600	-0.082070
149650	-0.009910
149700	-0.117079
149750	0.032719
149800	0.176110
149850	0.052496
149900	0.052764
149950	0.024194
150000	-0.388842
150050	0.066731
150100	-0.068170
150150	-0.071915
150200	0.007777
150250	0.019864
150300	-0.100523
150350	-0.025780
150400	0.020121
150450	0.066762
150500	-0.014078
150550	-0.137325
150600	-0.009987
150650	0.000562
150700	0.032349
150750	-0.090831
150800	0.004455
150850	-0.027215
150900	0.114490
150950	0.100375
151000	0.150794
151050	-0.012652
151100	-0.267688
151150	-0.157012
151200	0.078209
151250	0.270624
151300	0.036478
151350	0.073074
151400	-0.164277
151450	-0.179165
151500	-0.180968
151550	-0.158371
151600	-0.091357
151650	-0.037107
151700	-0.160410
151750	-0.105668
151800	-0.099906
151850	0.067901
151900	-0.013200
151950	0.090744
152000	-0.054983
152050	-0.009882
152100	0.038445
152150	0.035859
152200	-0.030160
152250	0.122309
152300	0.070748
152350	-0.021587
152400	-0.124524
152450	-0.050824
152500	-0.074286
152550	-0.053343
152600	-0.031728
152650	-0.024419
152700	0.000944
152750	-0.033688
152800	-0.009950
152850	0.037803
152900	0.016820
152950	-0.214750
153000	-0.169331
153050	-0.096321
153100	-0.142439
153150	0.003909
153200	-0.185398
153250	0.077731
153300	-0.045043
153350	0.028512
153400	-0.109184
153450	0.202889
153500	0.009527
153550	-0.003546
153600	0.069944
153650	-0.007740
153700	-0.137487
153750	0.105136
153800	0.156916
153850	0.016608
153900	0.089458
153950	-0.132121
154000	0.015120
154050	-0.012919
154100	0.066158
154150	0.105668
154200	0.013346
154250	0.144355
154300	-0.058184
154350	-0.078029
154400	0.177681
154450	-0.082377
154500	0.064392
154550	0.010218
154600	-0.115848
154650	0.022807
154700	0.241569
154750	-0.053626
154800	0.295667
154850	-0.058002
154900	0.193619
154950	-0.145881
155000	-0.097854
155050	0.041962
155100	-0.044862
155150	-0.077135
155200	0.061476
155250	0.157899
155300	0.140761
155350	-0.008727
155400	-0.139700
155450	0.039485
155500	0.058321
155550	-0.044606
155600	0.236304
155650	0.065235
155700	0.019969
155750	-0.140628
155800	0.031154
155850	-0.028224
155900	0.136327
155950	-0.161341
156000	0.140171
156050	-0.007943
156100	0.046869
156150	-0.092038
156200	0.177877
156250	-0.009551
156300	0.082432
156350	-0.031889
156400	0.061623
156450	-0.086335
156500	0.224741
156550	-0.032679
156600	-0.072819
156650	0.001511
156700	0.130962
156750	-0.031046
156800	0.074219
156850	0.083162
156900	0.053674
156950	-0.005920
157000	0.177800
157050	0.022869
157100	-0.045880
157150	-0.029300
157200	0.039036
157250	0.039984
157300	-0.065259
157350	0.202543
157400	0.170348
157450	-0.082663
157500	0.174189
157550	-0.110421
157600	-0.156401
157650	-0.073670
157700	-0.121728
157750	-0.147950
157800	-0.042602
157850	0.074907
157900	-0.152094
157950	-0.055974
158000	0.098757
158050	0.009001
158100	-0.051323
158150	0.048604
158200	-0.028933
158250	0.110396
158300	0.171354
158350	-0.026843
158400	0.073582
158450	0.036683
158500	0.017479
158550	-0.118758
158600	0.083191
158650	0.007719
158700	-0.045366
158750	0.065624
158800	0.015285
158850	-0.031729
158900	0.113734
158950	-0.198782
159000	0.028460
159050	-0.121964
159100	-0.069291
159150	0.074079
159200	0.020331
159250	0.032849
159300	0.107844
159350	-0.058690
159400	0.079553
159450	-0.085775
159500	-0.130117
159550	-0.144504
159600	-0.095181
159650	-0.023063
159700	-0.029679
159750	-0.095108
159800	-0.062399
159850	-0.020563
159900	0.209884
159950	0.143191
160000	-0.037287
160050	0.008909
160100	-0.068772
160150	-0.198196
160200	-0.151535
160250	-0.018594
160300	0.065492
160350	-0.179391
160400	0.030007
160450	-0.087879
160500	0.013290
160550	-0.035038
160600	0.178284
160650	0.027208
160700	0.070807
160750	0.166738
160800	0.174038
160850	-0.004021
160900	0.015858
160950	0.024108
161000	-0.176572
161050	-0.185463
161100	-0.011102
161150	-0.014257
161200	-0.033216
161250	-0.014424
161300	-0.021859
161350	0.020044
161400	-0.011689
161450	0.114789
161500	0.027296
161550	0.000949
161600	0.058490
161650	-0.085343
161700	-0.013515
161750	0.043109
161800	0.034603
161850	-0.054625
161900	-0.027949
161950	0.190495
162000	-0.133986
162050	-0.036480
162100	-0.100469
162150	0.013356
162200	0.193820
162250	0.071425
162300	0.064736
162350	-0.008947
162400	-0.177777
162450	0.080350
162500	0.140669
162550	0.016664
162600	0.130364
162650	0.067535
162700	0.037279
162750	-0.076634
162800	-0.017817
162850	0.121686
162900	0.034197
162950	-0.207851
163000	-0.154457
163050	0.080502
163100	-0.030508
163150	-0.105824
163200	0.110505
163250	-0.152344
163300	0.252604
163350	0.112001
163400	-0.031346
163450	0.096700
163500	-0.128171
163550	0.178534
163600	0.113796
163650	-0.008498
163700	0.178220
163750	0.065393
163800	-0.185748
163850	-0.163382
163900	-0.255432
163950	-0.084026
164000	0.143759
164050	-0.003828
164100	-0.220402
164150	-0.111634
164200	0.023873
164250	0.093813
164300	0.103145
164350	-0.151642
164400	0.088792
164450	-0.004018
164500	0.065385
164550	0.014745
164600	0.004264
164650	-0.097221
164700	0.001705
164750	0.135019
164800	-0.130125
164850	-0.035028
164900	-0.059903
164950	0.078121
165000	0.044155
165050	0.028144
165100	0.067007
165150	-0.130150
165200	-0.086209
165250	0.133872
165300	0.040356
165350	-0.065307
165400	0.020444
165450	0.119652
165500	-0.196564
165550	-0.172697
165600	-0.018240
165650	0.133735
165700	-0.014187
165750	-0.104753
165800	0.075052
165850	0.192637
165900	-0.065533
165950	-0.153009
166000	0.056469
166050	-0.174587
166100	0.006054
166150	0.244724
166200	-0.092070
166250	-0.058624
166300	-0.010787
166350	0.217836
166400	0.330641
166450	-0.028172
166500	0.004705
166550	0.083406
166600	0.091755
166650	0.024981
166700	0.160281
166750	0.180551
166800	0.123356
166850	-0.016720
166900	-0.152986
166950	-0.098628
167000	-0.034576
167050	-0.037751
167100	-0.079182
167150	0.103959
167200	0.046477
167250	0.091772
167300	0.090042
167350	-0.137963
167400	-0.045110
167450	-0.018136
167500	0.003316
167550	-0.000410
167600	0.057454
167650	-0.003912
167700	0.040682
167750	0.025581
167800	0.242359
167850	-0.096604
167900	0.270773
167950	0.104869
168000	-0.132707
168050	-0.240375
168100	-0.042121
168150	-0.127991
168200	-0.004242
168250	-0.010559
168300	0.094296
168350	-0.192094
168400	-0.003059
168450	-0.054861
168500	-0.024468
168550	-0.062706
168600	0.026791
168650	-0.042258
168700	-0.127621
168750	0.073334
168800	0.157930
168850	0.181891
168900	0.100380
168950	0.040385
169000	0.233704
169050	0.245993
169100	-0.049995
169150	-0.050980
169200	0.178914
169250	0.227087
169300	-0.048446
169350	0.055385
169400	-0.068515
169450	-0.053292
169500	-0.259200
169550	-0.217204
169600	-0.000993
169650	-0.056110
169700	0.121154
169750	0.174238
169800	-0.118508
169850	0.017870
169900	-0.036367
169950	0.002423
170000	0.025389
170050	0.099105
170100	0.167511
170150	0.047957
170200	0.060553
170250	0.041643
170300	0.150360
170350	0.001322
170400	-0.184778
170450	0.026834
170500	0.099967
170550	-0.016232
170600	-0.113859
170650	0.092275
170700	-0.069246
170750	0.003267
170800	0.068156
170850	0.126426
170900	-0.068841
170950	0.003835
171000	0.053474
171050	-0.166780
171100	-0.107627
171150	0.230035
171200	-0.027696
171250	0.014812
171300	0.047509
171350	-0.093771
171400	-0.084120
171450	0.176455
171500	0.047424
171550	-0.025819
171600	-0.054385
171650	-0.117468
171700	0.103544
171750	0.191477
171800	0.064187
171850	-0.074556
171900	0.088245
171950	0.085859
172000	-0.011380
172050	0.119693
172100	0.109410
172150	0.116211
172200	-0.060939
172250	0.117531
172300	0.012820
172350	-0.246484
172400	-0.172069
172450	-0.093621
172500	0.057125
172550	-0.088315
172600	0.265712
172650	0.099153
172700	-0.251373
172750	-0.017671
172800	-0.173795
172850	-0.044594
172900	-0.091521
172950	-0.135981
173000	0.103660
173050	-0.048474
173100	-0.078810
173150	-0.068382
173200	0.166646
173250	0.089131
173300	0.128295
173350	0.250339
173400	-0.004849
173450	-0.020772
173500	-0.175310
173550	0.024559
173600	0.100013
173650	0.128428
173700	-0.225806
173750	-0.098513
173800	0.024730
173850	-0.188249
173900	0.137982
173950	-0.215186
174000	0.053961
174050	-0.128467
174100	-0.128598
174150	-0.042935
174200	0.115653
174250	0.098409
174300	-0.103826
174350	0.030211
174400	-0.020139
174450	-0.151273
174500	-0.115298
174550	-0.053743
174600	0.121814
174650	0.091274
174700	-0.193792
174750	-0.097896
174800	-0.062032
174850	0.132775
174900	0.055700
174950	0.252937
175000	-0.077813
175050	-0.108446
175100	-0.089306
175150	0.015837
175200	-0.074992
175250	-0.113005
175300	0.148110
175350	-0.106583
175400	-0.058814
175450	0.126150
175500	0.033024
175550	0.164298
175600	0.050210
175650	-0.021642
175700	-0.029679
175750	0.053281
175800	-0.018768
175850	0.221366
175900	0.093046
175950	0.017450
176000	0.096725
176050	0.002139
176100	0.083505
176150	0.026334
176200	-0.104928
176250	-0.175385
176300	0.049330
176350	-0.096637
176400	0.023727
176450	0.128335
176500	-0.079435
176550	0.237924
176600	0.134072
176650	0.063221
176700	-0.018524
176750	-0.030952
176800	-0.057097
176850	0.022513
176900	-0.020779
176950	-0.054424
177000	-0.156082
177050	-0.131108
177100	-0.075055
177150	0.297838
177200	0.016367
177250	0.103167
177300	-0.213374
177350	-0.064595
177400	0.123041
177450	-0.006141
177500	0.126659
177550	0.036901
177600	0.012053
177650	0.040594
177700	0.154714
177750	-0.014186
177800	0.127802
177850	0.078043
177900	-0.102508
177950	-0.184255
178000	0.144234
178050	0.132712
178100	0.108752
178150	0.003208
178200	0.194914
178250	-0.036200
178300	0.059673
178350	0.122958
178400	-0.028451
178450	-0.060278
178500	0.054144
178550	0.040445
178600	-0.011315
178650	0.130445
178700	-0.083967
178750	-0.056202
178800	-0.138023
178850	-0.046920
178900	-0.303272
178950	-0.124643
179000	-0.105141
179050	-0.230834
179100	-0.192766
179150	-0.053809
179200	0.029932
179250	-0.056993
179300	0.023800
179350	-0.077259
179400	-0.113677
179450	0.116864
179500	0.233570
179550	0.016419
179600	0.149697
179650	-0.185328
179700	-0.021633
179750	0.026049
179800	-0.085896
179850	-0.037005
179900	-0.123556
179950	-0.058101
180000	-0.157806
180050	-0.020876
180100	0.002685
180150	0.028340
180200	-0.034586
180250	0.039263
180300	-0.187021
180350	-0.116090
180400	-0.190763
180450	0.235480
180500	0.065309
180550	0.036671
180600	0.038383
180650	-0.099442
180700	-0.019290
180750	-0.156511
180800	-0.091117
180850	-0.075724
180900	0.198861
180950	0.219742
181000	-0.227701
181050	0.124997
181100	-0.089912
181150	-0.195965
181200	-0.105770
181250	-0.001234
181300	0.105455
181350	-0.080230
181400	0.012142
181450	0.229268
181500	-0.124594
181550	-0.149788
181600	-0.004956
181650	0.034212
181700	-0.082564
181750	0.034646
181800	-0.001109
181850	0.190316
181900	0.038614
181950	-0.014253
182000	0.116365
182050	0.007348
182100	-0.121284
182150	-0.049952
182200	-0.014605
182250	-0.256649
182300	-0.268472
182350	-0.064179
182400	-0.042028
182450	-0.018224
182500	-0.003641
182550	0.019835
182600	-0.052361
182650	-0.125221
182700	0.107982
182750	0.005957
182800	-0.010664
182850	0.140897
182900	0.032806
182950	-0.032571
183000	0.168845
183050	-0.142567
183100	0.017291
183150	-0.025967
183200	-0.136460
183250	-0.152506
183300	-0.194939
183350	0.022792
183400	-0.168080
183450	-0.067207
183500	-0.008082
183550	-0.214038
183600	0.036722
183650	0.018508
183700	0.011004
183750	0.206055
183800	0.192592
183850	0.128305
183900	0.040957
183950	0.051118
184000	-0.115964
184050	0.030585
184100	0.012138
184150	-0.074003
184200	-0.095860
184250	0.098817
184300	-0.155076
184350	0.037539
184400	-0.055560
184450	-0.100122
184500	-0.034608
184550	-0.245665
184600	0.000436
184650	0.149529
184700	0.136257
184750	0.026518
184800	-0.133029
184850	0.150154
184900	-0.058467
184950	-0.049869
185000	-0.074767
185050	-0.102294
185100	-0.109085
185150	-0.021841
185200	-0.018494
185250	-0.046985
185300	-0.157614
185350	-0.099819
185400	0.039651
185450	0.019470
185500	0.106849
185550	0.021911
185600	-0.017720
185650	0.126972
185700	-0.079269
185750	0.113610
185800	0.253935
185850	0.144534
185900	0.025446
185950	0.118708
186000	0.320271
186050	0.172876
186100	0.067515
186150	0.186145
186200	-0.081915
186250	-0.090595
186300	-0.062247
186350	0.044514
186400	-0.048056
186450	0.003761
186500	-0.044476
186550	-0.019186
186600	-0.044741
186650	-0.026419
186700	-0.209423
186750	0.025655
186800	-0.102432
186850	0.052768
186900	-0.076849
186950	0.087983
187000	-0.015961
187050	0.019607
187100	0.043361
187150	0.098349
187200	-0.037551
187250	-0.006152
187300	-0.075037
187350	-0.178021
187400	-0.091077
187450	-0.057412
187500	-0.087381
187550	-0.097965
187600	0.051575
187650	-0.049901
187700	-0.096257
187750	0.226110
187800	0.124696
187850	0.126854
187900	-0.027048
187950	-0.060427
188000	0.092586
188050	0.069519
188100	-0.039217
188150	-0.044416
188200	-0.009517
188250	-0.124687
188300	0.325547
188350	-0.057785
188400	-0.092124
188450	0.089245
188500	-0.117236
188550	-0.189176
188600	0.024338
188650	0.047124
188700	0.205567
188750	0.082245
188800	0.234133
188850	0.079808
188900	0.045555
188950	0.062465
189000	-0.182875
189050	0.039419
189100	-0.021221
189150	-0.061056
189200	-0.080283
189250	-0.028341
189300	0.029900
189350	-0.064532
189400	-0.072156
189450	0.008775
189500	-0.139496
189550	-0.261726
189600	0.064137
189650	0.000188
189700	0.014649
189750	0.073430
189800	0.045527
189850	0.129022
189900	0.113021
189950	-0.128244
190000	-0.022075
190050	-0.043338
190100	0.162996
190150	0.088568
190200	0.016836
190250	0.067415
190300	-0.003724
190350	0.113488
190400	-0.000575
190450	-0.025045
190500	-0.016448
190550	0.178260
190600	-0.216318
190650	0.107618
190700	0.193350
190750	-0.053598
190800	-0.188835
190850	-0.184073
190900	-0.027291
190950	-0.006055
191000	0.105701
191050	0.057329
191100	0.151450
191150	0.027804
191200	0.150074
191250	0.146850
191300	0.053854
191350	-0.038516
191400	0.005941
191450	-0.145692
191500	-0.102977
191550	-0.139732
191600	0.187324
191650	0.312947
191700	0.000685
191750	-0.034187
191800	-0.153231
191850	0.168417
191900	0.061737
191950	-0.020438
192000	0.110878
192050	-0.016822
192100	0.123506
192150	-0.103540
192200	-0.067580
192250	-0.067738
192300	0.100299
192350	0.151158
192400	0.097549
192450	-0.016717
192500	-0.112180
192550	-0.102839
192600	-0.105503
192650	0.089558
192700	0.099938
192750	-0.074637
192800	-0.046983
192850	-0.014497
192900	0.191836
192950	0.157299
193000	0.207358
193050	0.104965
193100	-0.102473
193150	0.105105
193200	0.106797
193250	-0.090874
193300	0.125856
193350	0.004856
193400	0.052006
193450	-0.050789
193500	-0.157781
193550	-0.146798
193600	-0.023818
193650	-0.154493
193700	0.142206
193750	0.202103
193800	0.126976
193850	0.043327
193900	0.019874
193950	-0.136283
194000	-0.061605
194050	0.071278
194100	0.265647
194150	0.122274
194200	0.009562
194250	0.013267
194300	-0.125242
194350	0.129655
194400	0.146690
194450	0.232638
194500	-0.048898
194550	0.130546
194600	0.175997
194650	0.156370
194700	0.116112
194750	-0.094920
194800	-0.010666
194850	0.020759
194900	-0.204401
194950	-0.049024
195000	0.361722
195050	0.109389
195100	0.024035
195150	0.203458
195200	0.182305
195250	0.271772
195300	0.039103
195350	0.096743
195400	-0.003549
195450	-0.033869
195500	-0.096805
195550	0.035181
195600	0.075050
195650	-0.117978
195700	-0.060466
195750	0.173576
195800	-0.025871
195850	-0.113886
195900	-0.022050
195950	-0.029254
196000	0.047831
196050	-0.077396
196100	-0.028229
196150	-0.056779
196200	0.107617
196250	-0.069617
196300	-0.081399
196350	-0.071543
196400	0.184028
196450	0.226034
196500	-0.112529
196550	0.231132
196600	-0.024958
196650	-0.094025
196700	-0.133494
196750	-0.002202
196800	0.081996
196850	0.190964
196900	0.081035
196950	0.135407
197000	0.044174
197050	0.179956
197100	-0.073399
197150	0.125710
197200	0.109912
197250	-0.013733
197300	-0.028977
197350	-0.045927
197400	-0.041083
197450	-0.022104
197500	-0.025267
197550	0.265546
197600	-0.074538
197650	0.029748
197700	0.075780
197750	-0.038959
197800	0.025810
197850	-0.319000
197900	-0.146390
197950	-0.171039
198000	-0.224392
198050	-0.205445
198100	-0.056256
198150	-0.064145
198200	0.041231
198250	0.097338
198300	-0.019075
198350	0.195111
198400	-0.051828
198450	-0.032731
198500	-0.056614
198550	-0.048508
198600	0.016136
198650	-0.036468
198700	0.054717
198750	-0.135152
198800	-0.201247
198850	-0.103799
198900	-0.101836
198950	0.049414
199000	-0.073529
199050	0.167819
199100	0.084401
199150	-0.185395
199200	-0.006006
199250	0.059611
199300	0.044047
199350	-0.096372
199400	0.029619
199450	-0.032913
199500	0.113085
199550	0.042015
199600	0.000729
199650	0.171516
199700	0.144331
199750	-0.123643
199800	-0.176095
199850	-0.087499
199900	-0.037575
199950	-0.086331
