# Time-averaged data for fix rgnetA
# TimeStep c_gyrA
10000 31.3901
20000 31.399
30000 31.3919
40000 31.3975
50000 31.4027
60000 31.4072
70000 31.4104
80000 31.4181
90000 31.424
100000 31.4279
110000 31.4344
120000 31.444
130000 31.4534
140000 31.4637
150000 31.4716
160000 31.4783
170000 31.4822
180000 31.4851
190000 31.4889
200000 31.4915
210000 31.4919
220000 31.496
230000 31.5039
240000 31.5113
250000 31.5174
260000 31.5244
270000 31.5325
280000 31.5415
290000 31.5511
300000 31.5593
310000 31.5681
320000 31.5758
330000 31.5848
340000 31.5939
350000 31.6031
360000 31.6115
370000 31.6199
380000 31.6283
390000 31.6369
400000 31.646
410000 31.6528
420000 31.6595
430000 31.6654
440000 31.6722
450000 31.6812
460000 31.6895
470000 31.6971
480000 31.7045
490000 31.7096
500000 31.715
510000 31.7193
520000 31.724
530000 31.7283
540000 31.7328
550000 31.7369
560000 31.7416
570000 31.7461
580000 31.7507
590000 31.7542
600000 31.7574
610000 31.7611
620000 31.7643
630000 31.7669
640000 31.7691
650000 31.7717
660000 31.7737
670000 31.7754
680000 31.7776
690000 31.7792
700000 31.7809
710000 31.7823
720000 31.7838
730000 31.7857
740000 31.7871
750000 31.7885
760000 31.7907
770000 31.7932
780000 31.7958
790000 31.7986
800000 31.8012
810000 31.8032
820000 31.8055
830000 31.8075
840000 31.8091
850000 31.8105
860000 31.8122
870000 31.8138
880000 31.816
890000 31.8181
900000 31.8202
910000 31.8219
920000 31.8233
930000 31.8247
940000 31.8264
950000 31.8279
960000 31.8291
970000 31.8299
980000 31.8308
990000 31.8323
1000000 31.8335
1010000 31.8341
1020000 31.8345
1030000 31.8344
1040000 31.8344
1050000 31.8347
1060000 31.8352
1070000 31.8359
1080000 31.8368
1090000 31.8381
1100000 31.8392
1110000 31.8405
1120000 31.8423
1130000 31.8443
1140000 31.846
1150000 31.8473
1160000 31.849
1170000 31.8507
1180000 31.8525
1190000 31.8542
1200000 31.8559
1210000 31.8579
1220000 31.8603
1230000 31.863
1240000 31.8655
1250000 31.868
1260000 31.8706
1270000 31.8732
1280000 31.8757
1290000 31.8785
1300000 31.8815
1310000 31.8846
1320000 31.8875
1330000 31.8905
1340000 31.8943
1350000 31.8983
1360000 31.9023
1370000 31.906
1380000 31.9099
1390000 31.9138
1400000 31.9175
1410000 31.921
1420000 31.9243
1430000 31.9274
1440000 31.9303
1450000 31.9336
1460000 31.937
1470000 31.9404
1480000 31.9436
1490000 31.9466
1500000 31.9498
1510000 31.9529
1520000 31.9563
1530000 31.9599
1540000 31.9632
1550000 31.9662
1560000 31.9693
1570000 31.9726
1580000 31.976
1590000 31.9792
1600000 31.9824
1610000 31.9859
1620000 31.9892
1630000 31.9921
1640000 31.9953
1650000 31.999
1660000 32.0026
1670000 32.006
1680000 32.0092
1690000 32.0124
1700000 32.016
1710000 32.0195
1720000 32.0232
1730000 32.0266
1740000 32.03
1750000 32.0332
1760000 32.0364
1770000 32.0395
1780000 32.0425
1790000 32.0454
1800000 32.0486
1810000 32.0519
1820000 32.0552
1830000 32.0585
1840000 32.0618
1850000 32.0651
1860000 32.0684
1870000 32.0713
1880000 32.0743
1890000 32.0771
1900000 32.0802
1910000 32.0831
1920000 32.0862
1930000 32.0893
1940000 32.0923
1950000 32.0954
1960000 32.0988
1970000 32.1021
1980000 32.1053
1990000 32.1085
2000000 32.1115
2010000 32.1144
2020000 32.1172
2030000 32.12
2040000 32.1228
2050000 32.1256
2060000 32.1288
2070000 32.1319
2080000 32.1352
2090000 32.1386
2100000 32.1423
2110000 32.146
2120000 32.1496
2130000 32.153
2140000 32.1564
2150000 32.1598
2160000 32.163
2170000 32.1663
2180000 32.1695
2190000 32.1727
2200000 32.1759
2210000 32.1788
2220000 32.1818
2230000 32.1847
2240000 32.1876
2250000 32.1905
2260000 32.1935
2270000 32.1963
2280000 32.1993
2290000 32.2023
2300000 32.2052
2310000 32.2081
2320000 32.2111
2330000 32.214
2340000 32.2169
2350000 32.2199
2360000 32.2229
2370000 32.226
2380000 32.2289
2390000 32.2317
2400000 32.2347
2410000 32.2379
2420000 32.2411
2430000 32.2443
2440000 32.2475
2450000 32.2506
2460000 32.2535
2470000 32.2562
2480000 32.2588
2490000 32.2612
2500000 32.2636
2510000 32.2662
2520000 32.2688
2530000 32.2715
2540000 32.2742
2550000 32.277
2560000 32.2798
2570000 32.2826
2580000 32.2856
2590000 32.2887
2600000 32.2917
2610000 32.2949
2620000 32.298
2630000 32.3011
2640000 32.3043
2650000 32.3077
2660000 32.3111
2670000 32.3143
2680000 32.3175
2690000 32.3207
2700000 32.324
2710000 32.3275
2720000 32.3309
2730000 32.3343
2740000 32.3378
2750000 32.3415
2760000 32.3452
2770000 32.3489
2780000 32.3524
2790000 32.3559
2800000 32.3594
2810000 32.3629
2820000 32.3665
2830000 32.3701
2840000 32.3736
2850000 32.3772
2860000 32.3809
2870000 32.3845
2880000 32.3881
2890000 32.3918
2900000 32.3955
2910000 32.3994
2920000 32.4034
2930000 32.4073
2940000 32.4112
2950000 32.4152
2960000 32.4191
2970000 32.4229
2980000 32.4266
2990000 32.4302
3000000 32.4337
3010000 32.4373
3020000 32.4409
3030000 32.4444
3040000 32.448
3050000 32.4517
3060000 32.4554
3070000 32.4591
3080000 32.4627
3090000 32.4662
3100000 32.4697
3110000 32.4732
3120000 32.4768
3130000 32.4801
3140000 32.4834
3150000 32.4867
3160000 32.4901
3170000 32.4936
3180000 32.497
3190000 32.5002
3200000 32.5035
3210000 32.5067
3220000 32.5099
3230000 32.5132
3240000 32.5166
3250000 32.5201
3260000 32.5236
3270000 32.5272
3280000 32.5306
3290000 32.5339
3300000 32.5371
3310000 32.5403
3320000 32.5434
3330000 32.5465
3340000 32.5494
3350000 32.5521
3360000 32.5549
3370000 32.558
3380000 32.561
3390000 32.5641
3400000 32.5672
3410000 32.5704
3420000 32.5735
3430000 32.5765
3440000 32.5794
3450000 32.5821
3460000 32.5846
3470000 32.5869
3480000 32.5892
3490000 32.5916
3500000 32.5941
3510000 32.5965
3520000 32.5988
3530000 32.6013
3540000 32.6038
3550000 32.6063
3560000 32.6088
3570000 32.6112
3580000 32.6138
3590000 32.6164
3600000 32.6192
3610000 32.6221
3620000 32.6249
3630000 32.6278
3640000 32.6305
3650000 32.6332
3660000 32.6359
3670000 32.6385
3680000 32.6412
3690000 32.644
3700000 32.6469
3710000 32.6498
3720000 32.6526
3730000 32.6552
3740000 32.6579
3750000 32.6606
3760000 32.6631
3770000 32.6657
3780000 32.6682
3790000 32.6707
3800000 32.6733
3810000 32.676
3820000 32.6787
3830000 32.6814
3840000 32.6841
3850000 32.6866
3860000 32.6892
3870000 32.6917
3880000 32.694
3890000 32.6964
3900000 32.6987
3910000 32.701
3920000 32.7034
3930000 32.7058
3940000 32.7082
3950000 32.7108
3960000 32.7134
3970000 32.716
3980000 32.7187
3990000 32.7214
4000000 32.724
4010000 32.7266
4020000 32.729
4030000 32.7315
4040000 32.734
4050000 32.7365
4060000 32.739
4070000 32.7416
4080000 32.7441
4090000 32.7467
4100000 32.7492
4110000 32.7516
4120000 32.7539
4130000 32.7564
4140000 32.7589
4150000 32.7614
4160000 32.7639
4170000 32.7664
4180000 32.7687
4190000 32.7711
4200000 32.7735
4210000 32.7758
4220000 32.7782
4230000 32.7806
4240000 32.783
4250000 32.7853
4260000 32.7876
4270000 32.7898
4280000 32.792
4290000 32.7942
4300000 32.7963
4310000 32.7985
4320000 32.8007
4330000 32.8029
4340000 32.8052
4350000 32.8075
4360000 32.8097
4370000 32.812
4380000 32.8144
4390000 32.8166
4400000 32.8188
4410000 32.821
4420000 32.8233
4430000 32.8256
4440000 32.8281
4450000 32.8306
4460000 32.8332
4470000 32.8358
4480000 32.8385
4490000 32.8412
4500000 32.8438
4510000 32.8463
4520000 32.8488
4530000 32.8512
4540000 32.8538
4550000 32.8563
4560000 32.8588
4570000 32.8612
4580000 32.8636
4590000 32.8658
4600000 32.8681
4610000 32.8703
4620000 32.8725
4630000 32.8748
4640000 32.8771
4650000 32.8793
4660000 32.8817
4670000 32.8841
4680000 32.8863
4690000 32.8886
4700000 32.8909
4710000 32.8932
4720000 32.8954
4730000 32.8977
4740000 32.8999
4750000 32.902
4760000 32.904
4770000 32.9059
4780000 32.9079
4790000 32.9099
4800000 32.9119
4810000 32.9138
4820000 32.9157
4830000 32.9176
4840000 32.9196
4850000 32.9215
4860000 32.9234
4870000 32.9255
4880000 32.9277
4890000 32.9298
4900000 32.9319
4910000 32.9341
4920000 32.9362
4930000 32.9384
4940000 32.9407
4950000 32.9429
4960000 32.945
4970000 32.9471
4980000 32.9492
4990000 32.9512
5000000 32.9532
5010000 32.9551
5020000 32.9571
5030000 32.9591
5040000 32.961
5050000 32.9629
5060000 32.965
5070000 32.9671
5080000 32.9692
5090000 32.9715
5100000 32.9737
5110000 32.9759
5120000 32.9781
5130000 32.9802
5140000 32.9823
5150000 32.9843
5160000 32.9863
5170000 32.9884
5180000 32.9904
5190000 32.9926
5200000 32.9947
5210000 32.9968
5220000 32.9988
5230000 33.0008
5240000 33.0028
5250000 33.0049
5260000 33.007
5270000 33.0091
5280000 33.0112
5290000 33.0134
5300000 33.0155
5310000 33.0177
5320000 33.0198
5330000 33.022
5340000 33.0243
5350000 33.0266
5360000 33.0289
5370000 33.0311
5380000 33.0333
5390000 33.0355
5400000 33.0377
5410000 33.0398
5420000 33.0419
5430000 33.0441
5440000 33.0463
5450000 33.0486
5460000 33.0508
5470000 33.053
5480000 33.0552
5490000 33.0574
5500000 33.0596
5510000 33.0618
5520000 33.064
5530000 33.0662
5540000 33.0683
5550000 33.0705
5560000 33.0728
5570000 33.0751
5580000 33.0772
5590000 33.0794
5600000 33.0816
5610000 33.0837
5620000 33.0858
5630000 33.0879
5640000 33.09
5650000 33.0921
5660000 33.0942
5670000 33.0962
5680000 33.0982
5690000 33.1002
5700000 33.1022
5710000 33.1042
5720000 33.106
5730000 33.1079
5740000 33.1099
5750000 33.1119
5760000 33.114
5770000 33.1161
5780000 33.1182
5790000 33.1202
5800000 33.1222
5810000 33.1242
5820000 33.1263
5830000 33.1282
5840000 33.1302
5850000 33.1321
5860000 33.134
5870000 33.1359
5880000 33.1378
5890000 33.1396
5900000 33.1414
5910000 33.1432
5920000 33.1451
5930000 33.147
5940000 33.1489
5950000 33.1508
5960000 33.1527
5970000 33.1547
5980000 33.1566
5990000 33.1585
6000000 33.1605
