2.244986
0.605875
0.371220
0.236451
0.163198
0.185451
0.180673
0.114586
0.216229
0.145929
0.207006
0.308374
0.167810
0.081430
0.150621
0.091778
0.116231
0.150569
0.112568
0.165556
0.116181
0.031772
0.096880
0.054287
0.010179
-0.037646
0.058739
0.032691
0.143033
0.039491
0.056466
0.129673
0.055018
0.135608
0.058565
0.070454
0.040334
0.118229
0.094329
0.066465
0.046502
0.005700
0.068317
0.113192
0.032997
0.048106
0.019932
0.073563
0.057099
0.155172
0.109609
0.090139
0.148411
0.056440
0.059733
-0.038207
0.073587
0.116746
0.105000
0.108629
0.071326
0.082126
0.088933
0.092579
0.021684
0.070405
0.130522
0.181713
0.081272
0.096216
0.039058
0.020443
0.182717
0.135886
0.141577
0.183067
0.097479
0.055690
-0.004843
0.026753
0.108679
-0.036395
-0.020203
0.036405
-0.013238
0.014373
0.030588
0.013266
-0.009284
0.060719
-0.056375
0.023233
0.078475
0.047173
0.113207
0.156715
0.188884
0.104381
0.146551
0.088956
0.052103
0.010103
-0.085046
-0.000249
0.066281
0.086738
0.044213
-0.084006
0.085519
0.088578
0.087345
0.098685
0.099047
0.067535
-0.029859
-0.015519
-0.022149
0.052084
0.121770
0.059001
-0.007339
-0.048706
0.010129
-0.013449
-0.006904
0.034895
0.002913
-0.094122
-0.048349
0.187873
0.153993
0.033393
0.025851
-0.011891
0.061911
0.100941
0.134966
-0.006975
0.087315
0.159330
0.152032
0.047161
0.045480
0.078098
0.077191
0.073151
0.033827
0.057109
0.075951
0.044655
0.067503
-0.009046
0.126906
0.080473
0.091400
0.086643
0.054224
0.032495
0.027802
0.034156
0.096145
0.104749
0.150557
0.087675
0.104040
0.113212
-0.030027
-0.036053
0.066487
0.041046
0.115883
0.076496
0.104606
0.133446
0.057084
0.065331
0.148262
0.093560
0.098229
0.025744
0.052296
0.032687
0.021781
-0.002314
0.058658
0.020750
0.057207
-0.015843
0.046094
0.091923
-0.060827
-0.060089
-0.001088
0.005692
0.043019
0.005878
-0.049235
0.018835
-0.002785
0.011520
0.137196
0.114130
-0.034516
0.090579
0.051597
0.017196
0.073553
0.046934
0.127480
0.009908
-0.016784
0.016839
-0.018554
0.062252
0.072802
-0.029325
0.017014
0.037644
0.014889
0.037099
0.067680
0.012285
0.036859
0.072803
0.088144
0.089853
-0.004081
0.037971
0.079061
0.055912
0.056104
-0.009793
0.052705
0.004158
-0.038214
-0.138439
-0.081229
0.012318
0.025871
0.144522
0.109786
0.057505
0.037801
0.153373
0.041577
0.002721
-0.033936
0.002096
-0.084291
0.026325
-0.046362
-0.033600
-0.089902
-0.025512
0.029900
0.038944
0.094393
0.032524
0.041475
0.003371
-0.020550
0.045591
0.069176
0.112267
0.025777
0.054628
-0.008271
-0.032931
-0.087153
0.017084
0.036815
0.083946
0.015809
0.014795
-0.091439
0.006211
-0.001203
-0.016489
-0.100144
-0.056000
-0.045516
-0.044834
0.074003
0.020626
0.079206
0.042862
-0.038513
-0.001724
0.063205
0.014022
-0.018638
-0.000410
-0.016414
-0.013541
0.012952
-0.056808
-0.041916
0.039066
0.033667
-0.062047
0.016924
0.055280
-0.016865
0.012689
0.024204
0.000282
0.003385
0.118144
0.152088
0.030296
0.047683
0.044771
0.040799
0.026514
-0.018790
-0.004504
0.073352
-0.019250
-0.079984
0.043235
0.016259
-0.008394
0.028953
0.047089
0.007149
0.029301
0.051697
0.072884
0.004307
-0.007604
0.144434
0.063728
0.006050
0.045373
0.098528
0.038771
0.008547
0.054971
0.049902
0.082213
0.027328
-0.012386
-0.016562
0.049732
0.136985
-0.026326
-0.020919
0.069448
-0.017833
0.077682
0.181147
0.047870
0.047239
0.057564
-0.009251
-0.078154
0.049344
0.065527
0.040907
0.028806
0.061081
-0.020684
0.012325
0.058488
0.080784
0.041179
-0.032725
-0.044800
0.011586
0.059603
0.110759
0.077588
0.028764
0.061493
0.046369
0.097977
0.026640
-0.067548
-0.008538
-0.010055
-0.014147
-0.009051
0.008159
0.037242
-0.031046
0.004461
0.104920
0.058501
0.078221
0.050482
0.037469
-0.033492
0.000349
0.007895
0.058080
-0.054814
-0.041040
-0.149220
0.067324
0.093420
-0.025246
0.028455
0.008452
0.044381
0.132053
-0.023322
-0.013747
-0.014065
0.057257
-0.005777
0.023052
-0.028400
-0.026190
-0.064419
0.049670
0.077759
0.055672
0.059355
0.031944
0.037112
0.031354
0.067366
0.037391
0.040190
0.126135
-0.005148
0.101980
0.018108
-0.030719
0.007735
0.036157
0.138053
0.011962
0.098548
-0.028498
-0.010668
0.066184
0.173872
0.037469
0.071876
0.024226
0.056479
0.113776
0.098140
0.077033
0.141871
0.056391
-0.029649
0.008309
0.058274
-0.010675
0.032281
0.070378
0.028336
0.055548
0.010909
-0.089311
-0.047387
0.083809
-0.020698
0.090974
0.095387
0.027710
0.079658
0.022831
0.015277
0.041709
0.063853
-0.022266
-0.022072
0.073896
-0.034151
0.060000
0.067280
0.091077
0.031435
0.065595
0.094980
0.088310
0.132593
0.105938
0.047051
0.011740
-0.030020
-0.021541
-0.068266
0.018661
0.008993
-0.097457
0.066911
0.077843
0.103722
0.097765
0.098360
0.133231
-0.030270
0.036155
0.025053
0.026563
0.075810
0.104824
0.062199
0.012399
0.051741
0.097187
0.103052
0.034665
0.076770
0.042990
0.053265
-0.014040
0.056652
0.111788
-0.122909
-0.177185
-0.099322
-0.055647
-0.057025
-0.106310
-0.072962
0.099241
-0.056878
0.018714
0.001458
0.035337
-0.003877
-0.046905
0.002429
0.052707
0.040449
0.098042
0.058848
0.011403
0.004400
0.074664
0.020335
0.034265
0.061788
-0.034142
-0.050279
-0.030990
0.116969
0.079825
0.091692
0.093521
0.066433
0.053378
0.056385
0.014928
0.034274
-0.009417
-0.004629
-0.044629
-0.019486
0.046829
-0.046656
-0.074193
0.012041
-0.006154
-0.026145
0.027137
0.073564
-0.004143
-0.028201
-0.087897
0.017941
0.091037
0.037787
-0.021795
-0.039462
0.048795
0.005645
-0.067790
0.016491
0.024648
-0.001026
-0.026540
0.138373
0.034637
0.037465
0.031767
0.022235
-0.001292
0.076221
-0.019324
-0.055199
-0.033494
0.023037
0.078361
0.084589
0.094100
0.090168
0.067360
0.074685
0.164864
0.028439
0.000309
0.086102
0.168215
0.067352
0.010811
-0.007079
-0.015603
-0.081930
-0.102474
0.029960
-0.092664
0.019156
0.039063
0.025594
-0.020848
-0.003983
0.004630
-0.073311
-0.050276
0.041889
0.044947
0.002898
0.025066
0.078391
-0.012249
0.000941
-0.006411
-0.023011
-0.048291
0.008910
0.009741
0.065641
0.107793
0.003547
0.020533
-0.034984
-0.088601
-0.056729
-0.024878
-0.064962
-0.027534
-0.056911
-0.001050
-0.013315
0.036623
0.074544
0.090155
-0.006449
0.056330
0.134290
0.077330
0.033703
0.042141
0.005539
-0.080397
-0.008650
0.060267
-0.016338
0.049077
-0.030699
0.021893
0.045500
0.004165
0.038475
0.084454
0.112963
0.045615
0.010695
0.057087
0.100074
-0.007656
0.047339
-0.089187
0.022404
-0.036486
0.011665
0.100918
0.052967
0.018954
-0.032656
-0.032181
0.019547
0.096405
0.017560
0.055135
0.004622
-0.012245
-0.100647
-0.048064
-0.047114
0.063944
0.019767
-0.063194
0.040832
0.043359
0.063334
0.069369
0.029060
0.035151
0.011601
0.019132
0.086363
0.125898
0.092921
0.056872
-0.088375
-0.062158
0.019750
-0.071587
0.063482
-0.028996
-0.006580
0.053025
0.031384
0.020712
0.068866
-0.034553
0.035617
-0.004022
-0.042687
0.016822
0.041384
-0.057082
-0.040200
-0.001001
0.055061
0.010815
-0.033286
-0.002860
-0.025564
0.008568
-0.063480
0.029045
0.077783
-0.018263
0.020392
0.063407
0.047280
0.114504
0.035775
-0.046704
0.011777
-0.049707
-0.057564
0.116948
-0.001634
0.020103
-0.008240
-0.097096
-0.092914
-0.085056
0.029005
-0.021560
0.080913
0.058674
-0.000596
0.107819
0.036251
0.028845
0.026833
-0.037291
0.045326
-0.045456
-0.003643
0.028841
0.007612
0.015946
-0.025624
-0.002311
0.172552
0.017551
-0.038901
0.087734
-0.061534
0.053924
0.016883
0.068803
0.057610
0.045093
0.005966
-0.015742
-0.003168
-0.005962
0.004845
0.066188
0.005615
0.067971
0.006629
0.064401
0.000090
-0.016270
0.025589
-0.073410
-0.009608
0.040841
-0.062639
-0.036122
0.059419
0.065191
-0.048416
-0.105533
-0.035167
0.052211
0.110984
-0.044445
0.044431
-0.024650
0.089438
0.027427
0.052462
0.091857
0.030341
0.046707
0.058472
-0.111812
-0.031316
0.077193
0.017419
0.051184
0.058688
-0.025335
-0.042515
0.053641
0.073384
-0.001983
0.015612
-0.055174
0.001844
0.012373
0.003379
0.028062
0.022509
0.034931
0.032728
0.072937
0.088723
-0.028548
0.009710
0.047306
0.152555
0.060661
-0.027387
-0.029289
0.013634
-0.005765
-0.000376
-0.024400
-0.013520
-0.001333
-0.053624
0.006139
0.054391
0.069568
-0.026232
-0.056432
0.059893
-0.041217
0.042739
0.008464
-0.008713
0.013539
0.057644
-0.011220
0.055603
-0.061093
-0.056517
0.124585
0.081871
0.019201
-0.045331
-0.049143
-0.020667
-0.057185
-0.004299
-0.092575
-0.064225
0.064056
-0.077062
0.007852
0.043155
-0.052542
-0.049696
-0.078247
-0.003376
-0.060556
0.055858
0.010501
0.022271
-0.007496
0.008396
0.026113
0.060067
0.099485
0.090817
0.033329
0.065130
0.050608
0.069509
0.028689
-0.075861
-0.114019
-0.033020
0.009326
-0.001220
-0.021190
-0.042337
0.098614
0.012249
0.060989
0.027692
-0.017711
0.104514
0.037554
0.026126
0.101448
0.014892
0.048411
0.058592
0.039579
0.072257
0.016121
0.053727
0.028813
-0.021572
0.034676
-0.022634
-0.131257
-0.070284
0.044097
0.085840
-0.018586
0.080976
0.021067
0.080252
0.082883
0.008504
0.027787
-0.007329
-0.108663
-0.043691
-0.042862
-0.046453
-0.053525
0.076708
-0.004160
-0.039597
-0.047982
-0.020816
0.005100
-0.010048
-0.005940
-0.036878
0.026246
0.064336
-0.007382
-0.020557
-0.003868
-0.000171
0.083821
0.010098
0.041974
0.018103
-0.025023
-0.048775
-0.137145
-0.120776
0.021375
0.017856
0.053635
0.067870
0.060857
0.005389
0.107556
0.085506
-0.036239
-0.017943
-0.102759
-0.020126
-0.068091
-0.061363
-0.030813
-0.011163
-0.104064
-0.063610
0.022300
-0.035682
-0.088858
0.073800
0.012709
-0.002995
0.057125
-0.026120
-0.026867
0.033041
-0.020548
0.012353
0.054587
0.036228
0.087146
0.031616
0.004506
-0.049496
-0.040067
-0.018781
-0.016588
-0.036017
-0.014633
-0.090617
-0.082678
0.067648
0.018772
-0.016098
0.032265
-0.117565
0.004790
0.020551
0.016720
0.072570
0.050873
0.029374
-0.001877
-0.088144
0.004365
0.081118
0.030269
0.060619
0.053374
-0.000248
-0.039896
-0.024083
0.057133
0.074277
0.037517
0.011065
0.065903
0.046825
0.050568
0.010726
0.088953
0.051240
-0.022867
0.078588
-0.055944
-0.058707
0.000566
0.078151
-0.055493
-0.012160
-0.026091
0.043044
0.019476
0.098184
0.006153
-0.013208
0.021958
0.087032
0.017982
0.127721
0.187642
0.031677
0.006730
0.071098
0.008231
-0.118156
-0.027889
-0.012873
-0.031138
-0.053895
0.008747
0.031564
-0.002999
-0.009205
0.073629
0.046807
-0.010759
0.011523
-0.025894
-0.014925
-0.084094
0.009502
-0.013698
-0.077122
0.022722
0.090000
-0.008228
-0.066457
0.033750
0.046594
0.017473
0.042068
0.037977
-0.029691
0.060110
0.054921
-0.035851
0.026669
0.039423
0.021093
-0.000957
-0.039206
-0.023540
0.032753
-0.037136
-0.062100
0.007999
-0.012859
-0.038902
-0.031274
0.002024
0.133427
0.086577
0.005970
0.077162
0.105574
0.073068
0.071686
0.005765
0.018472
0.048733
0.066576
0.041765
0.094171
-0.039305
0.074737
0.121568
0.071299
0.121262
0.001377
0.043205
-0.001504
-0.032812
0.019307
0.073918
-0.027107
-0.110458
0.097380
-0.029342
0.068690
0.112972
0.168070
0.079694
-0.003982
0.052611
0.128470
0.031650
0.032294
0.085717
0.001424
-0.007434
0.023091
0.096058
0.061311
0.040808
0.021752
-0.085992
0.056445
-0.080176
-0.090205
-0.032888
0.066706
0.102679
0.064356
0.042935
0.030099
0.091487
-0.016590
0.025796
0.052266
-0.032633
-0.021045
0.109332
0.022469
-0.026337
0.036413
-0.001314
-0.064081
-0.040681
0.035828
-0.073111
-0.069757
0.057138
-0.066793
0.018823
-0.016246
-0.067874
-0.005493
0.033181
-0.017535
0.059390
-0.038541
-0.017405
0.006897
-0.101147
-0.065780
0.036717
0.090020
0.039435
-0.007589
-0.018992
-0.002179
0.001265
-0.005534
-0.118167
-0.033143
0.030419
-0.031309
-0.013462
-0.022622
0.039412
-0.022090
-0.085959
0.083804
0.013819
-0.089091
0.008959
-0.088795
-0.104250
0.005323
-0.011315
0.041091
0.030238
0.077470
0.018689
0.032823
0.074967
0.104535
0.071492
0.079444
0.019412
-0.053011
-0.032155
0.056058
0.067299
0.038904
0.014037
-0.058330
-0.038286
0.008549
-0.010516
-0.092011
-0.033842
0.027720
0.054764
0.095288
-0.046440
0.000812
-0.029451
-0.096685
-0.014633
-0.017807
-0.149286
-0.121645
0.046275
-0.066856
0.022005
0.020110
-0.046593
0.016127
0.029472
0.042210
0.031165
-0.021941
-0.106072
-0.034498
-0.051788
0.068177
0.060059
0.090808
0.053712
0.112680
-0.006258
-0.011192
0.024068
-0.050341
0.010939
-0.107988
0.006665
0.080811
0.071036
0.116764
0.108515
-0.003147
0.009341
-0.029711
0.019021
0.055775
0.074393
0.088003
0.024610
0.014305
0.051477
-0.015737
-0.057041
-0.072590
-0.016147
-0.035712
-0.020065
-0.025368
-0.023636
-0.003174
-0.120406
0.029256
0.022497
0.071531
0.109150
0.022455
-0.057609
0.008502
-0.069938
0.063463
0.044090
-0.097268
-0.028457
0.064900
-0.015397
-0.034107
-0.047424
-0.022176
0.045804
0.031633
-0.016401
-0.027544
-0.034883
0.092722
0.058919
-0.074077
0.062537
-0.003230
0.022788
0.039208
0.019157
-0.016859
0.017905
-0.080358
-0.045396
0.058356
-0.066715
0.033757
0.065740
-0.033113
0.012762
-0.025713
-0.098344
0.076199
-0.039517
0.034355
0.029213
0.082510
0.068219
-0.009438
-0.006125
0.101410
0.110810
0.033043
0.029486
0.011187
0.063741
0.075488
-0.050235
0.020802
0.013656
-0.034689
-0.111501
0.105848
-0.004408
-0.081632
0.064605
-0.018196
-0.000291
0.028283
0.080544
0.005126
0.081480
0.041979
0.029814
0.054388
0.133272
0.053646
-0.035189
0.059738
-0.038889
-0.007003
0.058469
0.018617
-0.103932
0.002992
0.086695
0.079896
0.057469
0.069054
0.009065
0.075008
0.094549
-0.001391
-0.054935
0.005880
0.047286
-0.043389
-0.002722
-0.040270
-0.069919
-0.012862
-0.088205
-0.076352
-0.086467
0.041322
-0.049329
-0.054107
-0.067876
0.052038
-0.069110
-0.062723
-0.007706
0.000504
-0.101578
-0.027483
-0.062926
-0.016883
-0.097518
0.023620
0.049941
-0.036743
0.091634
0.070972
-0.037813
0.113242
-0.004755
0.028044
0.018040
-0.001710
-0.031244
0.050253
0.020671
-0.012656
-0.027875
0.028066
-0.026905
-0.007054
0.100488
0.086538
0.037604
0.002373
0.000190
0.051902
-0.046166
-0.063578
-0.016514
-0.015773
-0.108994
-0.030491
0.139653
-0.064343
0.023962
-0.075561
0.010149
0.035589
-0.090060
-0.039855
-0.029055
-0.045192
0.069567
-0.008807
-0.019867
0.037774
0.098670
0.067185
-0.012913
-0.020740
0.012369
0.006989
-0.039551
-0.149198
0.043327
-0.042052
-0.025033
0.065741
-0.033204
0.041782
0.073065
-0.064457
0.035764
-0.011726
-0.047961
-0.078044
0.069139
0.100797
0.136323
-0.008608
0.044892
0.036618
-0.001291
-0.030951
0.047553
0.041579
-0.013988
-0.022109
-0.080415
0.026806
0.045243
0.034751
-0.039494
-0.042208
0.006208
-0.026814
0.047711
-0.027267
-0.044927
0.012515
-0.058081
-0.119522
-0.028499
-0.012728
0.115096
-0.000188
-0.014717
-0.000203
0.053356
0.040183
0.137065
0.002942
0.001921
0.016227
0.052405
0.138370
0.055542
-0.035661
-0.012422
0.056543
-0.025499
-0.034855
0.003162
0.026004
-0.026553
0.042295
0.044443
0.038890
0.029905
0.038190
0.074969
0.053932
0.069063
0.110110
0.022335
0.061990
-0.036771
-0.012305
-0.005823
-0.068913
0.000256
0.022446
-0.003311
-0.056059
0.030861
-0.005946
-0.027208
-0.002707
-0.007500
0.056813
0.004433
-0.042225
-0.068099
0.142161
0.144131
0.100323
0.074387
0.052623
0.009276
0.053837
-0.031668
0.078863
0.091238
0.071924
0.022328
-0.042884
-0.107076
-0.007826
0.046884
0.029102
-0.012695
0.012994
0.091791
0.071516
0.044298
-0.053732
0.045543
0.036772
-0.032012
0.018958
-0.031110
0.021222
0.002420
-0.052894
0.143394
0.074024
0.042987
0.114883
0.106083
-0.074623
-0.108650
-0.073815
0.044998
0.032093
0.053658
0.041659
0.065690
-0.024731
-0.015652
0.003936
-0.072249
0.045421
0.050992
0.045281
0.059252
0.095114
0.010790
-0.084054
-0.070000
-0.036466
0.026096
0.187737
0.119626
0.041107
0.039039
0.129787
0.034411
0.029471
0.083330
-0.058639
-0.073007
0.023137
-0.009281
0.040279
0.068435
-0.003569
0.044705
0.052257
0.011038
-0.026109
-0.018933
0.053010
0.025279
0.046599
0.005920
0.027170
0.104650
0.008033
-0.006070
-0.091738
0.087608
0.070793
-0.030907
0.024061
0.028101
0.083214
0.000496
0.002246
0.040497
0.082849
0.004443
-0.053443
0.086733
-0.031443
-0.041005
-0.050638
-0.067320
0.143093
0.107603
0.040562
0.038133
0.016140
0.002246
-0.017353
0.108518
0.016129
-0.094397
-0.059848
0.027034
0.044594
0.068434
0.115536
-0.045260
-0.000410
0.004603
0.072089
0.020604
-0.093259
-0.029764
-0.033657
0.035680
-0.002291
0.009270
0.042746
0.047215
-0.022142
0.057056
0.081797
-0.024960
0.078068
-0.039495
-0.009759
0.044339
0.025615
0.042238
-0.007948
-0.016375
-0.082961
-0.021063
0.069382
0.101745
0.073832
-0.016175
0.011923
0.077180
0.024033
0.082515
0.012428
0.119094
0.118806
0.014056
0.119204
0.042713
-0.066179
-0.008765
0.038890
0.072879
-0.037476
-0.005247
0.063913
-0.027921
-0.017594
-0.014092
-0.029265
-0.000586
0.103204
0.005543
0.032023
0.159872
0.071252
0.008804
0.062539
-0.002367
0.094818
0.099676
-0.007271
-0.079452
-0.048674
-0.025406
0.074957
0.002048
-0.003828
-0.094953
-0.049631
0.063605
-0.013603
-0.005966
-0.090994
-0.077336
-0.036754
0.093146
0.039974
-0.045891
-0.039219
-0.019216
-0.033022
-0.010906
0.016505
0.126595
0.074348
0.063927
-0.026275
0.076319
-0.020470
-0.004488
0.053753
0.096125
0.078255
0.043986
0.070940
-0.016632
0.146938
0.078285
0.015147
0.057406
-0.034998
-0.036175
-0.016707
-0.017528
0.006580
0.079170
0.034213
-0.065871
0.009018
-0.080472
-0.051404
-0.061412
-0.018013
0.044668
0.100196
-0.001962
0.146046
0.125269
0.029927
0.066161
0.065349
0.068251
-0.011082
0.028952
0.082312
0.030060
-0.019093
0.026719
0.052383
0.084383
-0.017192
-0.021254
0.020707
-0.096619
0.001985
-0.089168
0.016882
-0.000400
0.012665
-0.028901
0.014078
0.013679
-0.011539
-0.013128
-0.077066
-0.084752
0.040067
0.015383
0.015789
-0.099862
-0.014879
-0.018810
-0.019071
-0.108342
0.013535
-0.037389
-0.073721
-0.044182
-0.035868
0.107735
0.005121
-0.021170
-0.041650
-0.051835
0.022480
-0.023437
0.023896
0.177950
0.025320
0.013963
0.002985
0.047271
0.036389
-0.062553
-0.049030
0.033032
0.062580
-0.030912
-0.014820
0.008464
0.008099
-0.072617
0.033167
0.034814
0.014855
0.014243
0.133553
0.014684
0.004189
0.130744
0.094606
0.084894
-0.001872
0.027664
-0.040082
-0.021125
-0.025924
-0.072423
-0.031727
-0.051586
0.064097
0.059046
0.004721
0.046983
0.002813
-0.029547
-0.032702
-0.007950
-0.054759
0.015788
0.037205
0.028322
-0.012461
-0.020624
0.016053
0.069044
0.069795
-0.066324
-0.025666
-0.017995
0.038084
0.001352
-0.045416
0.040603
0.098092
0.001730
-0.012605
-0.050318
-0.008188
0.094410
0.157690
0.050126
0.057310
0.142750
0.047414
-0.087638
-0.027957
0.071077
-0.026373
0.017266
-0.025194
-0.046490
-0.018262
-0.043929
-0.113454
0.026678
0.030574
0.043361
0.063600
0.087598
0.040395
-0.011848
0.013888
-0.044966
-0.121630
-0.042240
0.035553
-0.021999
0.031629
0.013461
0.076059
0.098899
-0.125447
-0.041077
-0.038784
0.116193
-0.009786
0.067532
0.052631
0.046348
0.028935
-0.026748
-0.012294
-0.106176
0.003837
-0.079154
-0.000970
0.007048
0.098800
0.037813
0.033596
0.108846
0.013562
-0.015170
-0.001102
0.027629
0.057755
0.038324
0.034998
-0.025362
-0.012569
-0.011706
0.028963
0.107048
0.097253
-0.056125
-0.019943
0.103435
-0.005173
0.030346
0.036060
0.063048
0.069239
-0.026999
-0.033499
0.006076
0.048163
-0.006655
0.112905
0.003079
0.019881
-0.053391
0.023586
0.111669
0.064988
0.066640
0.073227
-0.025720
-0.006807
-0.001524
-0.014855
0.047755
0.053092
0.063506
-0.043862
-0.011288
0.018781
0.037541
0.050876
0.012044
-0.002917
-0.023216
0.023214
0.159503
0.067953
0.079842
-0.027350
-0.055592
0.114878
0.098502
0.029423
0.030550
-0.053768
0.035435
0.066364
-0.009749
-0.021004
0.014336
0.043871
0.034578
-0.064210
0.016262
0.090328
-0.071747
-0.004520
-0.079095
0.041082
-0.004255
-0.029608
-0.072217
-0.065746
-0.036727
-0.003091
0.070795
0.011973
0.005594
0.023598
0.049350
0.041908
-0.040178
-0.100818
0.053527
-0.013266
0.005146
0.141900
-0.075810
-0.144597
-0.036277
0.011601
-0.020010
-0.003481
-0.058252
-0.047253
0.136027
-0.081072
0.021216
0.085655
0.020493
0.015966
-0.009782
-0.006251
0.084837
-0.006561
-0.047380
0.006158
-0.068956
-0.021960
-0.068056
-0.020921
0.058638
0.028181
0.110065
-0.022256
0.025955
0.033781
0.015799
-0.032901
0.003749
0.017433
-0.052128
-0.002059
0.039620
0.045204
0.082804
0.058831
0.034511
-0.093620
-0.045916
0.097033
0.061300
0.016631
-0.015153
0.064044
0.038528
-0.021638
-0.037202
0.017903
0.006049
-0.115901
-0.037983
0.018911
0.056494
-0.043420
-0.038815
-0.072642
-0.000415
-0.046997
-0.050432
-0.060093
0.053973
0.076418
0.009018
0.015677
-0.058895
0.005074
0.034281
-0.012141
0.122597
0.134031
0.079288
0.038652
0.008556
0.131033
0.089451
0.096146
0.067701
-0.064596
-0.027091
0.002026
-0.030999
-0.049060
-0.037344
-0.017878
0.024976
-0.038498
0.004066
-0.078004
-0.047109
-0.048289
0.008362
0.009621
0.003488
-0.011044
0.041413
0.068748
0.147939
0.093490
0.042853
0.049902
-0.006933
0.057102
0.060775
0.045623
-0.079303
-0.097708
0.085057
-0.013284
0.098641
0.032411
0.084729
0.050898
0.016240
0.049310
0.068694
0.120281
0.118374
0.030520
-0.003375
-0.007314
-0.071773
0.084508
0.065406
0.003872
0.047870
0.041237
0.087434
-0.074766
-0.059055
-0.022710
-0.154415
0.000745
0.024928
-0.044346
0.062558
0.002465
0.011420
0.091198
0.075528
0.132531
-0.003384
-0.042813
0.043066
0.056599
0.109929
0.013734
0.069185
0.026587
0.021777
0.069709
0.111757
-0.092391
-0.090485
0.097482
0.067085
0.069673
-0.040211
0.022096
-0.061585
0.044220
-0.019578
-0.060214
-0.070325
-0.065450
-0.093739
-0.000561
-0.014475
-0.008252
0.020350
0.060178
0.016716
0.053956
0.005794
-0.015233
0.039238
-0.047185
-0.083449
-0.004457
-0.012798
0.017484
0.018059
-0.020782
0.047950
0.064850
0.019442
0.012231
-0.019912
0.045416
0.132709
0.064459
-0.032172
0.021331
0.027823
0.061361
0.051325
0.038621
0.024822
0.039501
0.005907
0.037493
0.084368
-0.040553
0.057511
0.068261
-0.040658
0.014150
0.081180
0.000048
0.057999
-0.010607
0.011103
0.131369
-0.025745
-0.026982
-0.005287
0.009562
0.087899
-0.047620
-0.003347
0.128378
0.145723
0.028037
0.069476
0.017893
-0.011234
0.084337
0.035258
0.145277
0.093611
0.049213
0.062557
-0.034774
-0.007161
0.061506
-0.047879
-0.016451
0.074311
-0.019543
-0.025471
0.045534
0.048825
0.071000
0.002137
-0.011932
0.015693
-0.058360
0.053534
-0.021509
-0.084690
0.076498
0.007079
-0.094781
-0.042872
0.039607
0.019810
0.022406
0.166912
0.067003
-0.001143
0.071518
0.044029
-0.063028
0.034375
-0.033256
-0.020949
0.001305
-0.114600
-0.009024
0.070284
-0.029408
0.000013
0.037769
0.009269
0.059253
0.002649
-0.015598
0.006226
0.008260
-0.035242
0.003341
-0.094786
-0.037620
-0.036188
-0.049113
0.001656
-0.150250
0.000445
0.079359
-0.018085
-0.020492
-0.053726
-0.037668
-0.025172
0.038400
-0.012346
0.115323
0.020167
-0.089749
0.043905
0.030586
0.052588
0.018742
-0.017675
0.045099
-0.026571
0.025131
0.037382
-0.020805
0.093485
0.024328
-0.062964
-0.063811
0.051294
0.031268
0.022387
-0.053690
-0.078347
-0.005614
0.031763
0.065849
-0.001263
0.014690
0.058348
0.056568
-0.024188
0.075858
0.012415
-0.064328
0.037278
0.071653
-0.067548
-0.075590
0.065673
0.024273
0.000321
0.074674
0.047734
0.087776
-0.012240
0.067001
0.070784
0.084922
0.027090
-0.051393
0.033767
0.038875
0.038578
0.086803
0.110561
0.023514
-0.044717
0.105396
0.026864
-0.036681
0.015614
-0.025101
-0.135757
0.036335
-0.014827
0.036165
0.031574
-0.081455
0.056673
-0.081861
-0.042864
0.011044
-0.033689
0.018025
0.009745
0.022374
-0.000788
-0.035568
-0.086008
0.062894
-0.039054
0.067584
0.067090
-0.030392
-0.005569
0.016727
0.066807
0.130366
0.112349
-0.091762
-0.063867
0.033031
-0.004561
-0.036297
0.052460
0.015802
0.009577
-0.014668
-0.028379
-0.057099
0.060168
0.052175
0.038462
-0.046513
-0.093804
-0.018201
-0.060201
-0.026772
0.001829
-0.057158
0.023842
-0.023843
0.007586
0.059782
0.047623
0.020818
-0.021143
-0.027887
-0.046840
-0.013728
0.016787
0.061614
0.003754
-0.098464
0.010675
0.047944
-0.006496
0.035833
0.059774
-0.030283
-0.089224
-0.028031
0.002533
-0.016208
0.013168
-0.041679
-0.015513
-0.021176
-0.012225
0.051605
-0.042921
-0.048715
-0.017865
0.023179
0.073862
-0.041947
-0.077776
0.012759
0.096066
0.111676
-0.016601
-0.095010
-0.004359
0.073615
0.039505
-0.012872
-0.072600
-0.013043
0.099693
0.003502
0.009513
0.159008
-0.016868
-0.067884
0.014259
-0.021767
0.006912
-0.020947
-0.042690
-0.086421
-0.147354
-0.024222
0.011159
0.021378
0.017482
0.033397
0.009854
-0.037804
0.028197
-0.010498
-0.088541
-0.007825
0.023182
0.054586
0.059213
-0.095474
-0.104342
0.048007
-0.009907
-0.049869
-0.023081
0.073101
-0.044707
-0.016454
-0.007841
0.035900
0.019674
-0.086028
0.013858
0.028213
-0.023578
0.006795
-0.008645
0.015402
-0.020976
-0.047657
-0.079423
0.072031
0.041842
0.022533
0.024126
0.056676
0.003015
0.048331
-0.027926
-0.054649
-0.095538
-0.018801
0.063992
-0.006799
0.048101
0.129100
0.063528
0.011180
0.002651
-0.002190
-0.000140
0.022759
-0.092868
-0.014457
-0.016672
-0.009171
0.020665
-0.011793
-0.016871
-0.004662
-0.058650
-0.050826
-0.037129
0.078783
0.040493
0.081229
0.042594
0.140191
0.036938
-0.063965
-0.028124
-0.006605
-0.013635
-0.045566
-0.083456
0.073887
-0.077089
0.018827
0.026382
-0.102430
0.070001
0.079232
0.007908
0.030788
0.017098
0.066939
-0.005604
-0.085002
0.051640
0.035451
0.056581
0.014654
0.023228
-0.085188
-0.015588
0.052752
-0.063234
-0.000975
0.062634
0.091989
0.099882
0.030074
0.089556
-0.004797
-0.011834
-0.007187
-0.065316
-0.114459
-0.012242
-0.019086
-0.000452
-0.106731
0.017362
-0.078107
-0.100337
-0.031608
-0.048126
-0.034121
0.042681
0.047016
-0.028298
0.031531
0.021086
-0.030878
-0.073383
0.040251
-0.064101
0.018533
-0.022287
-0.046002
0.022660
0.002348
0.048736
-0.054274
0.000939
0.021502
-0.086734
-0.079625
-0.022989
0.044047
-0.079908
-0.058638
-0.018859
0.030091
0.106694
0.038461
0.111366
0.096714
0.108286
0.045931
0.037709
0.044716
-0.021919
-0.011559
-0.029308
0.058759
-0.007552
0.045782
0.018127
0.082639
-0.028873
-0.003873
0.035327
0.020883
-0.021498
0.018967
0.032943
-0.008385
0.028511
-0.035688
0.000822
0.015825
-0.024659
-0.049783
-0.048237
0.072318
0.006890
0.025313
0.072473
0.051292
0.093952
0.001512
0.061170
0.068686
-0.004860
-0.028776
0.062842
0.037148
0.073140
0.105845
-0.034203
-0.029997
0.004095
-0.039073
0.067966
-0.011484
-0.006191
0.082416
0.078306
-0.033860
0.021840
0.001994
0.008387
0.073002
0.085584
0.029353
-0.007903
0.104508
-0.169118
-0.024922
-0.013788
-0.092764
0.049952
0.031330
-0.006964
-0.008805
-0.043365
-0.042937
0.033362
-0.030267
-0.128326
-0.044583
-0.077799
-0.049295
0.055033
-0.012139
-0.098166
-0.021308
-0.002214
-0.037977
-0.053067
-0.107093
-0.024537
0.006182
-0.125079
0.069713
0.005133
0.010094
0.045569
0.074922
0.028896
0.074032
0.077486
-0.035085
0.081911
0.104140
-0.019688
0.147094
0.177186
0.126165
0.174037
0.126112
0.102855
-0.067573
0.066848
-0.019853
0.046137
0.111811
0.004473
0.018046
-0.029941
0.056564
0.051503
0.086981
0.039185
-0.024868
0.022598
-0.048120
-0.082692
0.097381
0.074688
-0.025152
0.031293
0.011382
-0.030061
0.006113
-0.019544
-0.014974
0.074999
-0.003805
0.001738
0.122862
-0.005027
0.062925
0.014550
0.013703
0.026238
-0.034802
-0.048083
0.002625
0.013466
-0.047491
0.022609
0.038283
0.008173
-0.062143
0.006637
0.056883
-0.026980
0.059131
0.051353
0.043832
0.040912
0.006350
-0.010330
0.045365
-0.027107
-0.035171
-0.102407
0.027562
-0.066521
-0.099325
-0.003213
0.073707
0.088128
-0.013890
-0.028564
-0.046407
-0.001810
0.007076
0.043989
0.025002
0.065724
-0.008663
0.022147
0.015756
0.025836
0.063119
0.040492
-0.094175
-0.039945
0.029056
-0.056595
-0.040140
-0.006543
0.034841
0.010189
0.069639
0.032246
0.018363
-0.000324
-0.101755
-0.078686
-0.075881
-0.008623
-0.003839
0.066582
0.070552
0.073498
0.017713
0.103236
0.026953
0.057675
0.110427
0.014380
-0.010405
0.090742
-0.037040
0.106339
-0.030770
0.026902
0.003355
-0.076549
-0.053153
0.157233
0.029131
-0.031062
-0.105518
-0.051235
-0.056878
0.038226
0.019981
-0.019362
0.090055
0.101261
0.114413
-0.030680
0.029743
0.073042
-0.017987
0.143002
0.074631
0.125044
-0.020802
0.034811
0.042682
0.049978
-0.032413
-0.040457
-0.001864
-0.037571
-0.002476
0.053853
0.017073
-0.012572
-0.000307
0.041087
-0.055531
-0.038044
-0.031926
-0.025505
0.082631
0.002401
-0.029288
0.041528
0.140787
0.107064
-0.052591
0.064331
-0.028360
0.004361
0.089627
0.014170
0.063514
0.084523
0.086946
-0.011129
0.048056
0.078537
-0.063118
-0.084936
0.051349
-0.035497
0.032459
0.031549
0.054818
-0.044759
-0.054001
0.050700
-0.007519
-0.030688
0.066642
0.074263
0.061967
0.026516
0.002899
-0.013945
0.028786
0.007779
-0.029005
0.092402
0.062040
0.040149
0.126786
0.016111
0.058513
0.049269
-0.064015
0.079840
0.124553
0.087640
0.025940
0.000469
-0.110330
0.049529
-0.015123
-0.009015
0.035632
0.009312
0.013563
-0.055867
-0.053721
-0.014123
0.144280
-0.017328
-0.043006
0.131863
-0.073194
-0.105121
-0.035941
0.072456
0.064733
0.028062
0.019582
-0.172501
0.026450
0.095086
0.035455
0.075212
0.070625
0.052648
0.071218
-0.069254
-0.081564
-0.067341
-0.089424
-0.005321
0.009474
0.004550
-0.056314
0.077808
0.056532
0.098531
0.067031
0.003159
-0.034443
-0.097320
0.001892
0.072643
0.008886
0.069064
0.004921
-0.059426
-0.001249
0.059661
0.031138
-0.023729
-0.089293
-0.006545
0.018256
0.019059
-0.156382
-0.068867
0.001049
-0.044637
0.020563
-0.004228
-0.023985
-0.048485
-0.015200
0.131871
0.066568
-0.021875
0.080461
0.033715
0.034444
0.033902
0.089235
0.044998
-0.005115
-0.011728
-0.013082
-0.068445
-0.011236
0.048956
0.040950
0.060035
-0.011641
0.003293
0.003093
-0.003640
-0.104504
-0.041962
0.037624
0.007903
0.001403
-0.007079
-0.010771
0.063117
-0.003214
-0.046164
0.028571
0.021594
0.061416
0.169791
-0.024878
-0.111177
-0.001572
0.071379
0.079301
0.073640
-0.043806
0.136367
-0.035612
-0.085491
-0.012028
0.000277
-0.048827
-0.025705
0.086698
0.145740
-0.023038
0.091799
0.112835
-0.027404
0.063322
-0.048136
-0.092098
-0.008428
-0.045053
-0.045275
0.021155
0.012265
0.110368
0.092513
0.022065
0.094106
-0.028751
-0.093708
0.034100
0.047307
0.020598
0.014507
0.090762
0.034226
0.063351
0.015188
-0.017053
0.061755
-0.070292
0.056066
0.032297
-0.023052
0.052511
-0.029408
-0.031189
-0.012150
0.054686
0.004621
-0.004822
-0.032920
-0.079774
0.080696
-0.014447
-0.078549
-0.057891
0.016697
0.149373
0.042151
-0.022093
-0.002037
0.018749
-0.032244
0.101456
0.040591
0.014499
-0.023155
0.046546
0.019525
0.020147
0.022387
0.048728
0.023627
-0.085546
-0.077499
0.004704
-0.026110
-0.072428
-0.036619
0.021520
-0.112804
-0.007898
0.028173
0.042359
-0.027642
-0.087332
0.067874
0.131922
-0.062627
0.067148
0.016343
0.048629
0.048811
0.142684
0.030925
-0.022955
-0.037840
0.029534
0.077423
0.009264
0.084693
0.060724
-0.044560
0.049006
-0.052576
-0.053189
-0.093515
-0.010877
-0.052750
-0.069469
-0.063391
0.010385
0.055934
0.128301
0.032808
0.043445
0.039342
-0.072522
-0.079518
-0.105567
-0.042679
-0.082473
-0.114980
0.057237
0.060753
0.008772
0.019252
0.008584
0.023365
0.020531
-0.077559
-0.021310
0.017926
0.009931
0.009703
0.101365
-0.057971
0.002112
0.080764
-0.029351
-0.026257
0.063370
-0.063334
0.042095
0.082377
0.020761
-0.005681
0.104184
-0.048271
0.069086
0.067442
-0.053902
-0.104052
-0.053665
-0.079192
-0.063849
-0.040169
-0.038849
0.012605
-0.031823
-0.112101
0.044992
0.069966
0.027067
0.061172
0.075288
0.113330
-0.037927
-0.050927
0.041195
0.062530
-0.021092
0.063810
0.015793
-0.061907
-0.000894
-0.011733
-0.045280
-0.102773
-0.049395
-0.017840
0.013810
0.002074
-0.011436
-0.118569
-0.145212
-0.093363
-0.052656
0.065781
0.025165
0.088142
0.031177
-0.057643
-0.036155
0.009833
0.096398
0.074549
-0.017111
-0.038325
-0.132381
-0.061997
0.037515
-0.083739
-0.005245
-0.036626
-0.044687
-0.042400
0.033653
0.118685
0.069489
0.069478
-0.041985
-0.074488
-0.031557
-0.043397
-0.057426
-0.031380
0.039955
-0.106904
-0.016447
0.000819
0.054524
0.090136
-0.016966
-0.036193
0.010570
0.046742
-0.047201
0.111459
0.039211
0.011495
0.096706
-0.052543
-0.002053
0.141636
-0.000907
0.028593
-0.011672
-0.025319
-0.002483
0.095345
0.102440
-0.026538
-0.015594
0.015200
-0.062296
-0.060745
0.073324
0.119908
-0.098326
0.068124
0.062364
-0.003609
0.050207
0.039232
0.088978
0.100912
0.014715
-0.040040
-0.038753
-0.033147
-0.029376
-0.023595
-0.088995
-0.003367
0.078313
0.065037
-0.033702
-0.011499
-0.012424
-0.080020
-0.059808
-0.002393
0.009620
0.033901
0.095891
0.049571
0.043105
0.083112
0.082693
0.042057
0.052697
-0.019735
-0.011125
-0.048363
-0.033968
0.135309
0.121914
-0.001307
0.051653
0.015811
-0.064160
-0.052453
-0.067192
0.009484
0.002742
-0.016838
0.009450
0.058369
0.077322
-0.048445
-0.014953
-0.051382
-0.121619
-0.001817
0.024655
0.004484
0.068546
-0.015756
0.039227
0.029270
-0.000836
0.043053
-0.050958
0.044096
0.047898
0.008078
0.015415
0.076048
-0.019953
-0.023433
0.011425
0.007582
-0.057803
0.040452
-0.001513
0.042965
-0.044190
-0.074505
0.019557
-0.040452
0.045771
-0.018246
-0.004222
0.094998
0.055107
-0.004584
-0.016521
-0.095792
-0.071657
0.010488
-0.007279
-0.045880
-0.096882
-0.134268
-0.025636
-0.010379
-0.055704
-0.019214
-0.010089
0.026154
0.017533
0.033288
0.042658
0.084332
0.005353
-0.002134
-0.062203
0.005962
0.041387
-0.029327
0.005230
-0.003908
-0.101916
-0.047096
-0.069461
0.036175
0.091470
0.048051
-0.004903
0.019859
0.014595
-0.073319
-0.014956
0.059395
-0.038837
0.092644
0.005072
-0.071692
-0.037925
-0.083979
0.012283
0.089279
0.075226
-0.002474
-0.020219
-0.009865
0.031026
0.038616
0.030569
-0.041041
-0.115478
-0.056803
-0.071686
-0.081772
0.016680
-0.054972
-0.027463
-0.067106
-0.026663
0.010177
0.203014
-0.011736
-0.037449
0.020427
-0.072079
0.056326
0.067799
-0.058907
0.011535
0.063691
-0.014952
-0.062291
-0.020147
-0.042741
-0.043679
-0.010322
0.019862
0.014178
0.016864
0.043385
0.019099
-0.074831
0.078199
0.008847
0.009765
0.027604
0.019006
0.054241
-0.085244
-0.023056
0.016895
-0.017197
-0.080315
-0.014278
-0.057970
-0.029118
-0.039960
0.036901
0.051409
0.043125
0.112234
-0.096236
0.038193
0.093843
0.030284
-0.009837
0.087841
0.014501
-0.017065
0.024746
0.068403
-0.044712
0.041500
0.095736
0.018128
0.027115
0.102324
0.060400
-0.037412
0.038095
0.068178
0.003959
-0.008819
0.011872
0.110641
0.126285
-0.091839
-0.045345
-0.088808
0.055157
-0.049233
-0.101931
-0.104852
0.042539
-0.052581
-0.116671
0.005272
0.059514
-0.063570
-0.011913
-0.075638
-0.056263
0.075243
-0.013891
-0.067142
0.058269
-0.029856
0.036957
0.007396
-0.018412
-0.071004
-0.060879
-0.025025
0.006926
-0.063901
0.017026
0.038099
0.076228
-0.008084
-0.024498
-0.056862
-0.042564
0.051552
0.071642
-0.117918
0.043898
0.068647
0.031667
-0.065607
-0.019962
0.054069
0.019472
-0.092127
-0.071567
-0.023913
-0.047457
-0.031407
0.056359
-0.006077
0.032700
0.058759
-0.023643
-0.052196
0.030889
-0.018891
-0.003458
0.037903
-0.137067
-0.016636
-0.033915
-0.010532
0.107468
0.079243
-0.004266
-0.023340
0.026112
0.062504
0.018671
0.097682
0.026306
0.126131
0.132089
-0.029129
-0.009758
-0.073152
-0.032243
0.012177
-0.014247
0.007582
-0.069659
0.042181
-0.005798
-0.001827
-0.016613
-0.009063
-0.117346
-0.024966
0.059868
-0.086237
0.029601
0.067979
0.068195
-0.023229
0.048944
0.133277
-0.051244
-0.001654
-0.020454
-0.062945
-0.072382
-0.122213
-0.064563
0.025629
0.033237
0.038197
0.053288
-0.015135
-0.061223
0.035101
0.028336
0.029783
-0.135969
-0.191685
-0.076909
-0.041800
-0.000884
0.040506
0.054193
0.065608
0.045871
0.086676
-0.087729
-0.076841
0.109031
-0.011194
0.003772
-0.039251
-0.004440
0.059342
0.040018
0.068063
0.040585
-0.003752
-0.073311
-0.069856
0.021274
0.097782
0.012985
-0.044559
0.052242
-0.039228
0.008989
-0.031943
-0.088285
0.029340
0.034943
-0.127849
-0.042096
-0.044863
-0.059212
-0.060471
0.014811
0.030511
-0.003286
0.053417
-0.013952
-0.062310
0.029929
-0.040880
-0.010905
0.026622
0.017845
0.057827
-0.032144
-0.047133
-0.044886
-0.077558
0.027223
0.008444
-0.067136
-0.130893
0.025568
-0.072871
-0.060706
-0.017712
-0.028653
0.104525
0.025449
0.089084
0.037146
0.003565
-0.023440
-0.016642
-0.018521
0.023759
-0.042959
0.042429
0.025676
0.098796
-0.023469
-0.106292
-0.069319
-0.016677
0.015401
0.036728
-0.015138
-0.035151
-0.051596
-0.070342
0.027025
0.041117
0.021890
-0.036269
0.106138
0.067209
0.011872
-0.042541
-0.097898
-0.017671
0.037933
0.052493
0.036438
0.113160
0.030132
0.074764
0.033468
0.005903
-0.020003
0.015076
-0.037794
0.033882
0.021717
0.004096
-0.049471
0.042778
-0.002904
-0.005069
-0.016396
-0.031200
0.039086
0.073020
0.052486
0.125116
0.133034
0.033435
0.042738
0.066081
0.046321
0.059239
0.021961
-0.074571
-0.121846
-0.023074
-0.052134
-0.072658
-0.033982
-0.075718
-0.128936
0.005821
-0.050172
-0.110445
0.009049
-0.082760
-0.090640
-0.110259
-0.028713
-0.027030
-0.028747
0.005107
0.041103
-0.015885
-0.031916
-0.083973
-0.044875
0.013517
0.015282
0.058924
0.007009
-0.015272
0.024057
-0.002700
-0.106117
0.060056
0.045122
-0.053612
-0.005006
0.015836
-0.003202
-0.035617
0.028155
-0.007592
-0.009178
0.113191
0.042450
0.000178
0.020408
-0.060153
0.023465
0.013102
-0.060618
0.118105
0.071732
0.028821
0.057853
-0.049916
0.022272
0.079061
0.028518
-0.114029
-0.087062
0.008256
0.042482
0.045978
0.041560
0.065561
-0.010953
-0.062514
-0.011814
0.052589
0.162120
0.141723
0.040729
-0.016369
0.024554
0.056466
0.001242
0.077369
0.020628
0.009363
0.046785
-0.020997
0.054769
0.028166
0.037838
0.092770
-0.033805
-0.013227
-0.021613
-0.012377
-0.019577
0.006659
0.036064
-0.063970
-0.036504
0.001155
0.000764
0.073907
0.071072
0.035528
0.101584
0.049948
-0.017941
-0.008620
0.054462
0.032621
0.020301
0.030049
0.051910
0.064498
0.016306
-0.016398
0.030749
-0.048744
-0.086613
-0.181712
-0.065293
0.023575
-0.108944
-0.071203
0.063925
0.004923
0.039199
0.002807
-0.028417
-0.017563
-0.040557
0.101508
0.001957
0.043098
0.097570
-0.066393
0.020843
0.030543
-0.045872
-0.021689
0.008219
0.041999
0.062055
-0.000137
0.052020
-0.003862
0.021793
0.031451
0.012540
-0.022487
-0.095898
-0.031288
0.080019
0.082421
0.049797
0.076328
0.075612
0.042291
0.074055
0.115331
-0.001133
0.086272
0.067856
-0.028114
-0.050271
-0.036911
-0.100154
-0.009947
-0.036997
0.011089
-0.004456
-0.035876
0.085004
0.018890
0.110007
-0.008884
-0.030431
-0.050683
0.068067
-0.016565
-0.021277
0.130620
-0.008434
-0.006899
-0.041890
-0.032001
-0.025028
0.022962
0.025272
0.004224
-0.107122
-0.051355
0.072560
-0.006398
0.011573
-0.000838
0.028595
0.052468
0.089585
0.051138
0.076494
-0.036663
-0.069950
-0.047279
0.066301
-0.093013
-0.089663
-0.009537
-0.006072
-0.082698
-0.093926
-0.095532
-0.051756
0.002265
-0.067477
-0.026305
-0.054168
-0.165842
-0.029317
0.036540
0.047403
0.092360
0.033071
0.056079
-0.018715
-0.083466
0.003132
-0.030195
0.076767
-0.058662
-0.056598
-0.049161
0.000554
0.090107
0.005235
0.012447
0.070502
0.039777
0.132504
-0.002843
-0.039873
0.083587
-0.022000
-0.085245
-0.001801
0.039048
0.111842
-0.022740
-0.054861
0.124501
0.086810
0.017779
0.124807
0.022117
0.062224
0.008399
-0.105521
-0.056188
-0.067531
0.007874
-0.050643
-0.034795
-0.043812
-0.058619
-0.108363
-0.120479
-0.035475
0.027314
0.006512
-0.053723
-0.025678
-0.000423
-0.016175
0.055840
0.012839
0.073723
0.016856
-0.025678
-0.035317
-0.016765
0.004218
-0.077862
-0.003914
-0.136285
-0.094510
-0.091930
0.008301
-0.006833
0.069066
0.026673
0.059325
0.103258
0.049836
0.019193
-0.034583
0.069097
0.022425
0.011442
0.021412
0.029742
-0.049879
0.056904
-0.065614
-0.034567
0.066643
-0.044081
-0.074381
-0.057655
-0.016841
-0.040558
-0.020105
-0.007159
-0.030340
-0.017005
0.003155
0.036569
0.075427
-0.010942
-0.039963
-0.040951
0.037817
0.045542
0.034971
-0.036032
0.097965
-0.036888
-0.021024
0.017957
-0.022974
0.108435
0.008725
-0.067586
0.030251
0.009346
0.015716
0.036432
0.020590
-0.028566
0.095297
-0.031031
0.078685
0.069356
0.002798
0.049131
-0.080635
0.020243
0.042352
-0.075803
-0.072818
-0.049000
-0.048399
0.024805
0.088929
-0.017259
-0.047947
0.011068
0.099353
0.059234
-0.044845
-0.013058
-0.022592
0.073165
-0.040051
-0.087537
0.079626
-0.009842
0.029423
-0.040248
-0.012498
0.043095
0.051483
-0.069799
0.033014
0.043068
-0.032316
-0.043527
0.006249
-0.059416
0.018222
0.011436
-0.077816
-0.007628
0.081700
-0.024455
0.073085
0.023300
0.015030
-0.015798
0.006641
-0.037922
-0.008871
0.002200
0.001779
0.010473
-0.081121
0.008877
-0.007177
0.056381
0.009370
0.018342
0.047835
0.020371
0.086808
-0.003235
0.034112
0.090523
0.098936
0.099255
0.040954
0.039191
-0.005170
0.118270
-0.061391
-0.026269
0.030581
-0.073579
0.055362
0.007805
0.061003
0.077662
-0.057773
0.065709
0.088315
0.043890
0.015502
0.035039
-0.050358
-0.002290
0.047308
-0.022933
0.015740
0.095670
0.004302
0.078440
-0.033771
-0.081770
-0.018133
-0.047734
-0.007487
0.052982
0.002775
0.020750
0.090723
0.137890
0.068059
-0.020449
0.033647
0.013436
-0.092220
0.035249
-0.040039
0.014841
0.094749
-0.017555
0.065386
0.004347
0.095349
-0.055970
-0.004081
0.069477
0.014456
-0.080768
-0.029234
-0.014802
-0.010732
0.015146
-0.008609
0.020620
0.144165
-0.000086
0.045563
0.038330
0.036794
0.090578
-0.058756
-0.011273
0.066547
-0.037843
-0.017482
0.035528
-0.113155
-0.014336
0.008870
-0.040865
-0.009496
0.071170
0.004222
-0.028756
-0.078246
0.009018
0.029051
-0.043064
-0.077214
-0.061187
-0.049736
0.135787
-0.032091
0.128999
0.097395
-0.008680
0.106384
-0.002199
-0.058425
-0.021069
0.002052
-0.018425
-0.008726
0.001859
0.046321
-0.112886
0.022799
0.045369
-0.050819
0.008636
-0.108524
-0.020095
0.019077
-0.057539
-0.041571
-0.009076
-0.034836
-0.094707
-0.033763
0.100429
0.012941
0.036307
0.028052
0.099703
0.018069
0.122796
0.152248
0.050940
0.058648
-0.064198
-0.044714
0.035575
-0.024120
-0.079279
0.051540
0.030332
0.034363
0.020083
0.081430
0.018338
-0.004085
0.053944
0.030273
0.038892
0.047969
0.001389
0.021841
0.040139
-0.010512
-0.028471
-0.063134
0.038453
0.057887
0.120922
0.123976
-0.061491
0.039786
-0.026184
0.006375
-0.016906
0.017807
-0.046865
-0.099529
0.030747
0.022777
0.010058
0.014130
0.077632
-0.013588
0.019536
-0.053374
-0.051765
0.037889
0.011349
0.067777
0.058277
0.082301
-0.024573
-0.020463
0.023882
-0.028795
-0.042781
-0.011175
0.070664
0.096418
0.007435
0.010285
0.000467
0.067838
0.099165
0.049893
0.042220
-0.002215
-0.012304
-0.018163
-0.061272
-0.049711
0.056738
-0.084648
-0.063681
0.118027
0.007407
-0.056092
-0.034007
-0.100895
-0.052604
-0.035452
-0.037341
0.062986
-0.003407
0.091194
0.082185
-0.040769
0.066575
-0.020634
0.010133
-0.066007
0.040006
-0.065203
-0.035474
0.072168
-0.049781
-0.110954
-0.042434
0.037802
-0.100508
-0.018099
-0.066721
-0.035815
0.013458
-0.087874
0.046806
0.016658
0.117028
0.040312
-0.021088
0.009866
-0.060914
-0.060567
-0.069343
-0.013253
-0.014315
0.022277
0.083146
0.117564
0.060881
-0.040540
0.079705
0.090515
0.032178
-0.033765
0.065485
-0.013434
-0.053232
0.046958
-0.019558
0.098143
0.025533
-0.084244
-0.045731
-0.087950
0.011261
-0.046808
-0.033797
0.053838
-0.006519
0.007835
0.077992
0.083760
-0.027144
-0.003724
-0.009271
0.032652
0.080445
0.004224
0.032333
0.089273
0.061210
0.098374
0.096973
0.015564
0.032125
0.078371
0.046761
0.001319
-0.004242
0.015979
0.028853
0.132298
0.190905
0.058960
0.036091
0.008891
0.057579
0.094145
-0.045864
-0.014334
0.045426
0.030348
0.029227
0.117786
0.089367
0.042939
0.105284
0.096004
0.005888
0.027153
-0.029085
-0.084645
-0.037224
0.074375
-0.039061
0.077796
0.050569
-0.030408
0.047939
0.047757
0.105621
0.091181
0.008249
0.086019
-0.028390
-0.047610
-0.004470
-0.002674
0.011100
-0.081939
-0.003644
0.060885
-0.017731
0.018660
0.093727
0.155072
0.103211
-0.025553
-0.090040
0.008923
0.045194
-0.055032
-0.059697
-0.064486
-0.081324
-0.073711
-0.034376
-0.041611
0.064939
0.112071
-0.014383
-0.020807
0.101579
-0.071453
-0.011459
0.034443
0.001389
0.032479
-0.002383
0.063094
0.049631
0.092293
0.006801
-0.012214
0.044522
-0.060071
-0.062042
-0.085456
-0.018504
-0.093476
-0.052947
0.034335
0.051734
-0.042618
0.060039
0.092552
-0.066010
-0.061848
-0.010031
-0.016132
-0.016098
0.001831
0.022287
-0.016615
-0.085415
-0.021298
0.045432
-0.041222
0.014537
0.045693
-0.055888
0.006169
-0.015447
0.006854
0.026328
0.018127
0.056928
0.005798
-0.016093
0.025822
-0.019325
-0.066579
-0.054588
0.020910
0.110598
0.037820
0.047343
0.039621
-0.015740
0.129208
0.092421
-0.002196
-0.120553
0.033595
-0.012883
-0.076828
0.021183
0.038781
-0.020959
-0.059925
0.087765
-0.079905
-0.028932
-0.087922
0.022901
-0.019154
-0.011689
-0.095776
-0.054904
0.053822
0.039329
0.029777
0.023833
0.068247
0.013602
0.058616
0.097912
0.041166
-0.029982
-0.000085
0.056027
-0.097603
-0.030789
0.043155
0.038655
0.051976
-0.072152
-0.009857
-0.037939
-0.043484
0.064684
0.104618
0.018470
0.033131
-0.081945
-0.052576
0.017228
-0.019224
0.119672
-0.006397
0.005215
0.005115
0.062498
0.005785
0.005466
0.074269
0.014428
0.052831
-0.023457
-0.036410
0.038493
0.055634
0.017554
0.051344
0.068434
0.045924
-0.006555
0.120360
-0.009707
-0.016372
0.005964
-0.000685
0.020622
0.038409
-0.008151
0.005931
0.123107
0.134269
-0.052672
-0.024248
-0.035692
-0.019868
0.012493
0.139837
0.012311
-0.060170
-0.039012
-0.003267
-0.046078
-0.034338
0.026098
-0.032632
0.086216
0.036710
0.001463
-0.040131
0.003756
0.036705
0.038893
-0.028926
-0.008138
0.039263
0.089180
-0.028360
-0.078918
0.077981
0.045543
-0.036402
-0.081923
-0.043534
-0.061290
0.093721
0.090322
0.022206
0.069910
0.013498
0.013982
-0.011643
0.007085
0.038533
0.055975
0.075642
0.117200
0.080918
-0.022135
0.020153
0.020958
0.033236
0.010229
0.001469
0.014767
-0.040532
-0.027381
-0.025450
0.044820
-0.017034
-0.122785
0.043530
0.003118
-0.080262
-0.005328
-0.041852
-0.063178
0.062788
-0.009709
-0.055212
-0.034740
0.038184
0.056049
0.086386
0.090472
0.058609
0.103150
0.050379
-0.053350
-0.034697
-0.083652
-0.032523
-0.020941
-0.129961
-0.065509
-0.033876
-0.094487
0.161714
0.022046
-0.042030
-0.021168
-0.028567
0.028578
-0.076517
0.007001
0.029195
-0.012559
-0.028456
0.013425
-0.007723
0.028221
-0.025396
-0.115615
-0.112888
-0.058896
0.087710
-0.035485
-0.069410
-0.023084
-0.047900
0.010028
-0.075748
-0.020810
-0.080563
-0.083505
-0.084569
-0.149902
-0.029108
0.101751
-0.065029
0.059744
0.069918
0.001155
0.026009
-0.007136
0.000297
-0.075725
-0.023652
0.000572
-0.062210
-0.046449
0.021967
-0.015236
-0.029961
-0.027909
-0.010826
-0.019218
0.055965
0.023928
-0.057411
0.050871
-0.018482
0.037049
0.130177
-0.010852
-0.005437
0.007178
-0.055710
0.002189
-0.013736
0.077335
0.059740
0.006875
0.017098
-0.001676
-0.035892
-0.063066
-0.066440
-0.005774
-0.028178
-0.028088
0.046016
0.044260
-0.056047
0.028986
-0.110766
0.005733
0.005772
0.021669
0.061664
0.081543
0.033039
-0.017984
-0.027655
0.049086
0.040508
-0.027520
0.029234
-0.004196
0.098007
-0.065369
0.084709
0.010645
-0.023974
-0.044399
-0.075315
0.000123
0.036384
0.019129
-0.017842
0.037689
0.001910
-0.055473
-0.081110
-0.061952
0.012584
0.072340
0.039061
0.020095
0.048442
0.063118
0.007029
0.020827
0.085317
0.103359
0.068681
0.003343
-0.060776
0.051144
0.078629
0.011136
0.144131
0.170088
0.081555
-0.018374
-0.012356
-0.043160
0.070140
0.035960
-0.039513
0.039337
0.056046
-0.002876
-0.080760
-0.030527
-0.098236
-0.016101
0.107911
0.041754
0.044635
0.042222
0.078546
-0.060628
0.002887
-0.054186
0.002014
-0.072185
-0.057110
0.045211
0.016245
0.009213
-0.033080
0.045443
-0.015558
0.035883
-0.039821
-0.063967
-0.007470
-0.085580
-0.002657
0.035186
-0.057355
-0.099159
-0.003307
-0.004920
-0.052816
-0.005590
0.091682
0.000164
-0.007604
0.058809
0.009574
-0.034796
0.023111
0.036033
0.054895
0.036886
0.048382
0.119583
0.018130
-0.004761
0.028162
0.013572
0.086297
0.005734
0.001149
0.018146
-0.014867
-0.011472
-0.110310
0.019806
0.009302
-0.095822
-0.042367
-0.046825
-0.009599
0.037089
0.013399
-0.038327
0.055325
0.026857
-0.029011
0.003627
0.045974
-0.034425
-0.005897
0.018974
-0.032805
0.016155
-0.024630
-0.018786
-0.085281
-0.094814
-0.072547
-0.093602
-0.004315
-0.110366
0.001701
0.041029
0.065836
0.049900
-0.009586
-0.078911
-0.029659
-0.026107
-0.114624
-0.008006
0.159902
0.039168
-0.116175
-0.036520
0.050519
0.023471
0.082621
0.067103
0.030213
0.002135
0.010149
-0.001031
0.021921
0.008403
0.102357
0.050435
-0.013046
0.033480
-0.067042
-0.025748
0.032186
-0.007306
0.104228
-0.038631
-0.006687
-0.071239
-0.061613
-0.013390
-0.138395
-0.142165
-0.104866
-0.030341
-0.034225
-0.054806
-0.053476
-0.025394
-0.038727
0.066565
0.042858
-0.023062
-0.004285
-0.004773
0.066674
0.000106
0.026576
0.038232
-0.009513
0.088204
0.110653
-0.002857
-0.006298
-0.108156
-0.003420
-0.021526
0.021162
-0.102406
-0.056243
-0.053774
-0.061063
0.025921
0.055739
-0.025499
0.023911
0.091356
0.015427
-0.035507
-0.001502
0.079242
0.047241
0.039871
0.052518
-0.034101
-0.109562
-0.054921
0.031351
-0.024217
0.038690
0.109218
0.118001
-0.045210
-0.036592
0.028010
0.055534
-0.000391
-0.124880
0.023965
0.035634
0.085402
0.052617
-0.023723
0.114039
0.048120
0.069098
0.076145
0.006638
0.045337
-0.078428
-0.050271
0.052357
0.057956
0.020300
0.036722
0.126259
0.052479
-0.008377
0.108131
0.034073
0.017627
0.027795
0.054425
0.120963
-0.002233
0.078604
0.026368
-0.038371
0.027068
-0.033393
-0.090811
-0.028934
-0.015086
0.008589
-0.010113
-0.027672
0.042026
-0.089951
0.002316
-0.000107
-0.021714
0.044412
0.074524
0.108404
-0.000567
0.110548
0.094914
0.075975
-0.006063
0.042006
0.066352
-0.042903
-0.015517
-0.070658
-0.013208
-0.028487
-0.035969
-0.008576
0.004362
-0.028983
-0.002883
-0.028274
-0.033884
0.127328
0.064145
0.071309
0.068380
0.063278
0.093009
0.169876
0.071561
0.094634
0.033227
0.002152
-0.061414
-0.036722
-0.061312
-0.095523
-0.055541
-0.035019
0.012061
0.049651
0.001555
-0.057965
-0.006594
-0.019215
-0.039633
-0.063981
-0.066179
-0.006177
0.101648
-0.004824
0.017546
-0.061243
0.067657
0.034286
0.025293
0.086020
-0.026174
-0.068830
0.021697
0.047860
0.088654
-0.055452
0.015249
0.150518
0.062207
0.104119
0.023454
0.008042
0.040639
0.012104
0.025552
-0.000402
0.007934
0.015540
-0.078915
0.009029
0.115798
0.100751
0.164412
0.052707
-0.007902
-0.051215
0.031995
0.062282
0.083697
0.095590
0.078526
0.021805
0.050096
0.004360
0.038317
0.069186
0.001027
-0.058693
-0.046474
0.058315
0.045037
0.028257
0.017716
0.037828
0.047656
0.047853
0.033424
-0.037715
0.063035
0.039941
0.059600
0.075947
0.022453
0.056028
0.066933
-0.016980
0.007098
0.020270
0.146543
0.058522
0.041569
0.052949
-0.027621
0.051170
-0.034430
-0.210239
-0.051656
-0.031469
-0.082648
-0.006216
0.010306
-0.000989
-0.038499
-0.066460
0.044789
0.022544
0.093822
-0.014107
-0.029082
0.171513
-0.060635
-0.014439
0.091234
-0.036241
-0.063546
0.010218
0.055770
-0.048603
-0.004230
0.076236
-0.029442
0.058945
0.057086
0.029128
0.042247
0.005862
-0.088767
0.074551
0.048968
0.021021
0.105475
0.060134
0.070068
0.100513
0.109136
0.108195
-0.034858
0.068651
0.069209
0.086516
-0.036067
0.047810
0.076926
-0.043665
0.011259
-0.088311
0.019779
0.025720
-0.022196
0.031964
-0.065590
0.027851
-0.016937
-0.062305
0.037611
0.007905
-0.069246
0.010852
0.000990
-0.002036
-0.012981
0.032482
0.008876
0.036983
0.081834
0.113219
-0.033732
0.114902
0.042834
-0.048399
-0.080562
-0.024422
0.014614
-0.089412
-0.070403
0.021708
0.090250
0.077202
0.010069
-0.021702
-0.002965
-0.029080
-0.036688
-0.006228
-0.012197
-0.009344
-0.018640
0.013473
0.030868
0.042174
-0.024123
-0.014641
0.032612
-0.032965
-0.016067
0.074064
-0.031464
0.025702
-0.031054
0.049233
0.015182
-0.049750
0.050259
0.060406
-0.000836
-0.030744
0.033320
0.047947
0.009368
0.008667
0.041649
0.088400
0.074943
0.003545
-0.062180
-0.050747
0.008280
0.088107
0.016339
0.063596
0.092242
0.040965
-0.039140
0.026375
-0.032684
0.000481
-0.026664
-0.031008
-0.006268
-0.148527
0.021072
-0.037533
-0.021907
0.109470
-0.032811
0.023035
0.039278
0.052526
-0.060223
0.001395
0.015372
-0.012964
-0.164042
-0.082733
-0.049042
-0.050151
0.009915
-0.033511
-0.075981
0.002008
-0.022788
0.039688
-0.034333
0.002118
-0.021096
-0.070882
-0.080299
0.023618
-0.003610
0.016498
-0.005920
0.012615
-0.009404
-0.004911
-0.006319
0.025769
0.000841
-0.054152
-0.051695
-0.057468
0.008120
0.105382
0.076716
0.091141
-0.046937
0.034724
0.011589
-0.031420
-0.013982
0.031425
-0.033957
0.017416
0.046792
0.017043
-0.033400
-0.035641
-0.075910
-0.080367
0.036922
0.047734
0.058884
0.002657
0.046607
0.021932
-0.072802
-0.019681
0.088205
-0.030934
-0.053677
-0.047562
-0.062583
-0.002456
-0.020514
0.040725
0.046074
0.045204
0.016228
0.009526
0.038098
-0.003278
-0.016111
0.058087
0.052755
0.039933
-0.006674
-0.079827
0.001978
0.020687
0.016569
-0.104846
0.019961
-0.032100
-0.147219
-0.032941
-0.023755
-0.070665
-0.002170
0.025660
0.041500
0.089308
0.011287
0.163562
0.065433
-0.035602
0.031682
0.024301
0.022251
-0.050619
-0.001730
0.015266
0.050790
-0.019936
-0.019792
-0.090834
-0.083685
0.064621
0.002088
0.000440
0.089272
-0.041617
-0.091511
-0.052626
0.030072
0.006619
-0.092064
-0.020062
-0.094452
-0.000569
-0.042929
-0.130565
-0.005243
-0.106474
-0.109245
-0.020170
-0.143435
-0.138325
-0.048638
-0.068104
-0.102035
0.034781
-0.039412
-0.039457
0.004185
-0.027540
-0.052916
-0.080445
-0.111980
-0.006328
-0.057832
-0.077139
0.123455
0.019765
-0.042058
0.041316
0.043862
-0.014985
-0.022151
0.003912
0.091066
-0.030609
0.051884
-0.066659
-0.045294
0.057701
-0.047559
0.002738
0.013249
-0.015871
0.025413
-0.094151
-0.017110
0.010912
-0.027506
-0.038861
-0.051097
0.056466
0.002063
-0.034501
0.015071
-0.082506
0.004300
0.080036
-0.013617
0.030037
0.074418
0.058393
-0.046690
0.089199
-0.022255
0.029843
0.142298
0.033543
-0.040731
-0.009670
0.090940
0.059336
-0.003005
0.045024
0.064209
0.032059
-0.033881
0.048353
-0.000322
-0.053458
-0.060899
0.082814
0.083778
0.160351
0.016032
-0.010025
0.031188
-0.022560
0.023067
0.034677
0.047199
-0.025519
0.073395
0.059293
0.053255
-0.040905
-0.108652
-0.013693
0.057635
-0.072223
0.095568
0.089166
0.009611
0.025462
0.014616
0.085221
-0.014630
-0.101751
-0.045844
-0.003269
0.012549
-0.017839
0.038510
0.005177
-0.060486
-0.055260
-0.034624
0.030744
-0.044712
-0.060201
-0.038080
0.001693
0.000340
0.044523
0.030996
-0.036317
-0.006840
-0.055611
0.001309
0.047618
-0.031073
-0.090199
0.035771
0.083969
-0.055147
-0.052010
-0.104555
-0.057905
-0.013701
0.127669
0.046091
-0.105299
0.005731
-0.068188
-0.120220
-0.006435
0.040420
0.019336
-0.071324
-0.043893
-0.088523
-0.029598
0.059259
-0.070001
0.021835
-0.039691
0.003426
-0.025732
-0.035159
0.150656
-0.042864
-0.028610
0.008321
-0.013544
0.021352
-0.030193
-0.012016
-0.121316
-0.023489
-0.033232
0.033776
-0.079176
-0.057628
-0.009401
-0.007971
-0.071229
-0.036678
0.116637
-0.027693
0.023493
-0.025595
-0.022045
-0.002907
0.012992
0.006847
0.010602
-0.028718
0.051777
0.083264
-0.058109
-0.014262
-0.040474
-0.032692
-0.002678
-0.035901
-0.020199
0.060518
0.048999
0.028194
0.047606
0.005871
0.016698
-0.033244
0.044524
-0.022206
0.093693
0.097488
0.017750
0.017418
0.059017
-0.112601
-0.072602
-0.114347
-0.150424
-0.099059
-0.083313
0.012322
-0.051448
-0.048712
0.052368
-0.081995
-0.048741
-0.022236
-0.011372
-0.037232
-0.005594
0.007516
-0.054841
-0.030591
-0.025545
0.063266
-0.073556
-0.156188
0.028208
-0.020964
-0.041721
0.050375
-0.087950
-0.086306
-0.025655
-0.092548
-0.075343
0.041723
-0.054103
-0.008872
-0.016156
-0.016137
0.117769
0.066325
0.038231
0.006857
0.044339
0.047001
0.019929
-0.013755
-0.016867
0.051421
-0.109355
-0.129346
-0.156086
-0.076366
-0.091409
-0.102403
-0.105493
0.062978
-0.015513
-0.016610
0.056740
0.111917
0.040314
-0.090013
-0.049430
0.005797
0.013976
-0.049500
-0.038234
0.014006
-0.005607
-0.066594
-0.073202
-0.069286
-0.004182
-0.011526
0.022647
0.025450
0.079545
0.120417
0.052139
-0.041538
-0.040494
-0.008279
0.026760
0.040510
0.032704
0.047715
0.000874
-0.030767
-0.016235
0.007731
-0.044301
-0.072762
-0.074963
-0.023696
-0.013806
0.013929
0.000312
-0.023272
0.024661
-0.057574
0.115062
0.029531
-0.071004
0.081724
-0.007933
-0.139704
-0.045950
-0.041441
-0.109879
-0.050835
-0.075442
0.013962
-0.016644
0.063667
0.037489
-0.041986
-0.129678
-0.025715
-0.054595
-0.091452
-0.016888
-0.003436
0.027782
-0.003507
0.059125
0.128351
-0.090168
-0.019647
0.042454
0.029465
0.016550
0.021075
0.074411
-0.025318
0.025236
0.043882
0.060934
-0.023168
-0.023395
0.043601
-0.001332
0.007111
-0.054002
-0.103644
-0.022082
-0.076445
-0.062295
0.037380
0.024783
-0.022629
-0.019046
-0.008601
0.042443
0.037046
0.015135
0.086256
-0.036014
0.029587
0.084742
-0.117889
-0.031449
0.048045
-0.050084
0.086820
-0.036068
-0.003365
-0.022230
-0.044322
0.028645
0.017642
-0.025950
-0.027167
0.034288
-0.004251
-0.030675
0.012838
0.020768
0.074394
0.032331
0.074324
0.019340
-0.023456
0.008409
-0.046446
0.036098
0.011082
-0.057779
0.030229
-0.028166
0.065931
0.058448
-0.104064
-0.027459
0.038153
0.028416
0.023409
0.074389
-0.032210
0.039311
-0.150652
-0.044378
-0.000636
-0.031572
-0.029132
-0.053147
-0.027768
-0.087710
0.031274
-0.007617
-0.047180
-0.048558
0.119531
-0.021319
-0.000053
0.083430
0.090305
-0.081276
-0.019487
-0.010324
0.068486
0.099164
0.033782
-0.064440
-0.021600
-0.034427
-0.049893
0.018557
-0.040264
-0.009311
-0.000457
0.010930
-0.008136
-0.003151
-0.051313
0.051542
0.111713
-0.016689
0.054981
0.006284
0.011950
0.001927
0.046583
-0.005567
-0.086295
-0.041775
-0.003991
0.046449
0.053948
0.071311
0.069781
0.086056
0.048773
0.032984
-0.010519
-0.033531
-0.052564
-0.039328
0.038264
0.012870
0.027682
-0.017931
-0.033263
-0.028003
0.020363
0.030276
-0.022415
-0.033979
-0.060037
0.022265
-0.080281
-0.115553
0.005872
0.052156
-0.019224
-0.055393
0.063914
0.028062
0.002268
-0.030085
-0.053762
-0.025721
0.053739
-0.035066
-0.048597
-0.038987
-0.065815
-0.013657
0.083722
0.031857
-0.035072
-0.034658
-0.047013
-0.067863
-0.115118
-0.006134
-0.140693
-0.093116
-0.040685
-0.030645
0.039209
-0.030160
-0.084389
0.070376
0.114099
0.029964
-0.010738
0.033927
0.023847
0.021619
0.045278
-0.052637
-0.007002
-0.007609
0.047399
0.058646
-0.010813
0.010784
0.015289
-0.041116
-0.043887
-0.028323
0.015159
0.125000
0.017849
0.069249
0.025343
0.095331
0.091833
0.030613
-0.054695
0.023224
0.048794
-0.005325
0.022037
0.081315
-0.020572
0.013743
-0.039882
-0.053927
-0.053053
-0.031441
-0.004322
-0.005165
0.025644
-0.022848
0.005414
-0.018211
0.056194
-0.025176
-0.052658
-0.099636
-0.045452
-0.028572
-0.004551
0.072961
0.118484
0.054551
-0.024296
0.043057
0.006769
0.018954
-0.062039
0.050541
0.087459
0.001641
0.077689
0.019556
0.021877
0.086468
-0.085487
-0.013699
0.046478
-0.100927
0.056459
-0.000658
0.111514
0.061986
0.012241
0.053449
-0.000917
-0.038877
-0.062127
-0.011356
-0.060006
-0.007961
0.018803
-0.044627
-0.069337
-0.069943
-0.000227
-0.013550
0.041961
0.130528
-0.075877
0.033596
0.049256
0.032176
0.014656
-0.013106
0.049472
0.037153
-0.148341
-0.054713
0.020653
0.027990
0.011084
0.034638
0.029734
-0.006135
-0.041976
-0.074263
-0.056671
-0.047278
-0.031223
0.019966
0.009156
-0.008653
0.043489
0.013652
-0.020891
0.009687
-0.122352
-0.000767
-0.022010
-0.022531
0.070745
0.109820
0.119253
0.067000
0.062749
0.030091
0.024312
-0.106161
0.009995
0.071787
-0.058131
-0.064216
-0.054847
0.029634
-0.021140
0.036059
0.030932
0.033118
0.086545
-0.078061
-0.014531
-0.090591
-0.096797
-0.106921
-0.030109
-0.021712
0.068847
0.054481
-0.103903
0.031340
0.027978
0.054810
0.044468
0.003642
0.105243
0.068366
0.106019
0.009907
0.051485
0.045082
-0.002495
-0.007525
-0.010490
0.022939
0.011343
-0.036866
0.086265
-0.017616
0.001378
-0.017228
-0.016471
0.065992
-0.013118
0.001748
0.034393
0.037593
0.035342
0.040277
-0.006159
0.012384
-0.068142
-0.039208
0.060428
0.036355
0.011970
0.031499
0.076538
-0.000482
-0.009458
0.019438
0.033182
0.050492
0.021372
0.036204
0.071499
0.049410
0.004650
0.067263
0.009233
0.052992
0.078804
0.058870
0.064951
0.001861
0.016809
0.094614
0.092856
-0.095975
-0.089561
0.057540
-0.146277
-0.081190
0.016860
0.024322
-0.005070
-0.082236
-0.098679
0.079210
-0.055651
0.022447
-0.025558
-0.072552
-0.041701
0.001956
0.034049
-0.008923
0.004788
0.075688
-0.013028
-0.031263
0.011360
-0.033288
-0.071845
-0.069563
-0.047478
0.071170
0.069648
0.018231
-0.016650
0.084365
0.056607
-0.012743
-0.029355
0.065183
-0.035378
0.008220
0.119121
0.052482
0.055987
0.005207
-0.001067
0.006950
-0.096847
-0.012628
-0.009338
0.045921
0.066502
-0.025621
-0.039139
-0.074424
-0.050391
-0.086349
-0.067460
0.007238
-0.008691
0.038689
0.032414
-0.069860
0.079812
0.018225
-0.040215
-0.014535
-0.004710
0.087784
-0.002861
-0.048716
-0.073497
-0.186384
0.000555
-0.006765
-0.040365
0.090107
-0.021279
0.061836
0.181439
0.056448
0.015322
0.013326
-0.063537
-0.110321
-0.066600
0.007293
-0.025161
-0.015035
-0.030153
-0.003168
-0.050163
-0.048898
-0.020937
-0.036456
-0.043788
-0.008487
-0.001398
-0.041210
-0.076083
0.036914
-0.055483
0.050194
0.029117
-0.059785
-0.018479
0.064977
0.031356
-0.009381
0.149960
0.078772
0.024114
0.048337
-0.019252
0.019428
-0.049028
-0.008666
-0.048188
0.076351
0.040030
0.037578
0.017244
-0.009026
-0.005287
-0.100329
-0.048562
0.029709
-0.043177
0.090308
0.053133
-0.089763
0.065663
0.013234
0.004589
0.009703
-0.000914
0.029678
0.061951
-0.016169
0.028799
-0.026437
-0.095551
-0.029741
-0.154976
0.040585
-0.036468
-0.163640
-0.121347
-0.071256
0.037758
-0.052966
0.026337
0.020909
-0.025868
0.016315
0.054778
0.130576
0.032455
0.044430
0.024926
-0.081959
0.008724
0.016574
0.003493
0.014111
0.115263
0.015407
-0.010692
0.098257
0.028504
0.027748
0.062673
0.103789
0.039913
-0.043667
0.028678
-0.023075
-0.032448
0.057706
0.096002
0.090133
0.034180
0.045606
-0.023982
-0.017279
0.025494
0.061459
0.062855
0.000995
-0.000131
0.017131
0.013320
-0.097170
-0.137998
0.101358
0.032180
0.036944
-0.026092
0.012997
-0.022897
-0.004092
-0.105136
-0.032008
0.033457
0.034573
-0.057206
-0.036532
-0.015743
-0.005683
0.027916
-0.051471
-0.049010
0.007052
-0.013556
0.090680
0.042400
-0.019451
-0.029524
0.021240
-0.055643
-0.042260
0.011680
0.086345
0.056166
-0.061331
0.004346
-0.054345
-0.087735
-0.032724
-0.019793
-0.055888
-0.030617
-0.045327
-0.010114
0.092410
0.055047
0.011860
0.019678
-0.035099
-0.125928
-0.005100
-0.036928
-0.129269
-0.007014
0.081947
-0.132041
0.019872
-0.013306
0.044481
0.039892
0.028448
-0.001529
-0.012390
0.084612
0.062445
-0.055030
0.034254
0.100614
0.006236
-0.057440
0.029490
0.126831
0.018907
-0.053273
0.036917
0.028254
-0.072068
0.040169
-0.022518
0.018837
-0.082238
-0.024776
0.025271
-0.130629
-0.008881
-0.109606
-0.075607
0.009490
0.119247
0.062794
-0.054674
0.011269
0.011132
-0.005068
-0.054030
-0.000099
0.100991
-0.014929
-0.042745
0.024011
-0.026174
-0.007298
0.027828
0.019863
-0.023560
0.076613
0.069883
-0.037175
0.026962
-0.059280
0.088485
-0.009774
-0.045699
0.035121
-0.094930
0.095169
0.047553
-0.048474
-0.021048
-0.112034
-0.039546
0.000845
0.070023
0.015077
0.029443
-0.076933
-0.082636
-0.063907
-0.015164
-0.010369
-0.081052
-0.036885
0.015835
-0.088355
-0.120704
-0.119895
0.019143
-0.072323
-0.002580
0.044950
-0.058567
-0.079701
-0.043842
-0.071897
-0.104149
-0.072865
-0.041519
-0.023880
-0.006233
0.028855
0.052132
0.068525
-0.003457
-0.054606
0.073301
-0.002398
-0.127205
-0.072369
-0.036011
-0.019536
-0.070524
-0.014707
0.003952
-0.052737
-0.001820
0.022589
-0.062712
0.054952
0.060208
0.063599
0.061971
-0.045564
-0.025996
-0.003366
0.071039
0.052758
0.136745
-0.001862
0.008213
0.024030
0.031215
0.031964
0.018653
-0.078231
-0.032182
-0.004743
-0.074784
-0.064654
0.007372
0.035060
0.043908
-0.151749
-0.072514
-0.027580
-0.003283
0.071920
0.012606
0.026040
-0.068872
-0.083909
0.043616
-0.000711
0.102283
0.028725
-0.113287
0.047812
0.046844
0.069485
-0.063161
0.003998
0.068952
0.035715
0.025290
0.034869
0.066123
0.039592
-0.072348
-0.004838
-0.007933
-0.047172
-0.079680
-0.034047
0.027513
0.068366
0.079254
-0.003871
0.025827
0.084466
-0.016199
0.025586
0.047922
0.062951
0.027121
0.085896
-0.012750
-0.102453
0.118678
-0.091797
0.049415
0.009451
-0.073648
0.041371
-0.022378
-0.018627
0.074873
-0.023886
0.004294
0.047895
-0.031828
-0.156813
-0.014014
-0.028993
-0.063479
0.047493
0.078010
0.018760
0.090478
0.063765
-0.014257
-0.000636
-0.035371
-0.015971
0.026900
-0.006592
-0.051351
0.072513
-0.053742
0.027709
0.030292
-0.077977
0.017775
-0.032224
0.041503
0.137847
0.019405
0.044872
0.038245
-0.024991
-0.019433
0.011013
-0.048794
0.016474
-0.059807
-0.028838
-0.011169
-0.011870
-0.099236
-0.032262
-0.060301
-0.116337
0.029781
-0.012254
-0.095880
0.069739
0.017294
-0.062705
0.025166
0.012095
0.069815
-0.081107
-0.034155
-0.004541
-0.002655
0.014169
-0.032466
-0.120177
-0.061304
-0.055398
-0.036120
-0.088687
-0.055997
-0.090477
-0.019438
-0.045013
0.046015
0.001686
-0.033043
-0.033950
0.007801
0.026375
-0.080907
-0.077953
0.092088
0.007974
0.011421
0.043774
0.025418
-0.046516
-0.053563
0.028779
0.065445
0.054456
0.037051
0.000306
0.098124
0.071140
-0.005217
0.082669
0.016061
0.047895
0.032676
-0.049673
0.022832
0.047393
0.040476
0.108385
0.057712
-0.080648
0.017918
0.013898
-0.078464
0.017791
-0.060875
-0.018220
0.035105
-0.004193
-0.004727
-0.027070
0.043336
0.059319
0.019846
-0.060581
0.052509
0.008739
0.068648
0.073412
0.030163
0.031717
-0.025603
0.009116
0.029818
-0.016457
-0.022552
-0.006474
-0.032611
0.021866
0.045039
0.111852
0.097353
0.080605
0.008059
-0.026137
-0.015085
0.005901
0.034982
0.073645
0.016035
0.112808
-0.050037
0.044570
0.097957
0.009310
0.079758
0.074458
-0.040345
0.097993
0.001558
0.003897
-0.006177
-0.086636
-0.064939
0.029997
-0.010140
0.004906
0.025324
-0.040104
0.036121
-0.001423
-0.057777
-0.052025
-0.111414
-0.070469
0.007257
-0.120454
-0.099111
-0.047121
-0.060976
0.007342
0.094041
0.057543
-0.001465
-0.008944
-0.092757
0.016710
0.067840
0.018907
0.121153
0.008477
0.041726
0.046441
-0.053640
0.010664
-0.041424
0.045276
-0.085821
-0.103133
-0.013458
-0.076585
0.026229
0.113958
0.035831
-0.073255
-0.052814
0.011914
-0.029447
0.028505
-0.020345
0.008292
0.070952
0.034600
-0.039814
0.016899
-0.032334
-0.083878
0.113159
0.059250
0.041398
-0.018577
-0.027119
0.039413
-0.003151
-0.016057
0.032882
0.032148
-0.048724
-0.122951
0.070722
0.046562
-0.014554
0.031544
0.127168
0.032337
0.029768
0.010245
0.091965
-0.006311
-0.065648
0.008082
0.053966
-0.072620
0.011548
0.045498
0.001868
0.084798
0.114144
-0.042232
-0.017414
-0.109425
0.012286
-0.004966
0.007628
0.064062
0.026258
-0.008031
-0.044863
0.022122
-0.068249
-0.108363
0.019182
0.114671
0.079823
0.053713
0.074713
-0.006465
0.034649
-0.011068
0.068968
-0.011247
0.011655
0.087615
0.074253
-0.133157
-0.129879
0.110808
0.068240
0.006689
0.111479
0.040943
0.014155
0.015596
0.112663
-0.081708
-0.014157
0.027139
0.053839
0.052290
0.000894
0.069476
0.107730
0.037104
-0.105125
-0.040755
-0.040063
0.037853
-0.010288
-0.069925
0.026117
0.098615
-0.031466
0.017138
0.067954
0.034941
-0.016874
-0.020958
-0.008414
-0.000650
-0.022698
0.052822
-0.022450
-0.071201
-0.006296
0.094788
-0.057552
0.064728
0.042583
0.064043
0.052279
0.041863
0.067346
0.053601
-0.040455
0.047615
0.077924
0.026974
0.022445
0.071581
0.115740
0.029548
0.033757
-0.011001
-0.020064
0.050129
-0.020801
-0.021506
-0.011014
0.010217
-0.009706
0.032901
0.044521
0.025998
-0.069226
-0.118297
0.033221
-0.046758
-0.028316
-0.012371
0.031862
0.038394
-0.066565
0.036487
0.047425
0.011437
-0.030772
-0.076161
0.015990
-0.057447
0.001856
0.075835
-0.003849
-0.050210
0.007390
-0.029625
-0.028924
0.012702
0.060852
0.008116
-0.060202
0.039022
0.000542
0.019240
0.013117
0.047490
-0.053552
0.031937
0.103607
0.057837
0.051563
-0.062382
0.052185
0.084264
-0.049671
0.033755
-0.000391
-0.073784
0.041107
-0.048833
-0.072029
-0.050905
0.032170
0.040535
-0.033581
0.034769
-0.040317
0.169390
0.001573
-0.009004
0.053776
0.051336
-0.081288
-0.006006
0.062964
-0.005373
-0.065538
-0.012016
-0.079184
-0.065467
0.111848
0.009782
-0.051071
0.001573
0.169355
-0.011507
0.035505
-0.014108
-0.017052
0.067927
0.084947
0.024739
-0.049865
-0.019190
0.098849
0.063696
0.124429
0.119109
0.031177
0.054017
0.006611
0.054662
0.053700
-0.029363
-0.042433
0.036703
-0.032763
-0.013932
0.000690
-0.028900
-0.058353
0.020652
0.094261
-0.004769
0.011169
0.029428
0.027666
-0.040279
-0.020660
0.099621
-0.025086
-0.038033
-0.009496
0.114225
-0.022665
-0.015158
-0.011427
0.066188
-0.044985
0.024462
-0.021272
0.020348
0.152947
0.100168
0.057181
0.040691
0.012356
-0.003466
-0.014185
0.009912
0.028482
0.091826
0.068848
-0.066261
-0.061120
0.003228
0.068490
-0.022012
0.003543
-0.026347
-0.054983
0.025708
-0.009068
-0.031374
0.001774
0.007843
0.038025
0.014100
0.012473
0.048451
-0.001600
-0.038622
-0.022181
0.001380
0.069061
0.016441
-0.028696
0.122921
-0.026691
0.022385
0.057615
0.015575
0.034977
-0.041899
-0.029742
0.032372
-0.041813
-0.001822
-0.019477
-0.055969
-0.105630
-0.073393
-0.036560
-0.030678
-0.042195
0.011161
0.023807
0.016847
0.067109
0.078548
0.122145
0.018207
0.033460
-0.026275
0.119835
0.099048
0.006631
0.063943
0.000498
-0.042222
-0.043516
-0.003022
-0.021051
0.002608
0.033503
0.023470
-0.198377
-0.112502
0.000191
0.070807
0.122240
0.093378
0.087650
0.009991
-0.021387
-0.020110
0.007087
-0.029340
-0.053702
-0.038920
-0.023696
0.104748
0.021142
-0.026487
0.020261
-0.004030
0.015288
0.068814
0.051927
0.042971
0.016143
0.052070
-0.030344
0.052753
0.008892
0.016686
-0.011039
0.019414
0.000798
0.041258
0.121026
0.011961
-0.089449
0.012593
-0.028008
-0.060944
-0.004492
-0.048621
0.029755
-0.032262
0.042574
0.056578
0.023378
0.078136
0.021379
0.081029
0.045942
0.015009
0.000332
-0.078706
0.010137
-0.008607
-0.027398
-0.068976
-0.067029
0.065901
0.014288
0.081544
0.004234
-0.010247
0.095670
0.071418
0.039818
-0.019212
-0.056841
-0.071860
0.073624
0.044316
0.017634
0.046671
0.061864
-0.000677
-0.086802
-0.087748
0.078023
-0.075422
0.030509
-0.039591
-0.041247
-0.028474
-0.100345
0.074135
0.093841
-0.017475
-0.012241
0.053454
0.002759
0.065645
0.007168
-0.012425
0.045788
0.048572
0.000703
-0.036659
-0.015431
-0.116193
-0.048152
0.008452
0.017296
0.074934
-0.013186
0.087926
0.026359
0.059001
0.013258
-0.025509
-0.005980
0.045570
0.087376
0.048594
0.053160
-0.029042
-0.009247
-0.069383
-0.029962
0.037368
0.014010
-0.014354
-0.058211
-0.029232
-0.087646
-0.094298
-0.066978
-0.005205
0.025273
0.037398
0.045653
-0.023584
0.023873
-0.009466
0.010303
0.094254
-0.014115
0.031164
-0.080553
-0.063464
-0.041107
0.033203
0.069952
0.035290
0.028630
-0.021026
0.035157
0.016038
0.024048
-0.013311
0.052820
-0.016151
-0.038212
-0.060262
-0.089149
-0.037621
0.073948
0.020249
-0.065326
-0.042724
-0.016243
0.061903
0.034380
0.030347
0.037752
0.027697
-0.007241
-0.031377
0.005625
-0.023472
0.043637
-0.037963
0.001066
0.056937
0.046378
-0.003641
-0.037258
-0.107686
-0.076776
-0.034831
0.017998
-0.047259
-0.032450
0.046010
0.018340
0.019965
-0.024571
0.043807
0.013336
0.033693
0.042893
-0.044433
-0.049359
-0.063660
0.001511
0.115843
0.092306
0.028304
0.073672
-0.034006
-0.093932
-0.011571
-0.037487
-0.001027
0.012772
0.029751
-0.027320
0.075992
-0.027341
0.059775
0.009941
-0.019634
0.042361
-0.018939
-0.011668
0.062638
0.051095
0.180035
0.041653
-0.034956
0.147050
0.016255
-0.017137
0.090406
0.052321
0.043923
-0.166541
-0.050974
-0.123271
-0.049078
-0.015429
-0.000212
0.037556
0.015629
-0.048269
-0.013172
0.054681
-0.043112
-0.049649
-0.068013
0.023436
0.014715
0.046149
-0.022390
-0.013975
-0.043099
0.047828
0.089789
-0.003877
0.114069
0.064345
-0.034834
-0.062771
-0.092908
-0.087989
-0.067317
0.026906
-0.018037
0.040291
0.030314
0.101954
0.081395
-0.020012
0.056911
0.065795
-0.073219
-0.002391
0.044508
-0.025032
-0.042231
-0.042190
-0.006049
0.033214
-0.034019
0.027021
0.098692
0.027991
-0.049435
0.007390
0.040255
-0.001375
0.004362
0.049592
0.082861
0.030944
0.036469
0.034783
0.055010
0.089552
-0.045503
-0.003672
-0.006151
-0.036079
-0.035545
0.031140
0.025848
-0.119905
-0.114306
-0.035093
0.042666
-0.003152
0.054170
-0.007218
-0.053617
0.009232
0.057589
-0.026894
0.057752
0.066334
-0.009870
-0.048702
-0.046923
0.066147
-0.058010
-0.040257
0.034503
-0.060204
-0.091411
0.035737
-0.007591
0.021660
-0.013012
-0.049987
0.023336
-0.029326
0.043835
-0.043067
-0.105510
0.018691
0.033374
0.028615
0.093914
0.008556
-0.093827
0.010784
0.006621
0.009470
-0.106656
-0.035070
-0.075504
-0.018015
-0.058889
-0.127168
-0.064097
0.008173
-0.036047
0.011416
0.002062
0.031783
0.033334
0.030502
0.069309
0.060262
0.010353
-0.036258
0.044010
0.083324
0.037212
-0.049148
-0.038121
-0.008831
-0.033409
-0.080840
-0.041336
0.028858
-0.000426
-0.015147
0.039348
-0.022297
0.023122
0.027070
0.028660
-0.011985
-0.016232
0.012130
0.007518
-0.018636
-0.020175
-0.027581
0.008381
-0.024124
0.053467
0.051212
0.080632
0.039310
0.032620
0.007577
0.091908
0.052882
-0.030864
0.129109
0.039200
0.039097
0.021908
-0.016502
-0.052868
0.037535
-0.055347
-0.009406
0.005358
-0.011715
0.102530
0.065691
0.032353
-0.020484
0.037027
-0.097817
0.024024
0.082747
-0.020916
-0.036729
-0.015633
0.052034
0.077375
-0.009325
-0.032222
0.044519
0.006054
0.030592
0.033444
0.053661
0.081989
0.061001
0.006407
-0.048268
0.001404
-0.022894
0.004392
-0.000754
0.024552
0.041209
-0.000294
-0.025073
0.007103
0.012935
0.028890
0.021577
0.037188
0.080418
0.047528
0.045665
-0.111924
-0.039432
-0.022968
0.018190
0.062843
-0.020641
-0.029440
0.011754
0.010810
0.047415
0.019249
-0.027526
-0.031668
0.088059
-0.018969
0.056458
0.084078
0.006346
0.012934
0.017088
0.027460
-0.015321
0.030711
0.036088
-0.039647
0.035702
-0.011105
-0.055483
-0.020519
-0.043350
-0.013643
-0.044117
0.120086
0.063753
0.063583
0.106173
-0.002023
0.098399
-0.028900
-0.055737
-0.052276
-0.015858
-0.043727
-0.024328
0.014296
-0.063589
-0.030700
-0.063934
0.061496
0.020077
-0.069801
0.082996
0.013002
0.000567
-0.048643
-0.007930
0.023171
0.031140
0.037751
0.034802
0.039081
-0.039734
-0.072079
-0.030114
0.014261
-0.108653
-0.016312
0.009274
-0.008305
0.048652
-0.088953
0.056188
0.190911
-0.119389
-0.004442
0.121439
-0.042317
-0.051728
0.032159
-0.010453
0.038110
-0.057727
0.047786
0.072915
0.014720
-0.018138
0.006746
-0.062541
0.073659
0.005190
0.056674
0.038342
-0.031882
0.032453
0.017500
0.029576
-0.015868
0.010611
-0.041700
-0.015277
-0.009803
-0.109824
0.015764
-0.066443
-0.120825
-0.043844
0.064494
0.015658
0.038744
0.092641
0.001959
0.014804
0.015414
-0.002460
-0.067127
0.044323
-0.070153
-0.056193
0.002839
0.129592
-0.006591
-0.037772
0.010296
-0.032189
-0.013913
-0.053083
-0.086020
-0.012762
-0.005840
0.002969
-0.020448
-0.024232
0.091754
0.021131
-0.027225
0.058362
0.059036
-0.014978
-0.011293
-0.051861
-0.082053
-0.023133
-0.043352
0.056450
0.070421
-0.069061
0.044030
-0.002011
-0.079445
0.009952
-0.020953
-0.010374
-0.061148
-0.003547
0.063985
0.109842
0.141444
0.054725
0.132806
0.105588
0.029737
-0.044727
-0.050565
0.000971
-0.057348
-0.065007
-0.074316
-0.025760
0.005729
0.037131
0.037392
-0.057195
0.010588
-0.020540
-0.038218
-0.003126
0.017577
0.004462
0.026884
0.042247
-0.040788
0.016634
0.024643
-0.034393
0.078154
0.017113
0.014906
-0.145193
-0.014014
0.079932
0.012603
0.026028
-0.031728
-0.049999
0.058342
0.025031
0.031814
0.048275
0.032405
0.094780
0.040874
0.042547
0.004816
0.063225
0.047158
-0.106706
-0.098083
0.014696
-0.009257
-0.034582
-0.017364
0.017218
-0.011610
0.014049
0.020270
-0.027880
0.053449
-0.013502
-0.078187
0.069965
0.089944
-0.035733
-0.004298
0.007848
-0.030525
-0.087794
-0.013854
0.030615
0.043094
0.060821
-0.010189
0.080765
0.049187
0.095237
0.059507
-0.054137
-0.042865
-0.063390
0.000575
-0.034579
0.060832
0.003346
0.069433
0.120249
0.071879
0.042736
-0.022672
0.063592
0.012985
-0.053861
0.029120
0.016672
0.006203
-0.001369
0.005382
0.004802
0.079347
-0.019279
-0.023286
0.142830
-0.001593
0.050076
0.040559
0.029978
-0.020665
0.011368
-0.039291
-0.102289
-0.000784
0.006587
-0.004577
0.017304
-0.114723
-0.051837
0.008761
0.050751
0.079385
0.012708
0.117614
0.012048
-0.056562
0.003973
-0.030410
0.098801
-0.046987
-0.113182
-0.014326
-0.064614
-0.025239
-0.044224
0.059927
0.052700
-0.035435
0.032024
0.053390
0.008702
-0.062836
0.050848
0.041654
-0.030471
0.037552
-0.014062
-0.000072
-0.007623
0.112390
0.047375
-0.008354
-0.036240
-0.070477
-0.041006
0.015959
0.004776
-0.122978
0.030598
-0.062709
0.077609
0.082471
0.010757
0.104471
0.049823
0.121021
0.034650
0.072524
-0.080956
0.026380
-0.038688
0.034667
0.096148
-0.026004
-0.023793
-0.042660
0.009641
0.044043
-0.067130
-0.027427
0.054367
0.029835
-0.059005
-0.017357
0.025277
-0.029371
-0.004388
-0.045487
-0.016908
-0.027960
-0.069487
0.057952
0.119594
0.004858
0.004564
0.031759
0.020533
0.088502
0.036407
0.107974
0.107092
0.017036
-0.019221
-0.033742
-0.047252
-0.041610
0.031245
-0.019751
0.096314
-0.018835
-0.012692
0.030009
-0.032917
0.014769
-0.005469
-0.062764
-0.045290
-0.023810
-0.000054
-0.011811
-0.010085
0.039048
0.057925
-0.027215
0.033501
-0.164635
-0.050295
-0.008812
-0.060600
-0.075556
0.036594
0.078478
-0.045537
-0.058447
0.015167
-0.082957
0.007336
-0.011400
-0.036136
0.051272
0.017974
-0.005390
0.052731
-0.014291
-0.020666
0.054519
0.120160
0.029548
0.004436
0.027738
-0.080775
-0.130491
-0.026074
-0.056674
-0.094853
0.088106
-0.049205
-0.078124
-0.071220
0.019194
-0.003071
0.057395
0.155874
0.018724
-0.054465
0.045104
0.081635
-0.015901
-0.023927
0.031919
0.060188
-0.033784
-0.008608
0.020941
0.041320
0.017777
-0.043940
0.042402
-0.012539
0.117777
0.036957
0.053523
-0.014230
-0.026679
-0.048378
0.023189
0.107758
0.059246
-0.028579
-0.023301
-0.025084
0.097640
0.084224
0.083084
-0.036322
0.036100
-0.008859
-0.004247
0.040136
0.010975
-0.067123
0.024173
0.078226
0.013163
0.165464
0.026599
-0.025803
0.028599
0.013434
-0.001805
0.068290
0.002042
0.017093
-0.094597
-0.038174
0.076187
0.079784
0.095116
0.033008
0.063353
0.100198
0.134139
0.005535
-0.073248
-0.081797
0.008128
-0.148339
-0.022861
0.031209
-0.026757
-0.042650
-0.048905
0.039680
-0.005833
0.008171
0.118750
0.107506
0.032622
0.004964
0.022149
-0.023524
-0.101379
0.038122
-0.062615
-0.060475
-0.022513
0.011542
0.006526
-0.038048
0.053756
-0.103640
0.079244
-0.093955
-0.130036
-0.039012
0.032354
0.062195
-0.014436
-0.049919
-0.007544
-0.002444
0.000847
-0.044693
0.094199
-0.000987
-0.061842
-0.016500
-0.086198
0.011629
0.149429
0.079714
0.095135
-0.023755
-0.018048
-0.069334
-0.057392
0.056560
0.027803
-0.059602
0.039115
-0.074818
-0.035129
0.017831
-0.033708
0.073734
-0.030623
0.032029
-0.074170
-0.058163
-0.031210
-0.031876
0.140310
-0.038016
-0.041196
0.015666
0.006831
-0.042024
0.041561
0.040462
-0.069766
-0.094589
-0.005624
0.014147
0.083452
-0.075876
-0.068651
-0.086220
-0.086448
0.118309
0.085792
-0.006630
0.004725
0.007576
0.074107
-0.033471
0.038732
0.042680
0.003135
0.082035
0.016607
-0.016133
0.111416
0.064314
0.037840
0.050338
0.013605
0.034283
0.019647
0.066642
0.024903
-0.053515
0.056315
0.097950
0.065938
-0.015360
-0.023883
-0.066923
-0.020773
-0.039666
-0.083067
-0.032566
-0.147416
-0.161433
-0.054616
-0.016066
-0.063489
-0.029441
0.094953
0.019267
-0.031084
0.036824
0.006557
-0.010895
-0.069288
-0.067080
0.015029
-0.054729
0.034263
0.091905
0.056763
-0.022954
0.028715
0.016619
-0.076785
0.015451
0.011949
-0.004773
-0.017106
0.038240
0.025420
0.010284
0.018277
0.069754
0.012047
-0.026197
0.067333
0.069292
-0.037361
0.024294
0.001957
0.030637
0.038496
0.016124
0.005288
0.037477
0.011040
-0.023693
0.073551
-0.009097
-0.070694
0.026346
-0.004161
0.015255
0.166086
0.024999
0.007373
0.060191
0.034631
-0.045877
-0.005322
-0.065342
0.009433
-0.042121
-0.149597
-0.012876
0.027411
-0.070942
-0.009616
0.017350
0.021032
-0.083337
0.043765
0.013059
-0.055801
0.089454
0.131102
-0.001329
0.059768
0.032800
0.039985
0.066891
0.021241
0.032206
0.111124
-0.009816
-0.066381
0.066464
0.026775
0.046253
0.073652
-0.011725
-0.135645
-0.124502
-0.132312
-0.041155
0.014335
-0.028993
0.002129
-0.020618
-0.048110
0.015856
0.068041
0.095299
0.051858
-0.050894
-0.053779
-0.105919
-0.115989
-0.061266
-0.076331
-0.101773
-0.080816
0.046247
-0.018176
-0.005803
0.081644
0.117422
0.022919
0.031953
0.068685
0.016819
0.055966
0.044381
-0.012357
0.027060
0.039898
0.049964
0.033907
0.032894
0.024811
-0.060860
0.008911
-0.100069
-0.058385
-0.117118
-0.014978
0.074172
0.051720
-0.068335
0.052554
-0.067440
0.046834
0.037649
0.058095
0.086158
0.016153
-0.099360
-0.010370
0.029100
0.115105
0.024319
0.034199
0.035172
-0.117140
0.041135
-0.034313
0.001725
-0.038681
-0.016546
-0.058580
-0.041879
0.044648
-0.015574
0.029068
0.106131
0.002019
0.055705
0.075879
0.089438
0.019464
0.008675
-0.013311
0.010266
0.002433
-0.071304
0.008765
-0.059603
0.011236
-0.047767
-0.059289
0.001073
0.013021
0.039634
-0.050789
0.047769
0.035724
-0.097447
-0.030579
0.050825
0.003274
0.001016
0.118390
0.124121
-0.120538
0.005592
0.084943
-0.012785
-0.010504
0.046975
0.035643
0.032789
0.052216
0.025593
0.060925
0.001121
0.057721
-0.014849
-0.055744
0.046928
-0.030380
-0.045388
-0.028966
-0.010656
-0.031607
-0.070915
-0.016397
-0.032772
-0.088841
0.028044
-0.048293
-0.007962
0.071479
-0.016346
-0.098744
0.014197
0.041875
0.053738
0.105206
-0.000283
0.022737
-0.036775
-0.046876
0.029851
-0.047550
0.042536
-0.041840
-0.075634
-0.019354
-0.053036
0.030527
0.029729
-0.032861
-0.074866
-0.097064
0.018715
0.031966
-0.001751
0.122507
-0.006483
-0.014484
0.056012
0.025587
-0.028651
-0.019129
0.025042
0.023315
0.039714
0.023100
0.060696
0.003666
-0.042395
0.051602
0.095799
-0.001554
0.065031
0.045598
-0.000001
0.033408
-0.027322
-0.008477
0.032396
0.102022
0.156231
0.056942
0.076871
0.017039
-0.001838
0.042622
0.033665
-0.041982
0.001417
0.008459
-0.062884
-0.005046
-0.068184
0.016707
-0.016855
-0.036224
-0.040593
-0.066227
0.039628
-0.058691
-0.024277
-0.008780
0.019372
-0.040323
0.023152
0.073986
-0.014681
0.108202
0.069551
0.028469
-0.015517
-0.108747
0.097004
0.076527
0.008599
0.102783
0.047245
0.010059
-0.013619
0.011705
0.052562
0.047511
-0.022821
0.054785
0.000838
0.044385
-0.025616
-0.063447
-0.116670
0.018244
0.089793
-0.012210
-0.045890
0.043242
-0.032487
0.048957
0.061850
0.042206
-0.078945
0.003404
-0.017795
-0.032041
-0.019205
-0.036917
0.021446
0.045440
0.025445
0.073941
-0.008306
0.096979
0.053486
0.014523
0.058899
0.030812
0.014463
-0.078040
0.006855
-0.084442
-0.003588
0.032489
0.004532
0.069017
0.048227
0.057409
-0.106920
-0.015191
-0.009266
0.053625
0.076099
-0.025477
0.070113
0.011680
0.000464
0.107686
-0.058222
-0.141917
-0.095344
-0.009579
0.151897
0.028738
0.041820
0.061547
0.064130
0.058368
0.046324
0.056201
0.022899
-0.058764
-0.078164
0.076753
0.102673
0.060253
0.070254
0.016625
-0.033811
-0.008167
0.022760
-0.069198
-0.035263
0.054532
0.074217
0.005776
-0.007265
0.028467
0.000674
0.058088
0.042478
-0.045072
-0.010336
-0.095351
-0.064490
-0.043858
0.014938
0.005189
0.029440
0.075216
0.048703
0.074002
-0.040602
-0.031849
-0.116860
-0.112321
-0.045232
0.041960
0.063270
0.063341
0.046875
-0.140538
-0.016088
-0.020345
-0.010372
-0.032813
0.018200
-0.063782
-0.018604
-0.016618
0.028752
0.046708
0.035421
0.072802
0.060832
-0.042238
0.010524
-0.044796
-0.026956
-0.040834
-0.013037
0.093793
0.028218
-0.015238
-0.011521
0.014511
-0.034217
-0.090495
0.024548
-0.003391
0.007626
0.024255
-0.003141
0.090710
-0.008601
-0.099794
0.000228
0.011564
-0.109358
-0.131941
-0.022453
0.043161
-0.031141
0.021864
-0.038013
-0.052072
0.052593
0.077032
0.030555
-0.027091
0.111821
0.040383
-0.000039
0.091481
0.019312
0.117801
-0.012666
0.012877
0.005780
-0.012008
-0.054771
0.000088
-0.033961
-0.033483
0.017279
-0.013127
-0.005821
-0.026079
0.047904
0.014122
0.024514
0.056841
-0.024492
0.039660
0.022457
-0.036252
0.030736
0.074339
0.011480
-0.011754
-0.046855
-0.035483
0.016293
-0.000909
-0.054162
-0.025160
0.070977
0.039396
0.103403
-0.000773
0.031029
0.016066
-0.045248
-0.091055
0.011587
0.017066
-0.074115
0.020241
0.011499
0.001047
-0.063867
-0.092426
-0.013444
-0.034281
0.012893
0.092503
0.002049
0.027400
0.000481
0.016833
-0.047966
-0.058645
0.032526
-0.012787
-0.004703
0.002606
-0.107263
-0.026812
-0.043986
-0.114072
-0.008604
-0.008750
-0.030597
0.039238
0.028380
0.065599
0.042154
0.014198
-0.024957
0.059409
0.056827
-0.027776
-0.019452
0.030773
0.037626
-0.108098
0.034998
0.138157
0.072631
0.015804
0.091905
-0.019909
0.064001
0.016264
-0.014578
0.016946
-0.058706
-0.028372
-0.086322
0.066025
-0.020742
-0.020664
-0.018797
0.013299
0.019942
-0.056287
-0.081425
-0.077145
-0.052417
-0.052877
0.019036
-0.073369
0.002902
0.025685
-0.016994
-0.007847
0.063996
0.001392
0.044373
0.013718
-0.022874
-0.021314
-0.021224
-0.057347
-0.042347
0.008741
0.077106
0.032788
0.006903
0.040920
0.012662
-0.077390
-0.076978
-0.040356
-0.082416
0.038096
0.019936
-0.019547
-0.033741
0.035867
0.121594
0.023984
0.087780
0.049102
-0.028513
-0.026813
-0.050672
-0.054904
-0.025318
-0.147714
0.000153
0.037205
-0.059022
-0.091604
0.025047
-0.056860
0.015989
0.069019
-0.013006
0.003470
-0.021068
0.057895
0.046372
0.026582
0.035716
-0.040958
-0.014032
-0.028305
-0.000781
0.041305
0.056761
-0.014831
0.098280
0.011338
-0.027665
0.018898
0.041553
0.004326
0.046136
-0.120369
0.043695
-0.009960
-0.048795
-0.038139
-0.057688
-0.065807
0.030893
0.079089
0.022257
-0.010199
-0.002372
0.103362
0.027462
-0.006167
-0.032929
-0.001550
0.066739
0.058674
0.021643
-0.029749
0.009592
0.019721
-0.127769
0.059642
0.046004
-0.087544
0.018714
-0.026229
0.018008
-0.014902
0.010974
0.002410
0.020721
-0.029458
0.017702
0.040448
-0.012397
0.050707
0.007101
-0.059085
0.029441
-0.059139
-0.038349
-0.074039
-0.060456
-0.030656
-0.052262
-0.120750
0.052131
-0.042605
-0.144214
-0.072054
-0.023215
-0.036356
-0.067009
0.029898
0.010018
0.029628
0.015728
-0.061716
0.079674
-0.016757
-0.039627
0.008332
-0.004807
0.035910
-0.006906
0.040094
-0.011312
0.020944
0.141937
0.048694
-0.009303
0.026338
0.063358
0.019959
-0.004273
-0.068814
0.050975
0.094593
-0.014020
-0.001259
0.006988
0.015310
-0.031484
-0.053876
-0.042284
0.005978
-0.020928
-0.057067
-0.039908
0.047130
0.047515
-0.065045
-0.029119
0.034098
-0.113496
-0.150618
0.034788
0.011014
-0.076451
-0.033820
-0.089736
-0.038752
0.029547
0.027425
0.009343
-0.020875
0.022176
0.009578
-0.025476
0.012026
-0.047541
0.001173
0.001799
0.032438
-0.001882
-0.017263
-0.096005
-0.019243
0.022290
0.052464
0.124678
0.091879
0.022519
0.053066
0.073214
-0.051315
-0.000977
0.045525
-0.017956
0.070796
-0.008515
-0.006591
0.085331
-0.031454
0.017420
0.163077
0.023846
-0.030967
-0.082725
-0.140928
-0.064688
-0.024159
0.003023
-0.002107
0.083391
0.063957
0.023255
-0.000974
-0.050308
0.045702
0.003254
-0.004275
0.036239
-0.027025
-0.015470
-0.088022
0.114559
0.024716
-0.087464
0.022971
0.061705
-0.049591
0.016672
0.027437
0.045665
-0.047634
-0.101565
-0.024876
0.020913
-0.030807
-0.044816
0.064398
-0.030062
0.014853
-0.028811
0.095895
0.026067
-0.044516
-0.044907
-0.000728
-0.035397
-0.046955
0.004750
0.050867
0.038226
0.100814
0.059133
-0.072655
-0.103898
-0.000006
-0.056678
0.039219
0.002336
-0.015362
0.114855
-0.002304
-0.093861
-0.078491
-0.069978
-0.007204
-0.051535
0.011915
0.062858
-0.013774
-0.028668
0.099437
0.065422
0.029186
0.041440
0.018708
0.034228
0.041376
0.006056
-0.023135
0.041575
-0.073445
-0.017032
0.008497
0.054948
0.084083
-0.072069
-0.060676
-0.103289
-0.049877
-0.028474
0.087937
-0.047905
0.072619
0.073223
-0.106412
-0.032693
0.031233
0.021371
-0.003698
0.027838
-0.083801
-0.050522
-0.007823
0.026857
0.002205
0.003444
-0.009759
0.032560
0.059858
0.031653
-0.049767
-0.123348
-0.048294
-0.032922
0.060824
-0.090204
-0.099563
-0.027230
-0.022531
-0.045964
0.022042
0.021436
-0.050599
-0.010162
-0.040144
0.013984
0.027037
-0.000865
0.023917
0.019751
0.032012
-0.095137
0.010634
-0.078356
0.017491
0.031697
0.043776
0.123230
0.083676
0.015633
0.013652
0.070782
-0.039019
-0.082407
-0.050244
-0.057309
-0.020787
-0.025887
0.047943
0.028953
-0.015122
0.064204
-0.008328
-0.052862
-0.004106
0.076964
-0.031960
-0.035242
-0.045415
-0.005622
-0.051679
-0.016980
-0.007565
-0.118850
-0.008998
0.027362
0.079049
0.021756
0.018313
-0.014558
-0.070214
-0.003170
-0.035217
0.098215
0.040585
0.006406
0.042543
-0.091708
-0.060045
-0.044652
-0.085774
-0.007135
-0.056577
-0.021084
-0.008154
-0.008308
-0.019281
0.036296
0.011961
0.057820
0.040399
-0.013161
0.039081
0.032835
-0.019931
-0.085644
-0.161481
0.023609
0.047863
-0.057805
0.057179
0.078324
-0.010852
0.034972
0.049091
0.044256
0.031543
-0.001946
0.004737
0.042807
0.069675
-0.039292
-0.111712
-0.024735
0.003035
-0.038549
-0.024782
-0.004116
0.043692
0.053461
-0.091974
-0.094288
-0.013803
0.034281
0.039496
0.072901
0.021959
-0.035253
0.064172
0.005358
0.103114
0.049942
0.021311
0.066209
0.047398
-0.037697
-0.023120
-0.004225
0.045855
0.037295
0.036798
0.069687
0.011424
0.060183
0.082360
-0.007113
-0.033605
-0.033688
0.003196
0.041598
0.011769
-0.043957
-0.020769
-0.057625
-0.039416
0.094546
0.108011
0.048427
0.043872
0.070281
0.032170
-0.002461
0.039487
-0.060104
-0.026843
-0.068967
-0.080584
-0.075058
-0.070880
0.031097
-0.057568
0.018777
-0.003518
-0.038720
0.038016
-0.011475
-0.031857
0.033244
0.028096
0.013163
0.027345
0.054039
-0.006044
0.012446
-0.015368
0.072455
-0.017994
0.111246
0.044761
-0.006530
-0.019608
0.027007
-0.033851
0.084461
-0.001239
0.037167
0.027231
-0.064234
0.026949
0.014073
-0.064817
-0.115381
0.015739
0.033529
-0.140152
-0.083584
-0.042213
-0.029465
-0.043461
0.015633
-0.114675
-0.028431
0.004211
-0.040809
0.004052
-0.089075
0.054132
0.120414
-0.020036
-0.006449
-0.012744
-0.019749
-0.016855
0.001787
0.095376
-0.022482
-0.048563
0.023989
0.066290
-0.017048
0.076242
-0.022444
-0.021105
-0.059645
-0.055998
-0.027668
-0.101318
-0.035865
-0.038302
0.042107
-0.015318
-0.032321
-0.006928
0.031584
-0.085166
0.056593
0.026909
0.060531
-0.040161
-0.054731
-0.031086
0.006729
0.033448
0.006673
0.021730
0.093761
0.057228
0.069452
0.054617
0.057515
0.095170
0.070688
-0.043356
-0.019673
0.048634
0.016801
0.037429
0.014552
-0.014473
-0.006195
0.024414
0.021059
-0.016299
0.000309
-0.034961
0.039364
0.036913
-0.084731
-0.104659
-0.051531
-0.036907
0.013091
0.046814
0.059486
0.075944
-0.010731
0.001982
-0.062861
-0.052451
-0.036703
0.001724
-0.096679
-0.013781
-0.014162
0.014043
-0.018682
0.034463
-0.088283
-0.042767
-0.045843
-0.035042
0.016398
-0.064728
0.068779
0.031481
-0.050004
-0.056203
-0.057700
-0.123077
-0.063482
-0.089314
-0.070806
-0.015889
-0.007952
0.058139
-0.066271
0.010536
-0.077316
-0.115797
0.027291
0.035942
-0.023198
-0.061362
0.039263
0.018485
0.011495
0.051535
0.038486
0.115546
0.078528
0.018351
-0.022741
-0.113933
0.102594
0.053648
0.065513
0.054850
-0.087825
-0.055625
0.083679
0.022039
0.040828
0.001934
-0.047690
-0.089336
-0.045935
-0.011394
-0.055918
0.079292
-0.016753
-0.006396
0.022599
-0.011057
0.061939
0.014233
-0.092254
-0.044290
-0.083098
0.010342
0.089842
0.034628
-0.013111
0.075710
0.025400
-0.028879
0.063910
0.018218
-0.040903
0.092099
0.112899
-0.001827
0.041601
-0.018210
0.082120
0.052620
-0.056224
-0.045398
0.003981
0.014210
0.042111
0.021100
0.000372
0.037002
-0.006621
0.077625
0.081128
0.082821
-0.004043
-0.024859
-0.053085
0.080124
-0.033341
0.061590
0.101840
0.041351
0.026771
-0.019336
-0.100556
0.048352
0.075662
0.045207
0.067965
-0.048377
0.022121
-0.092738
-0.158796
-0.053802
-0.083165
-0.016686
0.053667
-0.077187
-0.045858
-0.069518
-0.051381
-0.064707
-0.079109
-0.129020
-0.104243
-0.078879
0.007179
-0.000638
0.042375
-0.006332
0.033264
0.035741
-0.003463
0.009472
0.009341
-0.030962
0.085015
-0.010100
0.074083
0.193239
0.103243
-0.036903
0.001752
-0.020078
-0.025292
-0.028413
-0.093799
0.062491
0.062034
0.003460
-0.010733
-0.034457
0.020656
-0.033638
-0.041210
-0.015775
-0.038462
-0.030677
0.029873
-0.031155
-0.018633
-0.054316
-0.064435
-0.076240
0.008817
0.033969
0.057059
0.008877
-0.071515
0.048268
-0.064453
-0.046106
0.006128
0.012897
0.057901
0.013219
-0.013580
-0.045097
0.032373
0.025707
-0.023918
-0.081435
-0.022005
0.007634
-0.032094
-0.035875
0.026521
0.039356
0.012475
0.082920
0.020492
-0.001543
0.005441
-0.017303
-0.024656
-0.055584
0.026624
-0.054514
0.067871
0.130198
0.046431
0.098283
-0.019524
-0.050915
0.023395
-0.012823
-0.003791
-0.064269
-0.089423
0.018892
0.054347
-0.115699
-0.085960
0.061771
-0.051903
-0.060798
0.032368
-0.065219
-0.002987
-0.072054
-0.045222
-0.038053
0.008428
-0.010490
-0.015272
0.024245
0.036289
0.021672
0.037389
0.001405
0.022071
0.075927
0.035660
-0.001261
-0.057560
-0.065574
0.017616
0.007969
0.066147
0.182779
0.078885
0.088621
0.066862
0.053238
0.059704
-0.109942
-0.092603
-0.003597
-0.078500
-0.073455
0.071387
-0.024727
-0.030147
-0.063046
-0.017876
0.043273
-0.088566
-0.003711
0.005376
-0.007982
0.024322
-0.009013
-0.093128
-0.020141
-0.041702
-0.048294
0.021342
-0.003844
-0.050319
-0.006626
0.001748
-0.045934
-0.009152
-0.026563
0.052599
0.030043
0.090285
0.065524
0.063563
0.016469
0.027924
-0.018766
-0.005234
-0.053783
-0.107233
-0.048891
-0.125194
0.022650
-0.038519
-0.041398
0.024646
0.067332
0.058120
0.086251
0.000383
0.000490
-0.031510
-0.018675
0.031897
0.004573
-0.017719
0.051850
-0.150440
-0.038695
-0.063216
-0.000987
-0.040790
-0.034938
-0.038826
-0.027370
-0.033549
-0.039365
-0.038424
-0.070658
-0.029017
0.042660
-0.005313
-0.019052
0.043007
0.014891
-0.065281
-0.015814
-0.106173
-0.015974
-0.018422
-0.034569
0.001792
0.078767
0.085895
0.055470
0.045175
0.041134
0.023281
0.015033
-0.036899
-0.106430
0.028057
-0.039293
-0.041072
-0.079863
-0.016299
0.066146
-0.054186
-0.046855
0.050740
-0.038760
-0.023082
0.055521
0.066901
0.039257
0.018760
0.068249
0.044258
-0.013025
0.070544
0.047298
0.081724
0.001445
0.033307
0.057048
-0.051351
-0.051476
0.012493
0.091073
0.055429
-0.110483
0.131208
-0.025021
-0.021579
0.030859
0.098047
0.000661
-0.008819
0.037455
-0.079232
-0.067801
0.002010
-0.057424
0.032414
-0.046378
0.029697
0.056989
0.007701
0.056551
-0.001353
0.021974
-0.032551
-0.061625
-0.100598
-0.063258
0.052382
0.001858
-0.017130
0.002845
0.031250
0.028595
-0.046399
-0.041330
-0.042202
-0.038462
-0.088287
-0.047450
-0.053133
-0.006158
-0.051000
0.010225
0.094049
-0.023860
0.029309
-0.021688
0.047070
0.088221
0.095123
0.016665
0.086897
0.113455
0.060450
0.064295
-0.020007
-0.072074
-0.073717
-0.048483
0.056132
0.025656
-0.020929
0.065065
0.011077
-0.030397
-0.134731
-0.078747
0.022206
0.013014
0.043860
-0.038241
0.038451
0.004033
0.006814
-0.125499
-0.020918
0.055155
0.034608
0.022952
-0.019060
-0.003343
-0.039301
-0.054774
-0.062652
-0.110520
-0.033114
0.029055
0.009408
0.036599
0.032340
0.131717
0.024527
0.055241
-0.064161
-0.051055
-0.012283
-0.055985
0.033645
0.089612
-0.018803
0.111283
0.015259
0.004542
0.018304
0.037146
0.128971
0.129628
-0.063245
-0.011850
0.008117
0.012986
-0.050892
0.015948
0.091299
0.063824
-0.018559
0.029962
-0.070741
-0.000970
0.011094
-0.023052
0.079992
0.057195
0.022897
-0.026446
0.001416
0.019675
-0.050395
-0.031949
0.065400
0.021442
-0.025910
-0.012202
0.001774
0.014744
0.014344
-0.052053
-0.001001
0.098078
0.040070
-0.055611
0.012078
-0.016847
-0.055345
-0.079616
-0.055274
-0.011157
-0.025934
0.028662
0.069935
0.062222
-0.038904
-0.035616
-0.046651
0.002811
0.024214
0.072793
0.156791
0.094484
-0.037228
0.066721
-0.050057
-0.023498
0.014694
0.008505
-0.028819
0.009642
0.035095
0.003851
0.028107
-0.034340
0.002939
0.097526
0.016035
-0.040889
0.007256
-0.097150
0.005950
0.017060
0.005117
-0.022562
-0.070052
-0.028058
-0.063383
-0.073776
-0.024160
-0.017184
-0.052259
0.019024
0.031785
0.057147
0.063393
-0.016338
-0.104007
-0.147257
-0.068232
-0.029389
-0.006208
-0.011963
0.020772
-0.020744
-0.008028
-0.071158
-0.102321
0.019646
-0.045345
-0.010924
-0.032399
-0.007271
-0.018560
-0.095820
-0.077646
-0.028244
0.018813
-0.065341
0.007748
0.001566
0.001293
-0.044500
0.004344
-0.007742
-0.007989
-0.026417
-0.022677
-0.005955
-0.106248
0.064975
0.033255
0.010907
0.018698
-0.009075
-0.035006
-0.018648
0.057575
-0.027313
-0.062770
