0.025000 	 0.000000
0.075000 	 0.000000
0.125000 	 0.000000
0.175000 	 0.000000
0.225000 	 0.000000
0.275000 	 0.000000
0.325000 	 0.000000
0.375000 	 0.000000
0.425000 	 0.000000
0.475000 	 0.000000
0.525000 	 0.000000
0.575000 	 0.000000
0.625000 	 0.000000
0.675000 	 0.000000
0.725000 	 0.000000
0.775000 	 0.000000
0.825000 	 0.000000
0.875000 	 0.000037
0.925000 	 0.021914
0.975000 	 0.420102
1.025000 	 1.494820
1.075000 	 2.253140
1.125000 	 2.263900
1.175000 	 1.925440
1.225000 	 1.555660
1.275000 	 1.259540
1.325000 	 1.045250
1.375000 	 0.896532
1.425000 	 0.796867
1.475000 	 0.733561
1.525000 	 0.697985
1.575000 	 0.685863
1.625000 	 0.694657
1.675000 	 0.723223
1.725000 	 0.772123
1.775000 	 0.839371
1.825000 	 0.921998
1.875000 	 1.012460
1.925000 	 1.101950
1.975000 	 1.183120
2.025000 	 1.248820
2.075000 	 1.288570
2.125000 	 1.294520
2.175000 	 1.267490
2.225000 	 1.216730
2.275000 	 1.154910
2.325000 	 1.093160
2.375000 	 1.038350
2.425000 	 0.994226
2.475000 	 0.962698
