0	67.903057
50	3.028335
100	1.995004
150	1.391732
200	0.842468
250	0.529159
300	0.688364
350	0.104752
400	-0.051167
450	0.208590
500	0.040636
550	-0.177106
600	0.056131
650	-0.043246
700	0.146549
750	0.137678
800	-0.091963
850	-0.057753
900	-0.260734
950	0.170485
1000	-0.074488
1050	0.046122
1100	0.112325
1150	0.116366
1200	-0.143422
1250	-0.236738
1300	0.100495
1350	0.098807
1400	0.059079
1450	0.303789
1500	0.322189
1550	-0.056022
1600	0.141110
1650	0.042379
1700	-0.342434
1750	0.312584
1800	0.357246
1850	0.339056
1900	0.381270
1950	0.441723
2000	0.020362
2050	0.256120
2100	0.215832
2150	0.135440
2200	0.259081
2250	0.264233
2300	0.143273
2350	0.039617
2400	0.090209
2450	0.120778
2500	0.555623
2550	0.228937
2600	0.348020
2650	0.273842
2700	0.347009
2750	0.431528
2800	0.278970
2850	0.080899
2900	0.118543
2950	0.045174
3000	0.255672
3050	0.130886
3100	0.223896
3150	0.007327
3200	-0.156200
3250	0.118522
3300	0.140410
3350	0.197412
3400	-0.091411
3450	0.262718
3500	0.014914
3550	0.366173
3600	-0.044673
3650	0.016814
3700	0.305834
3750	-0.345982
3800	0.217055
3850	0.046403
3900	0.035604
3950	0.341255
4000	0.350753
4050	-0.036313
4100	0.190387
4150	0.290609
4200	0.292718
4250	0.060668
4300	0.382149
4350	0.391914
4400	0.221489
4450	0.116427
4500	0.366953
4550	0.192715
4600	0.381537
4650	0.563976
4700	0.058406
4750	0.142273
4800	0.303704
4850	0.420125
4900	0.135497
4950	0.243383
5000	0.283767
5050	0.052979
5100	0.168947
5150	-0.244298
5200	0.258304
5250	-0.092299
5300	-0.058501
5350	0.004414
5400	0.373960
5450	0.176795
5500	0.041863
5550	-0.120057
5600	0.194456
5650	0.186785
5700	0.094658
5750	-0.016101
5800	-0.086166
5850	-0.061877
5900	0.194629
5950	0.141963
6000	0.088518
6050	0.132578
6100	-0.107164
6150	0.044292
6200	0.223104
6250	0.180384
6300	-0.204543
6350	0.231571
6400	0.192636
6450	-0.038552
6500	-0.057992
6550	0.082321
6600	0.259076
6650	-0.182843
6700	0.277407
6750	0.105226
6800	0.111120
6850	-0.005461
6900	0.494208
6950	0.183577
7000	0.068420
7050	-0.220485
7100	0.183546
7150	0.317777
7200	-0.008752
7250	0.238669
7300	-0.053196
7350	0.133528
7400	-0.044929
7450	0.073175
7500	0.143603
7550	0.430934
7600	-0.523840
7650	0.139337
7700	0.357421
7750	0.189871
7800	0.167265
7850	0.143905
7900	0.089225
7950	0.325990
8000	0.129158
8050	0.100606
8100	0.096224
8150	-0.117437
8200	0.351365
8250	-0.110162
8300	0.516111
8350	0.308005
8400	0.261746
8450	0.300304
8500	0.398243
8550	0.371121
8600	0.115273
8650	-0.040146
8700	-0.272404
8750	-0.078933
8800	-0.148086
8850	-0.214516
8900	-0.091708
8950	0.049445
9000	-0.209045
9050	-0.085821
9100	0.125011
9150	-0.053545
9200	-0.179570
9250	-0.102176
9300	0.166534
9350	0.123420
9400	0.571418
9450	0.434933
9500	0.287905
9550	0.294339
9600	-0.066445
9650	-0.021288
9700	0.329851
9750	0.474724
9800	0.046479
9850	-0.059253
9900	0.062001
9950	0.234168
10000	0.233171
10050	-0.162216
10100	-0.093976
10150	-0.146996
10200	0.418885
10250	0.048483
10300	0.238543
10350	-0.080377
10400	0.344222
10450	0.226234
10500	0.497423
10550	-0.001497
10600	0.161410
10650	-0.044673
10700	0.110969
10750	0.210016
10800	0.751636
10850	-0.130573
10900	-0.012387
10950	0.153352
11000	0.324212
11050	-0.248096
11100	-0.084122
11150	0.088342
11200	0.284881
11250	0.042816
11300	0.235697
11350	-0.053741
11400	0.083619
11450	-0.147748
11500	-0.031148
11550	0.109378
11600	0.016368
11650	-0.116671
11700	0.198781
11750	0.339153
11800	0.120624
11850	0.184282
11900	0.039929
11950	0.087122
12000	0.275359
12050	-0.072556
12100	0.083739
12150	0.135071
12200	0.072836
12250	0.344932
12300	-0.242443
12350	-0.132202
12400	0.128587
12450	0.412824
12500	-0.216557
12550	0.390377
12600	-0.406416
12650	0.276201
12700	0.292741
12750	0.415798
12800	0.100641
12850	0.065358
12900	0.115603
12950	0.120972
13000	0.174424
13050	-0.059638
13100	0.256202
13150	0.105528
13200	0.233638
13250	0.335942
13300	0.249905
13350	-0.013523
13400	0.059227
13450	0.187848
13500	0.361367
13550	0.368834
13600	0.431048
13650	-0.076928
13700	-0.024947
13750	0.336817
13800	0.109210
13850	-0.236266
13900	0.116901
13950	0.268687
14000	-0.267671
14050	0.359506
14100	-0.023355
14150	0.383507
14200	0.236779
14250	-0.118739
14300	0.093892
14350	0.071808
14400	0.131957
14450	-0.024355
14500	0.420550
14550	0.094514
14600	0.111772
14650	0.369449
14700	0.510188
14750	-0.178179
14800	0.014466
14850	0.160799
14900	-0.141127
14950	0.341973
15000	0.193445
15050	-0.125051
15100	-0.082151
15150	0.250359
15200	0.258122
15250	0.021107
15300	0.143538
15350	-0.019642
15400	-0.045786
15450	0.097586
15500	0.017164
15550	-0.155296
15600	0.533911
15650	0.120425
15700	0.190804
15750	0.370512
15800	0.251395
15850	-0.239105
15900	0.388436
15950	0.203296
16000	0.284953
16050	0.013367
16100	-0.134227
16150	-0.099528
16200	0.049567
16250	-0.136411
16300	0.187985
16350	-0.203675
16400	-0.166026
16450	0.320601
16500	0.170057
16550	-0.069594
16600	-0.261881
16650	0.007572
16700	0.323910
16750	-0.149133
16800	0.084574
16850	0.041898
16900	-0.077849
16950	0.264502
17000	-0.001617
17050	-0.073096
17100	0.291247
17150	0.140121
17200	-0.081326
17250	0.519345
17300	-0.101388
17350	0.323776
17400	0.486529
17450	0.191292
17500	0.087238
17550	0.072944
17600	0.154974
17650	0.217569
17700	0.078641
17750	-0.174943
17800	-0.168591
17850	0.249507
17900	0.277813
17950	0.213561
18000	0.174522
18050	-0.266875
18100	-0.245088
18150	0.011251
18200	-0.181885
18250	-0.201113
18300	-0.371318
18350	-0.166897
18400	0.308959
18450	-0.050164
18500	0.254084
18550	-0.063801
18600	0.305997
18650	-0.219028
18700	0.512568
18750	0.125263
18800	0.079213
18850	0.112761
18900	-0.161266
18950	0.326196
19000	0.185635
19050	0.285423
19100	0.297156
19150	0.109490
19200	-0.056724
19250	0.054959
19300	0.271764
19350	-0.009774
19400	0.180460
19450	0.182850
19500	0.204367
19550	-0.171680
19600	-0.087197
19650	0.212257
19700	0.198449
19750	0.049291
19800	0.175459
19850	0.082034
19900	0.004229
19950	-0.027197
20000	-0.087131
20050	0.189172
20100	0.626044
20150	0.537286
20200	0.211441
20250	0.055757
20300	0.195855
20350	-0.394287
20400	0.116893
20450	0.303723
20500	0.090203
20550	0.179376
20600	0.288042
20650	0.235834
20700	0.028844
20750	0.324936
20800	0.320454
20850	0.478807
20900	0.089752
20950	0.507173
21000	-0.078441
21050	-0.356583
21100	-0.012991
21150	0.257473
21200	0.112440
21250	0.272236
21300	0.599641
21350	0.168181
21400	0.533024
21450	-0.028509
21500	-0.039648
21550	-0.079089
21600	0.434104
21650	0.301793
21700	0.463994
21750	0.371356
21800	-0.125966
21850	-0.071828
21900	0.123340
21950	0.069699
22000	0.295203
22050	0.212387
22100	0.215131
22150	-0.052187
22200	0.019607
22250	0.062201
22300	0.009960
22350	-0.043055
22400	0.243170
22450	0.502538
22500	0.001260
22550	0.074984
22600	0.223722
22650	-0.061241
22700	0.188676
22750	0.145746
22800	0.013977
22850	0.160414
22900	0.267240
22950	0.113856
23000	0.203021
23050	0.179321
23100	0.129369
23150	0.031478
23200	0.050831
23250	0.240350
23300	-0.025883
23350	0.148754
23400	-0.339666
23450	-0.294517
23500	-0.005378
23550	0.128981
23600	0.161404
23650	-0.140579
23700	0.048303
23750	-0.223805
23800	0.028784
23850	-0.273388
23900	-0.007854
23950	0.070053
24000	0.060296
24050	0.105343
24100	-0.007546
24150	0.429835
24200	-0.010747
24250	-0.042588
24300	0.215068
24350	0.502512
24400	0.407015
24450	0.211728
24500	0.454034
24550	0.279480
24600	0.027956
24650	0.359561
24700	0.287073
24750	-0.283485
24800	0.079990
24850	-0.181062
24900	0.338010
24950	-0.188381
25000	-0.015421
25050	-0.009451
25100	0.113066
25150	-0.123173
25200	0.045496
25250	0.113482
25300	0.306911
25350	0.672023
25400	0.470721
25450	-0.025801
25500	0.692409
25550	0.128481
25600	0.223879
25650	0.004443
25700	0.495273
25750	0.157698
25800	0.326093
25850	0.113822
25900	0.021758
25950	0.057833
26000	0.334569
26050	-0.106925
26100	0.001754
26150	0.013083
26200	0.273908
26250	0.096224
26300	0.228799
26350	-0.070596
26400	0.116989
26450	0.130273
26500	-0.042565
26550	0.062954
26600	0.183496
26650	-0.148385
26700	0.029081
26750	0.092971
26800	0.232768
26850	0.080316
26900	-0.128930
26950	0.069285
27000	0.375433
27050	0.453180
27100	0.433258
27150	0.562535
27200	0.056333
27250	-0.223217
27300	0.215055
27350	-0.099069
27400	-0.184114
27450	-0.062231
27500	-0.124881
27550	0.189915
27600	-0.133666
27650	0.065430
27700	0.090794
27750	0.260487
27800	0.166600
27850	-0.025894
27900	-0.074208
27950	-0.129003
28000	0.344576
28050	-0.101777
28100	0.201665
28150	-0.101697
28200	0.133869
28250	-0.008555
28300	-0.106292
28350	0.109024
28400	0.176162
28450	-0.060678
28500	-0.155627
28550	-0.044940
28600	0.381738
28650	0.050872
28700	-0.203779
28750	0.016839
28800	-0.095877
28850	-0.177095
28900	0.022243
28950	0.519252
29000	0.155091
29050	-0.088069
29100	-0.280001
29150	-0.165292
29200	0.400099
29250	-0.051002
29300	-0.281451
29350	0.395805
29400	0.116500
29450	0.085647
29500	-0.211530
29550	-0.253600
29600	-0.015459
29650	0.397510
29700	0.303105
29750	0.494391
29800	-0.178065
29850	0.211026
29900	0.191857
29950	0.269491
30000	0.020750
30050	0.040518
30100	0.005146
30150	0.253837
30200	0.217803
30250	0.110271
30300	0.211979
30350	0.156011
30400	-0.048220
30450	0.322788
30500	0.215562
30550	0.371296
30600	0.208056
30650	0.191783
30700	0.408437
30750	0.085222
30800	0.207674
30850	0.098828
30900	-0.039260
30950	0.065256
31000	0.065853
31050	-0.129279
31100	0.042566
31150	0.070854
31200	0.225028
31250	0.086282
31300	-0.217263
31350	-0.172005
31400	-0.037683
31450	-0.096986
31500	0.238814
31550	0.006197
31600	-0.330902
31650	0.278176
31700	0.539986
31750	-0.136015
31800	0.036784
31850	-0.023136
31900	0.186675
31950	0.493655
32000	0.073794
32050	-0.067100
32100	0.288707
32150	0.194753
32200	0.127027
32250	0.181346
32300	-0.094276
32350	0.149809
32400	0.093400
32450	0.201189
32500	0.462807
32550	0.278338
32600	0.005611
32650	0.131111
32700	0.062988
32750	0.248940
32800	0.086426
32850	0.377520
32900	0.031446
32950	-0.113842
33000	0.123774
33050	0.054938
33100	-0.004809
33150	-0.020126
33200	0.011149
33250	-0.089357
33300	0.096699
33350	0.071075
33400	0.163961
33450	-0.159875
33500	-0.342554
33550	-0.030933
33600	0.011369
33650	0.039777
33700	0.069466
33750	-0.003456
33800	0.183453
33850	-0.039764
33900	-0.240851
33950	0.415206
34000	-0.192578
34050	-0.150301
34100	-0.103189
34150	0.137745
34200	0.246588
34250	0.092944
34300	-0.245239
34350	0.066448
34400	0.101697
34450	0.037221
34500	-0.053286
34550	0.200160
34600	0.078738
34650	0.079607
34700	0.179759
34750	0.218279
34800	0.090931
34850	0.190565
34900	0.186496
34950	0.312856
35000	0.385573
35050	0.133719
35100	0.338153
35150	0.270344
35200	0.252820
35250	0.323482
35300	0.065366
35350	0.433080
35400	-0.022057
35450	-0.115862
35500	0.256299
35550	-0.047971
35600	-0.001844
35650	0.351865
35700	0.090398
35750	0.128394
35800	0.528500
35850	-0.114228
35900	0.333288
35950	-0.048162
36000	-0.122899
36050	0.204291
36100	0.215385
36150	0.037374
36200	0.221621
36250	0.182991
36300	0.012056
36350	-0.035753
36400	0.233558
36450	-0.057654
36500	0.207265
36550	-0.086233
36600	0.375841
36650	0.148879
36700	-0.181747
36750	0.243947
36800	0.016423
36850	0.330604
36900	0.137345
36950	0.152073
37000	-0.088729
37050	-0.316418
37100	0.259195
37150	0.102208
37200	0.192030
37250	-0.183103
37300	0.205327
37350	0.080781
37400	0.143633
37450	-0.205352
37500	0.218397
37550	0.270665
37600	-0.271302
37650	0.441525
37700	0.133154
37750	0.146083
37800	-0.235785
37850	0.096257
37900	-0.063837
37950	0.325648
38000	0.193885
38050	-0.007624
38100	0.047368
38150	0.018281
38200	-0.007202
38250	0.024320
38300	0.222089
38350	0.539619
38400	0.345617
38450	0.442244
38500	-0.196839
38550	0.117086
38600	-0.232279
38650	0.354767
38700	0.361553
38750	0.353220
38800	0.129739
38850	0.119292
38900	0.119857
38950	0.115399
39000	0.278625
39050	0.120727
39100	-0.138923
39150	0.009736
39200	0.071347
39250	0.245262
39300	0.199510
39350	-0.049820
39400	0.446606
39450	0.001706
39500	-0.110482
39550	-0.127454
39600	0.094755
39650	-0.041418
39700	-0.198196
39750	0.017145
39800	-0.328185
39850	-0.081712
39900	0.197477
39950	0.100659
40000	0.315985
40050	0.369712
40100	0.153362
40150	0.235309
40200	-0.016410
40250	0.054190
40300	0.174105
40350	0.250920
40400	0.139004
40450	0.102862
40500	0.160455
40550	-0.099246
40600	0.222736
40650	0.125737
40700	-0.064136
40750	0.085754
40800	0.265325
40850	0.148999
40900	0.274687
40950	0.053259
41000	0.171539
41050	-0.013670
41100	0.450316
41150	0.066644
41200	-0.444860
41250	0.108320
41300	-0.086763
41350	0.312790
41400	-0.016036
41450	0.399086
41500	0.183124
41550	0.081999
41600	-0.225403
41650	0.069391
41700	0.088805
41750	0.212309
41800	-0.056918
41850	0.080615
41900	-0.284381
41950	-0.068450
42000	-0.110045
42050	0.183078
42100	0.052129
42150	0.305590
42200	0.326409
42250	0.028201
42300	0.248405
42350	0.115437
42400	-0.204708
42450	-0.144087
42500	-0.161847
42550	-0.092828
42600	0.334173
42650	0.220412
42700	0.002110
42750	0.197161
42800	-0.026895
42850	0.064568
42900	0.430120
42950	0.162362
43000	0.249170
43050	0.191207
43100	0.256404
43150	0.022862
43200	0.204159
43250	-0.086738
43300	0.144243
43350	0.253983
43400	0.195958
43450	-0.123547
43500	0.398195
43550	0.151982
43600	-0.195787
43650	-0.117105
43700	-0.000464
43750	0.037870
43800	0.175815
43850	0.224353
43900	0.002002
43950	0.374444
44000	0.293667
44050	0.454015
44100	0.016603
44150	0.107163
44200	0.085269
44250	0.032343
44300	-0.333487
44350	-0.067964
44400	0.136165
44450	0.152399
44500	0.109242
44550	0.230329
44600	0.079316
44650	0.296696
44700	0.530222
44750	0.281653
44800	0.128191
44850	0.232634
44900	0.143523
44950	0.049007
45000	0.308392
45050	0.235655
45100	-0.076100
45150	0.363642
45200	0.091015
45250	0.595347
45300	0.013641
45350	0.232298
45400	0.231412
45450	-0.039750
45500	0.240508
45550	0.233001
45600	0.219770
45650	-0.100385
45700	0.348245
45750	-0.294934
45800	0.096599
45850	-0.012894
45900	0.050589
45950	-0.010991
46000	-0.252599
46050	-0.222585
46100	0.422416
46150	0.192647
46200	0.065493
46250	-0.206865
46300	-0.237784
46350	0.126669
46400	0.253655
46450	0.525401
46500	-0.020267
46550	-0.099062
46600	-0.053045
46650	-0.051865
46700	-0.042243
46750	0.337394
46800	0.291879
46850	0.204117
46900	-0.017559
46950	-0.162320
47000	-0.290624
47050	0.282970
47100	0.160709
47150	-0.178728
47200	0.312046
47250	-0.112555
47300	0.177966
47350	-0.285220
47400	0.144272
47450	-0.142727
47500	0.269203
47550	-0.134730
47600	-0.013372
47650	0.108669
47700	0.137466
47750	0.137045
47800	0.099639
47850	0.470425
47900	0.200422
47950	0.190050
48000	0.071302
48050	-0.092180
48100	0.247860
48150	0.098341
48200	0.033567
48250	0.327669
48300	0.332994
48350	0.220056
48400	0.244340
48450	0.115434
48500	0.197165
48550	-0.136682
48600	0.122619
48650	0.044190
48700	-0.183181
48750	0.197914
48800	-0.195329
48850	0.156758
48900	0.049579
48950	-0.185392
49000	-0.185409
49050	-0.127736
49100	0.087043
49150	-0.105051
49200	0.223322
49250	0.137043
49300	-0.013048
49350	-0.000551
49400	-0.081924
49450	0.104518
49500	0.341663
49550	0.237168
49600	0.029411
49650	0.022170
49700	0.000084
49750	-0.104730
49800	-0.348384
49850	0.079808
49900	-0.007306
49950	0.106015
50000	0.078475
50050	0.122387
50100	0.163359
50150	0.042224
50200	0.442602
50250	-0.214979
50300	0.182104
50350	-0.213939
50400	-0.015222
50450	-0.092595
50500	-0.334484
50550	-0.385220
50600	-0.223453
50650	0.062679
50700	-0.076271
50750	0.165243
50800	0.077017
50850	0.219552
50900	0.037067
50950	0.288449
51000	0.124671
51050	-0.025071
51100	0.221158
51150	0.061614
51200	-0.058414
51250	0.141786
51300	0.329836
51350	0.360227
51400	0.344889
51450	-0.194569
51500	-0.105020
51550	0.084344
51600	0.204499
51650	0.243693
51700	-0.135124
51750	-0.075783
51800	0.006072
51850	0.399628
51900	0.087509
51950	0.179548
52000	0.340646
52050	0.173726
52100	0.292317
52150	0.444418
52200	-0.178658
52250	0.369235
52300	0.120726
52350	0.059390
52400	0.034983
52450	0.371770
52500	0.385437
52550	-0.238767
52600	-0.178338
52650	0.182721
52700	0.104921
52750	-0.096232
52800	0.196124
52850	0.131243
52900	0.147625
52950	-0.114599
53000	-0.172332
53050	-0.133063
53100	-0.116866
53150	0.020897
53200	-0.172606
53250	-0.141478
53300	-0.063270
53350	0.338403
53400	0.002193
53450	-0.085348
53500	-0.017715
53550	0.123475
53600	-0.016546
53650	-0.174608
53700	-0.057038
53750	-0.187263
53800	0.011466
53850	-0.002721
53900	0.094141
53950	0.081726
54000	0.192004
54050	0.125967
54100	0.016941
54150	-0.108813
54200	0.388484
54250	0.176312
54300	0.314281
54350	-0.036711
54400	0.379871
54450	0.096122
54500	0.460553
54550	0.194563
54600	-0.156135
54650	-0.168656
54700	0.009978
54750	-0.160322
54800	-0.496344
54850	-0.041819
54900	0.091608
54950	0.487152
55000	-0.002145
55050	-0.135574
55100	-0.083460
55150	0.110524
55200	-0.152879
55250	0.370266
55300	0.039799
55350	0.052180
55400	0.218686
55450	0.390217
55500	-0.075456
55550	0.172738
55600	0.514647
55650	-0.029777
55700	0.183858
55750	0.186214
55800	-0.011045
55850	0.294275
55900	0.045509
55950	-0.516523
56000	0.281884
56050	0.016172
56100	0.232051
56150	0.039049
56200	-0.233915
56250	0.217744
56300	0.436804
56350	0.118997
56400	0.178280
56450	0.147953
56500	0.129227
56550	-0.092937
56600	0.208411
56650	0.088714
56700	0.614065
56750	0.027361
56800	-0.211875
56850	0.355085
56900	0.133483
56950	-0.106410
57000	-0.034912
57050	0.082042
57100	0.208338
57150	-0.219082
57200	0.274468
57250	0.381189
57300	0.086888
57350	-0.196747
57400	0.079798
57450	0.127053
57500	0.102912
57550	0.102681
57600	-0.025875
57650	-0.058055
57700	-0.167772
57750	0.221069
57800	-0.050359
57850	0.100588
57900	0.108942
57950	0.332920
58000	0.414507
58050	-0.062306
58100	-0.088179
58150	0.288307
58200	-0.088438
58250	0.077010
58300	0.263983
58350	-0.142246
58400	-0.057222
58450	-0.380975
58500	-0.026501
58550	0.000410
58600	0.230494
58650	-0.257170
58700	0.362668
58750	-0.093677
58800	0.275737
58850	0.076574
58900	-0.069519
58950	0.094226
59000	0.009250
59050	-0.161174
59100	0.410346
59150	0.145214
59200	-0.142583
59250	0.049377
59300	-0.027687
59350	0.477643
59400	-0.175507
59450	0.302768
59500	0.571347
59550	0.165200
59600	0.187270
59650	-0.141562
59700	-0.167851
59750	0.533834
59800	-0.190871
59850	-0.221671
59900	-0.059526
59950	-0.087408
60000	-0.069332
60050	0.140459
60100	0.164357
60150	0.433658
60200	-0.079490
60250	-0.091104
60300	-0.014364
60350	0.323347
60400	0.039077
60450	0.102036
60500	0.172896
60550	0.233722
60600	-0.004794
60650	0.252923
60700	0.222058
60750	0.401893
60800	0.100601
60850	0.432505
60900	0.165173
60950	0.069119
61000	-0.083729
61050	0.371990
61100	0.188714
61150	0.081993
61200	0.031075
61250	0.426679
61300	0.330885
61350	0.066031
61400	0.313680
61450	-0.060007
61500	-0.005432
61550	-0.131565
61600	0.067199
61650	-0.017449
61700	0.375575
61750	0.248959
61800	0.217064
61850	0.112134
61900	0.024422
61950	-0.010692
62000	0.346003
62050	0.122127
62100	0.265424
62150	-0.238813
62200	0.259774
62250	0.330609
62300	0.051171
62350	0.056582
62400	0.080990
62450	0.291874
62500	-0.023747
62550	-0.217776
62600	0.168306
62650	0.174846
62700	-0.152135
62750	0.111526
62800	-0.167692
62850	-0.302768
62900	0.127963
62950	0.085134
63000	0.014017
63050	0.453019
63100	-0.126503
63150	0.054722
63200	-0.141795
63250	-0.072467
63300	-0.132658
63350	0.206191
63400	0.137485
63450	-0.070664
63500	0.127082
63550	0.330563
63600	0.289090
63650	0.000688
63700	0.369610
63750	0.441295
63800	0.023342
63850	0.022187
63900	0.162776
63950	0.040230
64000	0.334454
64050	0.096547
64100	0.096261
64150	-0.352329
64200	0.021887
64250	0.345186
64300	0.058335
64350	0.199906
64400	-0.101238
64450	-0.119232
64500	-0.220883
64550	0.101268
64600	0.372393
64650	0.044803
64700	0.318433
64750	0.085365
64800	-0.180238
64850	0.038824
64900	-0.088298
64950	0.167251
65000	0.206312
65050	-0.190588
65100	0.373510
65150	0.189148
65200	-0.102387
65250	0.052153
65300	-0.162016
65350	0.262695
65400	0.358313
65450	0.054003
65500	0.393980
65550	0.236282
65600	0.171322
65650	0.053370
65700	0.133693
65750	0.116789
65800	0.101415
65850	-0.343494
65900	-0.202208
65950	0.350112
66000	0.387611
66050	0.232523
66100	0.100228
66150	0.092671
66200	0.604830
66250	-0.068343
66300	-0.176048
66350	-0.120497
66400	0.214585
66450	-0.038023
66500	0.207051
66550	0.154359
66600	-0.178800
66650	-0.244729
66700	0.013331
66750	0.153429
66800	0.076992
66850	0.087290
66900	0.452469
66950	-0.138309
67000	0.326455
67050	0.080077
67100	0.119828
67150	0.000444
67200	0.122531
67250	0.005643
67300	0.257176
67350	0.098917
67400	-0.011949
67450	-0.097911
67500	0.365603
67550	0.192976
67600	0.356577
67650	0.203217
67700	-0.226139
67750	-0.048406
67800	-0.213725
67850	-0.110566
67900	0.402040
67950	-0.114130
68000	0.170214
68050	0.064487
68100	0.276147
68150	-0.160909
68200	0.248010
68250	-0.134094
68300	0.316894
68350	0.133242
68400	-0.180760
68450	0.083530
68500	0.024070
68550	-0.035012
68600	-0.060334
68650	-0.008893
68700	0.320308
68750	0.340649
68800	0.220925
68850	-0.023360
68900	0.358057
68950	0.049597
69000	0.008001
69050	-0.410276
69100	0.005994
69150	0.056702
69200	0.574370
69250	-0.034441
69300	0.006097
69350	-0.002602
69400	-0.147036
69450	-0.244792
69500	0.267600
69550	0.265295
69600	-0.276303
69650	0.228097
69700	-0.020341
69750	0.151364
69800	0.244913
69850	0.182300
69900	0.126336
69950	0.364644
70000	0.071226
70050	0.019674
70100	0.339286
70150	0.352848
70200	-0.165647
70250	0.209005
70300	-0.017266
70350	-0.090955
70400	-0.195406
70450	0.045256
70500	-0.104948
70550	-0.231023
70600	-0.060819
70650	-0.588245
70700	-0.057053
70750	0.179339
70800	0.235195
70850	0.502956
70900	0.111609
70950	0.260137
71000	0.396160
71050	0.397426
71100	-0.120440
71150	0.502739
71200	-0.204291
71250	0.154946
71300	-0.265690
71350	0.148010
71400	-0.154557
71450	0.332182
71500	-0.308481
71550	0.112678
71600	-0.029085
71650	0.220695
71700	0.591124
71750	0.266104
71800	-0.227656
71850	0.394744
71900	-0.146437
71950	-0.157327
72000	0.178944
72050	0.033942
72100	0.356436
72150	-0.018846
72200	0.181514
72250	-0.008273
72300	0.241422
72350	0.252232
72400	-0.139521
72450	-0.061251
72500	0.319394
72550	0.008022
72600	0.111332
72650	0.200731
72700	0.239048
72750	-0.149721
72800	0.435761
72850	0.174085
72900	0.272348
72950	0.103867
73000	0.100989
73050	0.381054
73100	0.006558
73150	-0.060681
73200	-0.003954
73250	-0.062534
73300	0.124466
73350	0.205527
73400	0.490267
73450	0.516286
73500	0.529028
73550	0.160443
73600	0.373134
73650	0.169961
73700	0.281118
73750	0.224617
73800	0.075366
73850	-0.029803
73900	0.221016
73950	0.017995
74000	0.126834
74050	-0.014476
74100	-0.029476
74150	-0.020945
74200	0.260225
74250	0.092987
74300	-0.112881
74350	0.251494
74400	0.216758
74450	0.407084
74500	0.304920
74550	0.072367
74600	0.214930
74650	-0.314476
74700	0.118611
74750	0.214854
74800	-0.042704
74850	0.124451
74900	0.029233
74950	-0.084959
75000	0.096609
75050	0.587894
75100	0.220048
75150	-0.153615
75200	0.148045
75250	0.357608
75300	0.362825
75350	0.033906
75400	0.123101
75450	0.503487
75500	-0.071393
75550	0.283856
75600	-0.094632
75650	-0.069978
75700	0.062555
75750	0.023243
75800	0.252871
75850	0.209140
75900	0.470132
75950	0.146410
76000	0.205033
76050	0.219111
76100	-0.180203
76150	0.278119
76200	-0.260456
76250	0.147992
76300	0.206707
76350	0.111668
76400	0.367029
76450	0.209786
76500	0.487400
76550	-0.063446
76600	0.107717
76650	0.141028
76700	0.146942
76750	0.062484
76800	0.027019
76850	-0.043737
76900	0.116349
76950	0.225819
77000	0.051308
77050	-0.065218
77100	-0.008221
77150	-0.214308
77200	0.062286
77250	0.352678
77300	0.262571
77350	0.125536
77400	0.117614
77450	-0.284907
77500	0.204406
77550	-0.314346
77600	-0.180520
77650	0.123118
77700	0.244991
77750	0.425717
77800	0.163824
77850	0.131703
77900	-0.095930
77950	0.252769
78000	0.441771
78050	0.152119
78100	0.144215
78150	0.133269
78200	0.280706
78250	-0.109047
78300	-0.010614
78350	-0.143557
78400	0.068050
78450	0.042708
78500	-0.119881
78550	0.175318
78600	-0.047807
78650	-0.151876
78700	0.036659
78750	-0.029802
78800	0.062037
78850	-0.107199
78900	0.508215
78950	0.052440
79000	0.240167
79050	-0.119124
79100	-0.006157
79150	-0.011874
79200	0.016160
79250	0.130143
79300	0.095804
79350	0.379366
79400	0.013853
79450	-0.088390
79500	0.024210
79550	0.125483
79600	0.068714
79650	-0.148293
79700	0.031290
79750	0.127363
79800	0.153623
79850	0.190269
79900	0.355143
79950	-0.040745
80000	0.200136
80050	0.086801
80100	0.183126
80150	-0.229132
80200	0.141501
80250	0.365454
80300	0.227526
80350	0.100862
80400	0.102351
80450	0.282118
80500	0.711267
80550	0.106805
80600	0.288391
80650	-0.065343
80700	0.251269
80750	0.424547
80800	0.257766
80850	-0.145355
80900	0.079270
80950	0.046574
81000	-0.119090
81050	-0.207572
81100	0.134090
81150	0.177688
81200	-0.252909
81250	-0.079755
81300	0.032525
81350	0.122433
81400	-0.124345
81450	0.032010
81500	0.126123
81550	-0.234354
81600	0.236818
81650	0.343206
81700	-0.177300
81750	-0.083466
81800	0.077739
81850	0.251645
81900	0.266992
81950	0.213039
82000	0.214064
82050	0.407279
82100	0.449970
82150	0.112797
82200	0.091251
82250	0.110323
82300	-0.276065
82350	-0.049133
82400	0.156441
82450	0.161896
82500	-0.134005
82550	0.201243
82600	0.172131
82650	-0.057782
82700	0.168123
82750	-0.049380
82800	0.241103
82850	0.129150
82900	0.044649
82950	-0.047416
83000	0.090662
83050	-0.231576
83100	0.067723
83150	0.161814
83200	0.158471
83250	0.070773
83300	0.412306
83350	-0.107277
83400	0.016120
83450	0.273279
83500	0.165930
83550	-0.218144
83600	-0.149765
83650	0.152264
83700	-0.113546
83750	-0.038220
83800	0.064752
83850	0.295129
83900	0.151288
83950	0.034927
84000	0.202664
84050	-0.069901
84100	-0.053541
84150	0.228694
84200	0.285118
84250	-0.101767
84300	0.336221
84350	-0.104428
84400	0.328729
84450	-0.207242
84500	-0.047908
84550	0.122378
84600	-0.217065
84650	0.091748
84700	0.161392
84750	0.133528
84800	-0.015373
84850	0.142015
84900	-0.236100
84950	0.017793
85000	-0.405971
85050	-0.110992
85100	0.149489
85150	-0.417592
85200	-0.010662
85250	0.182445
85300	0.326980
85350	0.180934
85400	0.059540
85450	0.378307
85500	0.016798
85550	0.318223
85600	0.007386
85650	0.009994
85700	0.154811
85750	-0.282042
85800	0.109763
85850	-0.051052
85900	0.067805
85950	-0.132499
86000	0.054872
86050	-0.003981
86100	-0.231676
86150	-0.081559
86200	0.047182
86250	0.278033
86300	0.172526
86350	0.107595
86400	-0.189659
86450	0.073296
86500	0.272177
86550	0.035493
86600	0.396318
86650	0.206659
86700	0.101897
86750	0.019781
86800	0.124099
86850	0.224295
86900	0.172288
86950	0.049230
87000	-0.139978
87050	0.001022
87100	0.207185
87150	-0.151957
87200	0.103193
87250	0.176299
87300	0.003392
87350	0.281010
87400	-0.199480
87450	-0.003213
87500	0.248469
87550	-0.047173
87600	-0.158210
87650	-0.063600
87700	0.138767
87750	0.069407
87800	0.024619
87850	0.304636
87900	-0.211878
87950	-0.079561
88000	0.247362
88050	-0.018200
88100	0.057179
88150	0.340983
88200	-0.153369
88250	-0.116998
88300	-0.186356
88350	-0.001672
88400	-0.004643
88450	-0.044123
88500	-0.005277
88550	-0.050255
88600	0.393921
88650	0.096504
88700	0.038330
88750	0.557144
88800	-0.000038
88850	0.410394
88900	0.686521
88950	0.558041
89000	0.567680
89050	-0.018125
89100	-0.073371
89150	0.135004
89200	0.289850
89250	0.079541
89300	-0.159932
89350	0.072395
89400	0.036661
89450	0.025801
89500	-0.011727
89550	-0.120120
89600	-0.078164
89650	0.270906
89700	0.122416
89750	0.269608
89800	-0.249750
89850	0.043500
89900	0.140865
89950	0.515292
90000	-0.283191
90050	0.159604
90100	0.067876
90150	-0.167399
90200	0.107020
90250	-0.117860
90300	0.119045
90350	-0.118591
90400	0.238837
90450	-0.034457
90500	-0.210553
90550	0.061617
90600	-0.019048
90650	0.082892
90700	0.133942
90750	-0.080596
90800	0.127123
90850	0.183245
90900	-0.092061
90950	-0.156858
91000	0.328574
91050	-0.057609
91100	0.415998
91150	0.281162
91200	0.327558
91250	-0.152692
91300	0.412156
91350	-0.114259
91400	0.089712
91450	0.389580
91500	0.210285
91550	0.287091
91600	0.088358
91650	0.111939
91700	-0.060025
91750	0.100902
91800	0.262907
91850	-0.072881
91900	0.231899
91950	0.084914
92000	-0.072609
92050	0.132861
92100	-0.174052
92150	-0.147660
92200	0.381190
92250	-0.009524
92300	-0.068866
92350	-0.297753
92400	-0.054549
92450	0.061664
92500	-0.038932
92550	0.208867
92600	0.304126
92650	-0.126945
92700	0.053818
92750	0.055433
92800	0.263118
92850	-0.155413
92900	0.138101
92950	0.349688
93000	0.092912
93050	-0.339857
93100	0.249942
93150	-0.084740
93200	0.059305
93250	0.210073
93300	0.068429
93350	-0.048193
93400	0.114857
93450	-0.055387
93500	-0.498496
93550	0.240925
93600	0.042966
93650	-0.139747
93700	0.210655
93750	-0.100126
93800	0.076148
93850	0.421367
93900	0.199280
93950	0.008428
94000	0.172426
94050	0.254658
94100	0.105506
94150	0.335434
94200	0.113137
94250	-0.247126
94300	0.327704
94350	0.356624
94400	0.476400
94450	0.161891
94500	-0.085721
94550	0.395770
94600	0.178031
94650	-0.166199
94700	0.013835
94750	0.111546
94800	-0.088599
94850	0.052484
94900	0.205997
94950	-0.307980
95000	-0.016538
95050	0.031800
95100	-0.024962
95150	-0.155515
95200	0.171103
95250	0.068332
95300	0.073570
95350	-0.111526
95400	0.443549
95450	0.103918
95500	0.157716
95550	0.206052
95600	0.313580
95650	0.578154
95700	-0.013462
95750	-0.231865
95800	0.299482
95850	0.354867
95900	0.412956
95950	-0.233936
96000	-0.032878
96050	0.189838
96100	0.234623
96150	0.180660
96200	0.335973
96250	-0.056528
96300	0.266026
96350	-0.222432
96400	0.143839
96450	0.234165
96500	0.135927
96550	-0.210129
96600	0.168307
96650	0.192645
96700	0.163282
96750	0.306859
96800	0.145145
96850	0.123263
96900	-0.079141
96950	-0.068982
97000	0.474634
97050	0.073869
97100	0.152065
97150	-0.129088
97200	-0.182827
97250	-0.109662
97300	0.023112
97350	0.094269
97400	-0.139651
97450	0.077217
97500	0.380317
97550	-0.082809
97600	0.280725
97650	0.027205
97700	0.304771
97750	0.117048
97800	0.165099
97850	0.123398
97900	0.384838
97950	-0.139489
98000	0.100540
98050	0.653579
98100	0.363132
98150	0.106464
98200	0.207238
98250	0.103588
98300	0.141218
98350	0.059171
98400	0.164271
98450	0.302764
98500	0.196306
98550	-0.046652
98600	0.143830
98650	-0.212804
98700	0.180922
98750	-0.137377
98800	0.256552
98850	-0.014739
98900	0.210262
98950	0.448142
99000	-0.272265
99050	0.138796
99100	0.168873
99150	0.315688
99200	0.134117
99250	0.256786
99300	0.325729
99350	0.039179
99400	0.443206
99450	0.343761
99500	0.435712
99550	0.348225
99600	0.210466
99650	-0.258999
99700	0.185723
99750	0.380491
99800	0.280451
99850	0.202480
99900	0.299125
99950	0.206718
100000	-0.152275
100050	-0.197001
100100	0.132039
100150	0.113102
100200	0.063946
100250	-0.014155
100300	-0.050751
100350	0.290768
100400	0.228005
100450	0.305335
100500	0.173035
100550	-0.118027
100600	-0.050693
100650	0.114354
100700	0.293184
100750	0.060497
100800	-0.301358
100850	0.103391
100900	-0.067721
100950	0.050144
101000	0.227338
101050	0.092453
101100	-0.145036
101150	-0.078495
101200	-0.060569
101250	-0.163347
101300	0.152755
101350	0.125003
101400	0.104614
101450	-0.197553
101500	-0.168246
101550	-0.176235
101600	-0.017081
101650	0.273701
101700	0.370731
101750	0.085133
101800	-0.219117
101850	0.453849
101900	0.001534
101950	-0.106178
102000	-0.172777
102050	0.042997
102100	0.481539
102150	0.175135
102200	0.383862
102250	0.191561
102300	0.172008
102350	0.151612
102400	-0.048117
102450	-0.011658
102500	0.205746
102550	-0.221796
102600	-0.318391
102650	0.277509
102700	0.167187
102750	0.024342
102800	0.058437
102850	-0.093437
102900	-0.439464
102950	-0.206424
103000	-0.241973
103050	-0.026478
103100	0.491140
103150	-0.203165
103200	0.195301
103250	-0.062083
103300	0.372095
103350	0.223601
103400	0.327425
103450	0.015194
103500	-0.160187
103550	0.155759
103600	0.267908
103650	0.079340
103700	0.114146
103750	-0.255642
103800	-0.059687
103850	-0.083893
103900	0.296161
103950	-0.080824
104000	0.315958
104050	-0.041433
104100	0.178444
104150	-0.211407
104200	-0.169494
104250	0.227609
104300	0.007015
104350	0.142177
104400	0.121420
104450	-0.041081
104500	0.323381
104550	0.305027
104600	-0.230406
104650	0.188008
104700	0.110760
104750	0.137700
104800	0.523693
104850	-0.220263
104900	-0.058152
104950	0.208100
105000	0.206281
105050	0.163685
105100	0.092812
105150	0.367518
105200	0.148894
105250	0.092430
105300	0.029362
105350	-0.081651
105400	0.041914
105450	-0.161338
105500	-0.058750
105550	-0.014805
105600	-0.157289
105650	0.248603
105700	0.055347
105750	-0.190785
105800	-0.031311
105850	0.091565
105900	-0.009111
105950	0.347710
106000	0.197024
106050	-0.094672
106100	0.258863
106150	0.139156
106200	0.580819
106250	0.249932
106300	-0.262986
106350	0.075495
106400	0.439825
106450	0.148325
106500	-0.218088
106550	0.094395
106600	0.013403
106650	-0.224704
106700	0.287948
106750	0.151993
106800	-0.148310
106850	-0.138742
106900	-0.061901
106950	0.203946
107000	0.282757
107050	0.072199
107100	0.113443
107150	-0.259523
107200	0.148179
107250	0.037768
107300	0.534767
107350	0.136415
107400	-0.100170
107450	0.095052
107500	-0.170866
107550	0.321374
107600	0.107677
107650	0.198901
107700	0.421169
107750	0.285458
107800	0.091654
107850	-0.023973
107900	-0.012932
107950	0.111097
108000	-0.181009
108050	-0.199398
108100	0.016462
108150	-0.356067
108200	-0.588044
108250	0.428164
108300	0.183322
108350	-0.137619
108400	0.008959
108450	-0.176262
108500	-0.121392
108550	0.140266
108600	-0.173867
108650	0.124647
108700	0.378930
108750	0.127250
108800	-0.001318
108850	0.457905
108900	0.231538
108950	0.213863
109000	0.239689
109050	0.187707
109100	0.003238
109150	-0.048154
109200	0.029954
109250	0.378410
109300	0.434564
109350	0.048213
109400	0.145121
109450	0.275164
109500	0.009303
109550	0.254413
109600	-0.121837
109650	-0.219951
109700	0.318609
109750	0.319110
109800	0.012085
109850	0.055985
109900	-0.195507
109950	0.237241
110000	-0.042984
110050	-0.082566
110100	0.140261
110150	-0.062001
110200	-0.072555
110250	0.047064
110300	-0.183586
110350	-0.027941
110400	0.302788
110450	0.036788
110500	0.174378
110550	-0.140366
110600	-0.069156
110650	0.013526
110700	-0.054042
110750	0.025525
110800	0.157296
110850	0.073809
110900	-0.000284
110950	0.233230
111000	-0.051674
111050	0.199390
111100	0.051009
111150	0.124431
111200	0.377425
111250	-0.120162
111300	-0.069459
111350	0.015603
111400	0.193380
111450	-0.056838
111500	0.266986
111550	0.447857
111600	0.541278
111650	-0.199016
111700	-0.009440
111750	-0.307740
111800	0.437765
111850	0.047314
111900	-0.230889
111950	0.033638
112000	0.085875
112050	-0.176810
112100	0.275831
112150	-0.099765
112200	0.029873
112250	-0.250712
112300	0.049775
112350	0.255947
112400	0.117043
112450	-0.080102
112500	-0.176283
112550	-0.556719
112600	0.048319
112650	0.073838
112700	-0.393050
112750	0.033971
112800	0.042355
112850	-0.036058
112900	0.245492
112950	0.097779
113000	0.391377
113050	0.396701
113100	0.460901
113150	0.148356
113200	0.083322
113250	0.348758
113300	0.047878
113350	0.125598
113400	0.180436
113450	0.642405
113500	0.143120
113550	0.052091
113600	0.169678
113650	0.294808
113700	0.318834
113750	0.135952
113800	0.173220
113850	-0.063340
113900	-0.406176
113950	-0.299701
114000	0.252093
114050	0.577326
114100	0.254397
114150	-0.027376
114200	0.049984
114250	-0.025051
114300	-0.265233
114350	0.058422
114400	0.107156
114450	0.047278
114500	0.071076
114550	-0.189205
114600	0.009781
114650	0.401462
114700	0.254900
114750	-0.092993
114800	0.105148
114850	0.106907
114900	0.178484
114950	0.068174
115000	0.331407
115050	-0.012909
115100	-0.130622
115150	0.197626
115200	0.056686
115250	0.003971
115300	0.234511
115350	0.031054
115400	-0.063235
115450	0.067686
115500	0.239710
115550	-0.033980
115600	0.012636
115650	0.002992
115700	-0.220154
115750	-0.168159
115800	-0.005144
115850	0.177722
115900	0.230887
115950	-0.148640
116000	0.449159
116050	0.481646
116100	0.352061
116150	0.148519
116200	0.119924
116250	0.100795
116300	-0.036651
116350	-0.179866
116400	0.194973
116450	-0.211137
116500	-0.210281
116550	-0.440754
116600	-0.377123
116650	0.044071
116700	-0.011858
116750	0.077186
116800	0.069780
116850	-0.210964
116900	0.172075
116950	0.081702
117000	0.409616
117050	0.405184
117100	0.184398
117150	0.185460
117200	0.276357
117250	0.175194
117300	-0.077493
117350	0.036050
117400	0.209490
117450	0.333714
117500	0.201871
117550	0.089089
117600	0.113692
117650	0.220013
117700	0.409883
117750	-0.365053
117800	-0.037071
117850	-0.243123
117900	0.176162
117950	-0.289573
118000	-0.080149
118050	0.140824
118100	-0.055783
118150	0.000215
118200	0.399888
118250	0.083520
118300	-0.042222
118350	0.379126
118400	0.164924
118450	0.124989
118500	0.097159
118550	-0.106034
118600	0.487886
118650	-0.211795
118700	-0.043462
118750	-0.424429
118800	-0.041436
118850	-0.134207
118900	0.246012
118950	0.291395
119000	-0.062928
119050	0.254364
119100	0.220440
119150	-0.035515
119200	0.320345
119250	-0.034175
119300	-0.137196
119350	0.070266
119400	-0.090906
119450	0.143991
119500	-0.114643
119550	-0.047782
119600	-0.309800
119650	-0.006510
119700	-0.144065
119750	-0.271792
119800	-0.107264
119850	-0.071401
119900	0.172781
119950	-0.113424
120000	0.482973
120050	0.257991
120100	0.032354
120150	-0.277202
120200	-0.169458
120250	-0.268894
120300	0.008892
120350	-0.064068
120400	0.127123
120450	-0.043846
120500	0.025363
120550	-0.006164
120600	0.150631
120650	0.081337
120700	0.196676
120750	-0.030699
120800	0.144307
120850	0.276129
120900	0.404104
120950	0.459666
121000	-0.003634
121050	-0.131607
121100	-0.003783
121150	0.359311
121200	0.301263
121250	-0.079448
121300	0.089781
121350	0.267503
121400	-0.017292
121450	-0.093383
121500	0.055608
121550	0.484285
121600	0.214632
121650	-0.053235
121700	0.055661
121750	0.157343
121800	0.263543
121850	0.334206
121900	0.201013
121950	0.049038
122000	-0.491795
122050	0.113411
122100	0.077587
122150	0.035618
122200	0.074623
122250	-0.194610
122300	0.091831
122350	-0.450884
122400	-0.054124
122450	-0.242706
122500	-0.217951
122550	0.064961
122600	0.208857
122650	-0.325242
122700	0.185606
122750	0.020711
122800	-0.168194
122850	-0.002121
122900	-0.281304
122950	0.029551
123000	0.059247
123050	-0.100815
123100	0.320475
123150	-0.347383
123200	0.438456
123250	0.006913
123300	0.048736
123350	-0.126445
123400	-0.245842
123450	0.104065
123500	-0.057286
123550	0.090318
123600	0.055923
123650	-0.107586
123700	0.233432
123750	-0.308686
123800	0.028149
123850	-0.025294
123900	0.079492
123950	0.133034
124000	-0.139053
124050	0.195094
124100	0.094157
124150	0.020605
124200	0.300481
124250	-0.057246
124300	0.078410
124350	-0.097677
124400	0.267292
124450	0.044431
124500	-0.092292
124550	0.114088
124600	0.014797
124650	0.488406
124700	-0.173064
124750	-0.068748
124800	0.215150
124850	0.608240
124900	0.108686
124950	-0.151685
125000	0.127326
125050	0.292707
125100	0.056867
125150	0.099448
125200	-0.157636
125250	-0.281619
125300	0.241572
125350	-0.036350
125400	0.209539
125450	0.010017
125500	0.268431
125550	-0.024644
125600	-0.153442
125650	-0.143290
125700	0.560370
125750	0.430873
125800	-0.159045
125850	0.217500
125900	-0.008391
125950	0.348752
126000	0.112024
126050	0.231488
126100	0.497674
126150	-0.059468
126200	0.016653
126250	0.041538
126300	-0.195749
126350	0.256825
126400	-0.035080
126450	-0.081909
126500	-0.199881
126550	0.173145
126600	-0.437292
126650	0.048120
126700	0.019190
126750	-0.058683
126800	0.588943
126850	0.369977
126900	0.003984
126950	0.005732
127000	-0.072595
127050	-0.165501
127100	0.266389
127150	0.192559
127200	0.248442
127250	0.452409
127300	0.154938
127350	0.139298
127400	-0.026748
127450	0.188188
127500	0.129101
127550	0.375837
127600	-0.017441
127650	0.035548
127700	0.291699
127750	-0.093801
127800	0.188399
127850	0.346002
127900	0.348435
127950	0.021402
128000	0.265667
128050	-0.177225
128100	0.240067
128150	-0.010820
128200	0.257971
128250	-0.033079
128300	0.021268
128350	0.250642
128400	0.111693
128450	0.160602
128500	-0.412449
128550	0.207270
128600	-0.079728
128650	0.414005
128700	0.131668
128750	-0.179192
128800	0.269168
128850	0.287698
128900	0.212199
128950	0.454648
129000	0.200273
129050	-0.129554
129100	-0.098691
129150	0.012509
129200	0.153150
129250	0.147651
129300	0.277811
129350	0.341139
129400	-0.136312
129450	0.114030
129500	0.286531
129550	0.325605
129600	0.189255
129650	0.069574
129700	0.012388
129750	-0.014950
129800	-0.280996
129850	0.270541
129900	-0.036851
129950	-0.174266
130000	0.423842
130050	0.333113
130100	0.104210
130150	-0.186507
130200	0.343953
130250	0.097626
130300	0.257407
130350	0.221046
130400	-0.215765
130450	0.060284
130500	0.074383
130550	0.233435
130600	0.243766
130650	0.416347
130700	0.099818
130750	0.025810
130800	-0.263308
130850	0.157352
130900	0.069853
130950	0.436289
131000	-0.581099
131050	0.255515
131100	-0.286009
131150	-0.195388
131200	0.113691
131250	0.122553
131300	0.233151
131350	0.011959
131400	-0.111467
131450	0.204094
131500	0.239513
131550	-0.043423
131600	0.131918
131650	0.015314
131700	-0.335234
131750	0.210043
131800	0.282166
131850	0.234746
131900	0.273764
131950	-0.181548
132000	0.269364
132050	0.214070
132100	-0.014479
132150	0.269480
132200	-0.114224
132250	-0.017257
132300	-0.344711
132350	0.172031
132400	0.145556
132450	-0.130419
132500	0.013831
132550	0.004631
132600	-0.069330
132650	0.002869
132700	0.115781
132750	-0.076305
132800	-0.232960
132850	0.048317
132900	-0.278750
132950	-0.020357
133000	0.053372
133050	-0.011168
133100	-0.166576
133150	-0.012325
133200	0.045448
133250	-0.076895
133300	-0.065680
133350	-0.247892
133400	0.231228
133450	-0.301605
133500	-0.117288
133550	-0.151290
133600	-0.068382
133650	-0.071639
133700	0.112433
133750	0.166559
133800	0.218394
133850	0.318867
133900	0.055810
133950	-0.071984
134000	0.383376
134050	0.078910
134100	0.314225
134150	-0.494794
134200	0.352136
134250	0.186442
134300	-0.009467
134350	0.112094
134400	-0.278539
134450	0.287552
134500	0.280041
134550	0.107099
134600	-0.110555
134650	0.609776
134700	-0.074471
134750	0.025894
134800	0.070379
134850	0.079301
134900	0.034836
134950	0.299741
135000	0.070024
135050	-0.164563
135100	0.279553
135150	0.236065
135200	0.192164
135250	0.229232
135300	0.321906
135350	-0.084020
135400	0.003369
135450	0.266493
135500	0.151740
135550	0.456989
135600	0.350167
135650	0.179498
135700	-0.117192
135750	-0.155208
135800	-0.314807
135850	0.132016
135900	0.143389
135950	-0.365793
136000	0.003476
136050	0.027149
136100	0.311291
136150	0.104167
136200	-0.193106
136250	0.039977
136300	0.039727
136350	-0.111780
136400	0.255862
136450	0.305799
136500	-0.057794
136550	0.311277
136600	0.196604
136650	-0.339605
136700	-0.262245
136750	-0.060034
136800	0.389677
136850	-0.041106
136900	0.162517
136950	-0.153329
137000	-0.287860
137050	0.220313
137100	0.113619
137150	-0.031173
137200	0.158252
137250	0.041119
137300	0.119320
137350	-0.014982
137400	-0.333302
137450	0.129833
137500	0.039976
137550	0.010942
137600	0.445801
137650	-0.158382
137700	0.282714
137750	0.338998
137800	-0.169796
137850	-0.021871
137900	0.308925
137950	-0.174259
138000	0.026471
138050	-0.092068
138100	-0.264960
138150	0.048731
138200	0.072200
138250	0.080710
138300	0.089207
138350	0.397434
138400	0.029491
138450	-0.235667
138500	0.231104
138550	-0.281533
138600	0.153248
138650	-0.104053
138700	-0.099242
138750	0.021061
138800	0.159699
138850	0.295731
138900	0.224908
138950	0.407553
139000	-0.067994
139050	0.037032
139100	0.213790
139150	0.115513
139200	-0.122567
139250	-0.059251
139300	0.085389
139350	0.220022
139400	0.198779
139450	0.191607
139500	-0.123858
139550	0.135767
139600	0.214065
139650	0.339311
139700	0.346979
139750	0.297731
139800	-0.048485
139850	0.160378
139900	-0.005894
139950	0.150744
140000	0.487471
140050	0.101977
140100	-0.078430
140150	-0.288820
140200	0.090792
140250	-0.114966
140300	-0.251331
140350	-0.114087
140400	0.028950
140450	0.138430
140500	-0.309222
140550	0.275733
140600	-0.033098
140650	0.287668
140700	0.288807
140750	0.229901
140800	-0.190017
140850	0.099513
140900	-0.060925
140950	-0.184102
141000	-0.112258
141050	0.116385
141100	0.114980
141150	-0.054638
141200	-0.288299
141250	0.324796
141300	-0.119626
141350	-0.067314
141400	0.176483
141450	0.199761
141500	-0.012968
141550	-0.171728
141600	0.128148
141650	0.160881
141700	-0.218560
141750	-0.169038
141800	-0.249779
141850	-0.072157
141900	-0.086632
141950	0.107289
142000	-0.002955
142050	0.175147
142100	-0.350433
142150	0.162706
142200	-0.088905
142250	0.112099
142300	0.147590
142350	0.182604
142400	0.015572
142450	-0.015294
142500	-0.035269
142550	0.242982
142600	0.037228
142650	0.491970
142700	0.183949
142750	0.005358
142800	0.076054
142850	-0.014137
142900	-0.240801
142950	0.113281
143000	0.061432
143050	-0.202932
143100	-0.000310
143150	0.094632
143200	-0.202260
143250	0.118939
143300	0.207206
143350	-0.164962
143400	-0.198963
143450	0.168612
143500	0.102976
143550	-0.414622
143600	0.030830
143650	-0.208717
143700	-0.283860
143750	0.134987
143800	-0.174303
143850	-0.122649
143900	0.106266
143950	0.264737
144000	-0.077482
144050	-0.029672
144100	0.212493
144150	0.421742
144200	0.323346
144250	0.121884
144300	-0.224690
144350	0.295777
144400	0.037037
144450	0.259150
144500	0.146665
144550	0.259122
144600	-0.138581
144650	0.101812
144700	-0.135967
144750	-0.261638
144800	-0.268487
144850	0.208719
144900	-0.034968
144950	0.125136
145000	0.177271
145050	-0.028286
145100	0.039718
145150	0.077873
145200	0.124245
145250	0.309589
145300	0.256258
145350	0.530186
145400	0.099087
145450	-0.088960
145500	0.092698
145550	-0.170127
145600	-0.104879
145650	0.044339
145700	0.107644
145750	0.174747
145800	0.107518
145850	-0.170462
145900	0.013839
145950	-0.294737
146000	0.090989
146050	0.209464
146100	-0.166739
146150	0.188169
146200	-0.063108
146250	0.342493
146300	0.407532
146350	-0.041578
146400	-0.013887
146450	0.053957
146500	-0.106141
146550	0.166012
146600	0.367904
146650	0.387905
146700	0.130623
146750	0.067551
146800	0.056138
146850	0.180970
146900	0.148601
146950	0.110760
147000	-0.157769
147050	-0.140480
147100	0.099016
147150	-0.122655
147200	0.290895
147250	0.109315
147300	0.259214
147350	0.124883
147400	0.138516
147450	0.031155
147500	-0.088155
147550	0.280285
147600	-0.120585
147650	0.116047
147700	-0.147403
147750	0.155460
147800	0.279718
147850	-0.120441
147900	0.154701
147950	-0.025225
148000	0.233054
148050	0.029876
148100	0.211593
148150	-0.115805
148200	0.181296
148250	0.289909
148300	0.099316
148350	-0.056080
148400	-0.133750
148450	-0.168559
148500	0.052977
148550	-0.300601
148600	0.242551
148650	0.354541
148700	0.093504
148750	0.379292
148800	0.204262
148850	-0.026229
148900	0.613482
148950	0.204620
149000	0.384221
149050	-0.190181
149100	0.242268
149150	0.251636
149200	-0.133809
149250	-0.291668
149300	0.136680
149350	-0.141375
149400	0.349202
149450	0.200693
149500	-0.420853
149550	0.350395
149600	0.262868
149650	-0.040489
149700	0.335608
149750	0.103605
149800	0.823142
149850	-0.105696
149900	0.187933
149950	0.057025
150000	-0.075795
150050	0.028094
150100	-0.415236
150150	-0.177341
150200	-0.248893
150250	0.011188
150300	-0.058830
150350	0.160266
150400	0.177752
150450	-0.333305
150500	-0.064002
150550	0.350098
150600	0.221048
150650	0.270807
150700	-0.204797
150750	0.403787
150800	0.235540
150850	0.198999
150900	-0.125204
150950	0.123162
151000	0.348607
151050	0.001348
151100	0.289078
151150	-0.035273
151200	0.241544
151250	-0.164780
151300	0.156621
151350	0.349781
151400	0.374342
151450	0.298991
151500	0.121566
151550	0.063840
151600	-0.091025
151650	0.044073
151700	0.073366
151750	0.206132
151800	-0.183310
151850	-0.338706
151900	0.056334
151950	-0.010473
152000	-0.000534
152050	0.078138
152100	0.083376
152150	-0.225529
152200	0.054782
152250	0.183429
152300	-0.000051
152350	-0.168098
152400	0.168779
152450	-0.113693
152500	-0.240684
152550	0.226779
152600	-0.060041
152650	0.196542
152700	0.114140
152750	0.052684
152800	0.335738
152850	0.368000
152900	0.057937
152950	-0.112321
153000	0.344784
153050	-0.065500
153100	0.205285
153150	-0.126934
153200	0.168261
153250	0.267498
153300	0.112212
153350	-0.153156
153400	-0.021426
153450	0.146139
153500	0.225499
153550	0.112966
153600	0.313230
153650	0.477987
153700	0.189717
153750	0.327355
153800	0.110064
153850	0.156725
153900	-0.010893
153950	-0.030601
154000	0.130188
154050	0.259953
154100	0.130888
154150	0.254749
154200	-0.098001
154250	0.031171
154300	-0.269256
154350	0.596599
154400	0.220896
154450	-0.229569
154500	0.224328
154550	0.063699
154600	-0.005978
154650	0.133235
154700	-0.008466
154750	0.087203
154800	-0.390268
154850	-0.198747
154900	-0.084874
154950	0.342182
155000	0.231065
155050	0.018407
155100	0.171640
155150	0.232300
155200	0.072493
155250	0.075971
155300	-0.620329
155350	0.339983
155400	-0.049783
155450	-0.174135
155500	-0.217556
155550	0.255097
155600	-0.031892
155650	-0.033210
155700	-0.072238
155750	0.289567
155800	0.104546
155850	0.217546
155900	0.112150
155950	-0.018410
156000	-0.041870
156050	0.178396
156100	-0.225815
156150	0.123691
156200	0.097170
156250	-0.050358
156300	0.022776
156350	0.076776
156400	0.063147
156450	0.451408
156500	-0.188554
156550	0.158820
156600	0.224533
156650	0.115200
156700	0.000420
156750	0.282239
156800	-0.032619
156850	0.186504
156900	0.221422
156950	0.035644
157000	0.094844
157050	0.278682
157100	-0.006950
157150	0.075040
157200	-0.065085
157250	-0.037623
157300	-0.169028
157350	-0.149691
157400	-0.307051
157450	-0.315440
157500	0.421018
157550	-0.013746
157600	0.086249
157650	0.159338
157700	-0.014841
157750	-0.015303
157800	-0.241700
157850	-0.163069
157900	-0.119577
157950	-0.064964
158000	0.157142
158050	-0.200367
158100	0.124702
158150	0.038894
158200	0.151263
158250	-0.149098
158300	0.074359
158350	0.187274
158400	0.294175
158450	0.117739
158500	-0.147585
158550	0.504183
158600	-0.016433
158650	-0.027940
158700	0.451398
158750	0.037195
158800	-0.166561
158850	-0.022609
158900	0.194686
158950	-0.132792
159000	0.106277
159050	0.279506
159100	0.098164
159150	-0.051041
159200	0.209474
159250	-0.059522
159300	0.311305
159350	0.020566
159400	0.015833
159450	-0.192829
159500	0.016521
159550	0.048427
159600	-0.099359
159650	0.037313
159700	-0.047583
159750	0.106881
159800	0.537038
159850	-0.061370
159900	0.455478
159950	0.304007
160000	-0.042865
160050	0.231861
160100	0.236025
160150	0.260066
160200	0.233674
160250	-0.178404
160300	-0.108614
160350	-0.133121
160400	0.080770
160450	-0.059005
160500	0.349531
160550	-0.101742
160600	0.085001
160650	0.002211
160700	-0.015405
160750	0.011912
160800	0.465666
160850	-0.121050
160900	0.189500
160950	0.233946
161000	0.088303
161050	0.160485
161100	0.554676
161150	-0.096459
161200	0.163746
161250	0.183795
161300	0.171835
161350	0.323651
161400	0.148272
161450	0.298178
161500	-0.090054
161550	0.095950
161600	0.005974
161650	0.010365
161700	-0.363019
161750	0.318460
161800	0.151848
161850	-0.089834
161900	-0.074953
161950	0.239125
162000	-0.195067
162050	0.173288
162100	-0.078758
162150	0.106244
162200	-0.100245
162250	0.085213
162300	-0.120557
162350	0.058758
162400	0.295586
162450	0.071503
162500	0.148940
162550	0.185554
162600	0.329203
162650	0.275386
162700	-0.326596
162750	-0.502161
162800	0.097552
162850	0.122972
162900	-0.297863
162950	0.285415
163000	0.163803
163050	-0.175057
163100	0.060056
163150	0.375530
163200	0.335684
163250	0.308564
163300	0.272611
163350	0.126537
163400	0.019435
163450	0.180617
163500	-0.109537
163550	0.207261
163600	0.169474
163650	-0.034804
163700	0.274471
163750	0.315050
163800	0.055790
163850	0.333139
163900	-0.158436
163950	0.026970
164000	0.286875
164050	0.112963
164100	0.314852
164150	0.097756
164200	0.197956
164250	0.220584
164300	-0.044663
164350	0.138326
164400	0.132492
164450	0.125501
164500	0.047592
164550	0.298752
164600	0.271809
164650	-0.054514
164700	0.079840
164750	0.019033
164800	-0.057950
164850	-0.281861
164900	0.265842
164950	0.099355
165000	0.156525
165050	0.088522
165100	0.125606
165150	0.047326
165200	0.234770
165250	-0.011965
165300	0.182596
165350	0.286760
165400	0.108636
165450	-0.157899
165500	0.097745
165550	-0.015764
165600	0.389095
165650	0.087896
165700	-0.146132
165750	0.264715
165800	0.302459
165850	-0.091928
165900	0.198692
165950	0.120153
166000	0.207869
166050	0.493605
166100	-0.157331
166150	0.159487
166200	0.101322
166250	0.257945
166300	-0.000472
166350	0.045428
166400	0.273615
166450	0.457157
166500	0.227946
166550	-0.195244
166600	0.118115
166650	0.069347
166700	-0.112753
166750	-0.170118
166800	-0.089697
166850	0.036406
166900	-0.137805
166950	0.015933
167000	-0.151641
167050	0.268549
167100	0.306841
167150	-0.024710
167200	-0.242210
167250	0.331965
167300	-0.116090
167350	0.266937
167400	-0.114151
167450	0.092802
167500	-0.071813
167550	-0.132941
167600	0.054184
167650	0.075293
167700	-0.542111
167750	-0.196103
167800	0.165791
167850	0.502222
167900	0.295270
167950	0.294689
168000	-0.109730
168050	0.400864
168100	-0.111705
168150	-0.143085
168200	-0.009972
168250	0.472609
168300	0.367275
168350	0.260246
168400	0.095024
168450	-0.132122
168500	0.373034
168550	0.180730
168600	0.315934
168650	-0.007641
168700	-0.202967
168750	0.073582
168800	-0.056507
168850	-0.056164
168900	0.377779
168950	-0.069499
169000	0.186760
169050	0.206395
169100	-0.206552
169150	-0.349263
169200	-0.151913
169250	-0.355134
169300	0.126524
169350	0.078944
169400	-0.013894
169450	0.465336
169500	0.037070
169550	0.073272
169600	0.340333
169650	-0.052064
169700	0.311605
169750	0.087458
169800	-0.208514
169850	0.244621
169900	0.540980
169950	-0.220644
170000	0.040096
170050	0.353277
170100	-0.133307
170150	-0.103001
170200	0.062920
170250	-0.343343
170300	0.208736
170350	0.052239
170400	0.160465
170450	-0.384046
170500	0.070584
170550	0.047881
170600	-0.036306
170650	0.056172
170700	0.479233
170750	-0.188540
170800	-0.379012
170850	0.061505
170900	0.424823
170950	0.154023
171000	0.260747
171050	0.175347
171100	0.182126
171150	-0.157629
171200	-0.075027
171250	0.112975
171300	0.161414
171350	-0.322539
171400	0.072627
171450	-0.173505
171500	0.171808
171550	0.356891
171600	0.128349
171650	-0.075782
171700	0.062146
171750	-0.312723
171800	-0.006424
171850	-0.245912
171900	0.140293
171950	0.254368
172000	0.301663
172050	-0.010493
172100	0.125333
172150	0.528546
172200	0.504034
172250	0.545952
172300	0.101282
172350	0.306442
172400	0.240830
172450	0.332228
172500	0.033565
172550	0.367420
172600	0.397421
172650	0.102682
172700	0.101413
172750	0.053790
172800	0.255949
172850	-0.190603
172900	0.247843
172950	-0.228692
173000	-0.140090
173050	0.170099
173100	0.511061
173150	0.057435
173200	-0.164770
173250	-0.150018
173300	0.025585
173350	0.075983
173400	0.113359
173450	0.272410
173500	-0.079657
173550	-0.023788
173600	-0.029901
173650	-0.316888
173700	-0.043856
173750	-0.045254
173800	-0.075431
173850	0.146782
173900	0.016044
173950	-0.058732
174000	0.513339
174050	0.087398
174100	0.248229
174150	0.161052
174200	0.716467
174250	0.113712
174300	-0.031366
174350	0.551129
174400	0.206336
174450	0.561738
174500	0.052690
174550	0.258476
174600	0.059337
174650	-0.294892
174700	-0.176589
174750	0.022913
174800	0.023019
174850	-0.013014
174900	0.019994
174950	0.151741
175000	-0.250761
175050	-0.235706
175100	-0.104361
175150	0.007863
175200	-0.166935
175250	0.097857
175300	-0.130314
175350	0.045620
175400	-0.026589
175450	0.153244
175500	0.208801
175550	0.214335
175600	0.191853
175650	0.386421
175700	-0.175876
175750	-0.124141
175800	0.219925
175850	-0.380305
175900	-0.025360
175950	-0.250208
176000	-0.099987
176050	0.159033
176100	-0.126224
176150	-0.069502
176200	0.196166
176250	-0.105553
176300	-0.227803
176350	-0.205336
176400	-0.113165
176450	0.050281
176500	-0.222700
176550	-0.113691
176600	0.244062
176650	-0.205865
176700	0.332835
176750	0.106404
176800	-0.177964
176850	-0.034220
176900	0.154380
176950	-0.109349
177000	-0.065227
177050	-0.172799
177100	-0.339894
177150	0.096000
177200	-0.050550
177250	0.092514
177300	0.347633
177350	0.011695
177400	0.533450
177450	0.099281
177500	0.113523
177550	0.091052
177600	-0.099227
177650	0.305561
177700	-0.231967
177750	0.082753
177800	-0.293055
177850	0.025409
177900	-0.137396
177950	0.000706
178000	-0.066292
178050	0.205175
178100	-0.385023
178150	-0.433865
178200	-0.107827
178250	0.132781
178300	-0.153021
178350	0.310242
178400	-0.075283
178450	0.018786
178500	0.001574
178550	0.329880
178600	0.040560
178650	0.295722
178700	-0.063167
178750	0.097596
178800	0.388839
178850	0.248896
178900	-0.101439
178950	-0.290907
179000	-0.360672
179050	-0.195060
179100	-0.490939
179150	0.152103
179200	-0.058414
179250	0.112713
179300	0.300536
179350	-0.122397
179400	0.100061
179450	0.059167
179500	0.352674
179550	-0.048493
179600	0.364370
179650	0.203084
179700	-0.090237
179750	0.283408
179800	0.501744
179850	0.164082
179900	0.200013
179950	-0.168418
180000	-0.528854
180050	0.178882
180100	-0.195347
180150	-0.081905
180200	-0.119348
180250	0.027931
180300	0.291446
180350	-0.110451
180400	0.083404
180450	-0.248754
180500	0.041988
180550	0.072066
180600	0.020963
180650	-0.130853
180700	0.437736
180750	0.157760
180800	0.033481
180850	0.011119
180900	-0.111133
180950	-0.011329
181000	0.067529
181050	-0.264063
181100	0.266690
181150	-0.167886
181200	-0.128889
181250	0.111889
181300	0.253053
181350	0.299086
181400	-0.063044
181450	-0.296784
181500	-0.164913
181550	0.234226
181600	-0.132530
181650	0.160270
181700	-0.198129
181750	-0.277502
181800	-0.024383
181850	-0.509456
181900	0.049698
181950	-0.178622
182000	0.216622
182050	0.482897
182100	-0.434599
182150	-0.224399
182200	-0.073738
182250	-0.007487
182300	0.232514
182350	-0.024361
182400	0.344849
182450	0.186175
182500	-0.250656
182550	0.283859
182600	-0.012876
182650	-0.375750
182700	-0.006620
182750	0.306432
182800	-0.025886
182850	-0.103696
182900	-0.007024
182950	0.451225
183000	0.307165
183050	-0.409781
183100	0.188822
183150	0.327797
183200	-0.177388
183250	0.037277
183300	0.113812
183350	0.007996
183400	0.040619
183450	-0.233796
183500	-0.169039
183550	0.433755
183600	0.076972
183650	-0.357556
183700	-0.001192
183750	0.209398
183800	0.012801
183850	0.090321
183900	-0.241913
183950	0.246198
184000	0.269762
184050	-0.276633
184100	0.263391
184150	0.041433
184200	0.037651
184250	-0.061803
184300	-0.187635
184350	0.034214
184400	0.044251
184450	-0.410239
184500	0.051024
184550	0.001459
184600	-0.109388
184650	0.008461
184700	0.215751
184750	0.163511
184800	0.191916
184850	0.177589
184900	-0.274235
184950	0.107911
185000	0.126483
185050	0.099036
185100	-0.032311
185150	-0.001849
185200	0.066126
185250	0.109785
185300	0.296356
185350	0.139006
185400	0.338501
185450	-0.010836
185500	-0.115487
185550	0.252953
185600	0.093505
185650	-0.017692
185700	-0.165548
185750	0.159172
185800	-0.290262
185850	0.066171
185900	0.199753
185950	-0.173366
186000	0.046772
186050	0.087359
186100	0.279765
186150	-0.233057
186200	0.405069
186250	0.106053
186300	0.298210
186350	0.192397
186400	0.248233
186450	-0.140322
186500	0.025208
186550	0.214080
186600	0.413609
186650	0.055021
186700	0.043113
186750	0.152000
186800	0.444074
186850	0.053644
186900	-0.198610
186950	0.316915
187000	0.306918
187050	0.163740
187100	0.177332
187150	0.346109
187200	0.295987
187250	0.167796
187300	0.161776
187350	0.119477
187400	-0.087787
187450	-0.036980
187500	-0.137458
187550	0.471763
187600	-0.105923
187650	0.218577
187700	0.008470
187750	0.228837
187800	-0.249124
187850	-0.350125
187900	-0.347918
187950	-0.259853
188000	-0.309859
188050	0.050856
188100	0.138763
188150	-0.055467
188200	0.165599
188250	0.069867
188300	0.274297
188350	-0.050963
188400	0.134629
188450	0.304907
188500	0.323710
188550	-0.081859
188600	0.098517
188650	0.187491
188700	0.033776
188750	0.164000
188800	0.126736
188850	-0.283262
188900	0.162113
188950	-0.009392
189000	0.037845
189050	0.120765
189100	0.002667
189150	0.116007
189200	0.038141
189250	-0.005156
189300	-0.078948
189350	0.258665
189400	-0.097294
189450	0.126195
189500	0.357053
189550	0.024443
189600	0.279499
189650	0.155049
189700	0.303989
189750	0.078621
189800	-0.247913
189850	-0.159884
189900	-0.261181
189950	0.011629
190000	0.132550
190050	-0.387422
190100	0.217781
190150	0.213432
190200	0.254993
190250	0.280560
190300	0.210982
190350	0.253963
190400	0.230394
190450	0.092102
190500	0.028962
190550	0.160360
190600	0.007055
190650	0.010748
190700	-0.186730
190750	-0.077035
190800	0.059539
190850	0.142533
190900	0.278665
190950	0.025362
191000	0.156021
191050	-0.032433
191100	-0.177511
191150	-0.165273
191200	-0.324070
191250	0.036111
191300	0.482317
191350	-0.256088
191400	-0.088237
191450	0.227579
191500	-0.020345
191550	-0.275158
191600	0.363096
191650	-0.113098
191700	0.468063
191750	0.162421
191800	0.136321
191850	0.172770
191900	0.105811
191950	-0.050431
192000	-0.125650
192050	-0.361456
192100	0.076279
192150	0.120226
192200	-0.046965
192250	0.067563
192300	-0.008985
192350	0.086816
192400	0.455980
192450	0.116477
192500	-0.055786
192550	0.139756
192600	-0.064247
192650	0.487934
192700	-0.346647
192750	-0.094721
192800	0.040488
192850	0.070637
192900	0.230911
192950	0.028138
193000	-0.078640
193050	0.107895
193100	0.156546
193150	0.390068
193200	-0.039351
193250	0.252477
193300	0.220970
193350	0.012829
193400	-0.055141
193450	0.180782
193500	-0.110624
193550	0.573039
193600	0.252884
193650	0.105167
193700	0.105580
193750	0.221498
193800	0.268029
193850	0.321913
193900	-0.048640
193950	0.398782
194000	-0.010699
194050	0.233376
194100	0.028252
194150	-0.230991
194200	-0.081321
194250	-0.087313
194300	0.377384
194350	0.240156
194400	0.097718
194450	-0.213546
194500	0.208509
194550	0.288408
194600	0.023937
194650	0.131722
194700	-0.212650
194750	0.311071
194800	0.399377
194850	0.437791
194900	-0.052903
194950	0.371758
195000	0.462618
195050	0.312401
195100	0.101544
195150	0.242247
195200	0.253260
195250	-0.094393
195300	-0.015396
195350	-0.076314
195400	0.384769
195450	0.083734
195500	0.229815
195550	0.389317
195600	-0.006395
195650	0.021083
195700	0.131005
195750	-0.027246
195800	0.077157
195850	0.110675
195900	0.116709
195950	0.051290
196000	0.076148
196050	0.237121
196100	0.138333
196150	-0.081474
196200	0.229455
196250	0.121480
196300	0.354422
196350	-0.109068
196400	-0.054974
196450	0.068937
196500	-0.321519
196550	-0.134158
196600	0.109778
196650	0.219391
196700	-0.209949
196750	0.231096
196800	0.215310
196850	0.042297
196900	-0.103775
196950	0.075640
197000	0.273068
197050	-0.199208
197100	0.202085
197150	-0.135981
197200	-0.401381
197250	0.254065
197300	-0.178243
197350	-0.214776
197400	-0.052363
197450	-0.075474
197500	0.328080
197550	-0.182654
197600	-0.110336
197650	0.159732
197700	0.228220
197750	0.474137
197800	-0.068730
197850	0.202873
197900	0.477056
197950	0.301404
198000	-0.106659
198050	-0.001052
198100	-0.375468
198150	0.111470
198200	0.184115
198250	-0.094947
198300	-0.050834
198350	0.178073
198400	-0.008790
198450	-0.037134
198500	-0.068405
198550	0.146428
198600	0.102087
198650	0.152221
198700	0.055633
198750	-0.020132
198800	0.244087
198850	-0.098203
198900	0.357577
198950	-0.193008
199000	-0.057377
199050	0.371954
199100	-0.049342
199150	0.167821
199200	0.028244
199250	0.031609
199300	0.266552
199350	-0.004414
199400	0.343500
199450	-0.048986
199500	0.028276
199550	-0.125989
199600	0.293272
199650	-0.166200
199700	-0.021583
199750	-0.114027
199800	0.185955
199850	0.075055
199900	0.351469
199950	0.197279
