0.025000 	 0.000000
0.075000 	 0.000000
0.125000 	 0.000000
0.175000 	 0.000000
0.225000 	 0.000000
0.275000 	 0.000000
0.325000 	 0.000000
0.375000 	 0.000000
0.425000 	 0.000000
0.475000 	 0.000000
0.525000 	 0.000000
0.575000 	 0.000000
0.625000 	 0.000000
0.675000 	 0.000000
0.725000 	 0.000000
0.775000 	 0.000000
0.825000 	 0.000000
0.875000 	 0.000039
0.925000 	 0.022382
0.975000 	 0.424942
1.025000 	 1.500570
1.075000 	 2.243670
1.125000 	 2.237770
1.175000 	 1.889810
1.225000 	 1.517420
1.275000 	 1.221990
1.325000 	 1.009740
1.375000 	 0.862987
1.425000 	 0.765333
1.475000 	 0.703782
1.525000 	 0.670152
1.575000 	 0.659502
1.625000 	 0.669699
1.675000 	 0.700336
1.725000 	 0.751096
1.775000 	 0.821330
1.825000 	 0.907078
1.875000 	 1.000260
1.925000 	 1.091940
1.975000 	 1.174630
2.025000 	 1.240620
2.075000 	 1.279950
2.125000 	 1.284400
2.175000 	 1.255430
2.225000 	 1.202380
2.275000 	 1.138780
2.325000 	 1.076220
2.375000 	 1.020690
2.425000 	 0.977007
2.475000 	 0.946034
