0.025000 	 0.000000
0.075000 	 0.000000
0.125000 	 0.000000
0.175000 	 0.000000
0.225000 	 0.000000
0.275000 	 0.000000
0.325000 	 0.000000
0.375000 	 0.000000
0.425000 	 0.000000
0.475000 	 0.000000
0.525000 	 0.000000
0.575000 	 0.000000
0.625000 	 0.000000
0.675000 	 0.000000
0.725000 	 0.000000
0.775000 	 0.000000
0.825000 	 0.000000
0.875000 	 0.000001
0.925000 	 0.000496
0.975000 	 0.010326
1.025000 	 0.040908
1.075000 	 0.069030
1.125000 	 0.077239
1.175000 	 0.073053
1.225000 	 0.065760
1.275000 	 0.059832
1.325000 	 0.056160
1.375000 	 0.054951
1.425000 	 0.056547
1.475000 	 0.060715
1.525000 	 0.067893
1.575000 	 0.079278
1.625000 	 0.096078
1.675000 	 0.121024
1.725000 	 0.157249
1.775000 	 0.206892
1.825000 	 0.270556
1.875000 	 0.343191
1.925000 	 0.418580
1.975000 	 0.488658
2.025000 	 0.549693
2.075000 	 0.594468
2.125000 	 0.614518
2.175000 	 0.607983
2.225000 	 0.583086
2.275000 	 0.550349
2.325000 	 0.520484
2.375000 	 0.500138
2.425000 	 0.493016
2.475000 	 0.499681
