0.025000 	 0.000000
0.075000 	 0.000000
0.125000 	 0.000000
0.175000 	 0.000000
0.225000 	 0.000000
0.275000 	 0.000000
0.325000 	 0.000000
0.375000 	 0.000000
0.425000 	 0.000000
0.475000 	 0.000000
0.525000 	 0.000000
0.575000 	 0.000000
0.625000 	 0.000000
0.675000 	 0.000000
0.725000 	 0.000000
0.775000 	 0.000000
0.825000 	 0.000000
0.875000 	 0.000086
0.925000 	 0.047567
0.975000 	 1.184350
1.025000 	 5.690420
1.075000 	 8.891060
1.125000 	 7.210380
1.175000 	 4.493200
1.225000 	 2.744050
1.275000 	 1.880510
1.325000 	 1.579340
1.375000 	 1.608370
1.425000 	 1.771470
1.475000 	 1.875410
1.525000 	 1.857240
1.575000 	 1.817430
1.625000 	 1.883080
1.675000 	 2.170410
1.725000 	 2.738380
1.775000 	 3.268590
1.825000 	 3.366430
1.875000 	 3.185450
1.925000 	 3.057500
1.975000 	 2.918090
2.025000 	 2.638370
2.075000 	 2.303500
2.125000 	 2.044920
2.175000 	 1.922820
2.225000 	 1.946240
2.275000 	 2.005260
2.325000 	 1.968080
2.375000 	 1.875190
2.425000 	 1.823590
2.475000 	 1.851440
