2.700207
0.908506
0.744547
0.479293
0.366271
0.316466
0.330181
0.282537
0.178442
0.272847
0.188657
0.194543
0.193155
0.209683
0.193483
0.205814
0.255879
0.136288
0.167075
0.218785
0.129696
0.144981
0.128164
0.076169
0.147275
0.132382
0.155613
0.132705
0.074128
0.116948
0.160835
0.153717
0.119377
0.157198
0.094936
0.179561
0.158272
0.074284
0.054933
0.068340
0.099999
0.133122
0.079890
0.139890
0.059945
0.038962
0.119761
0.110229
0.041891
0.021435
0.095524
0.038256
0.185163
0.144325
0.106693
0.064613
0.022690
0.083534
0.035756
0.053843
0.065584
0.008626
0.022989
0.021175
0.079664
0.061222
0.054280
0.094051
-0.011952
0.167221
0.129149
0.036741
0.079951
0.058648
0.040899
-0.031797
0.067449
0.060961
0.041479
0.007605
0.033139
-0.057137
0.051416
0.100636
0.092161
0.113867
0.026909
0.040299
0.109224
-0.034045
0.066211
0.076018
-0.022597
0.009770
-0.019389
0.020389
0.129302
0.064572
0.034910
0.072844
-0.006899
0.019601
-0.010274
-0.061863
0.055730
0.035182
-0.035052
0.028099
0.029517
0.089926
0.033567
0.065534
-0.018223
0.083430
0.082195
0.082500
0.068931
0.050618
-0.020112
0.032534
-0.022312
-0.068840
-0.069403
-0.031824
0.013383
0.022874
-0.031479
0.074049
0.075437
0.083461
0.002800
0.041650
0.086052
0.023624
0.015284
0.049903
-0.010810
0.038312
-0.013017
0.004986
-0.000019
0.022050
0.098759
0.147480
0.115353
0.072022
0.126700
0.133098
0.118131
0.085546
0.016866
-0.006893
0.044357
0.022813
0.032843
0.079979
0.043686
0.025915
0.058019
0.017246
0.009822
0.040289
0.092179
0.029233
0.119964
0.107205
0.124925
0.063075
0.069163
0.021406
-0.011986
0.019392
-0.016846
-0.096086
0.007203
-0.020262
0.092449
0.119535
0.137810
0.204963
0.060201
0.094896
0.019085
0.004833
-0.007329
0.075345
0.056154
0.040882
0.118117
0.056090
0.074156
0.110032
0.125361
0.198549
0.031441
0.086404
0.086302
0.058758
0.022888
-0.019041
0.019736
0.040012
0.051726
0.036632
-0.005616
0.005962
-0.004380
0.041754
0.045326
0.058887
-0.018307
-0.031832
0.050359
-0.000197
-0.025916
0.039643
0.083871
0.067429
0.036967
-0.008423
-0.019334
0.019797
-0.005323
0.026268
-0.006665
0.004274
-0.039776
-0.031166
-0.030607
0.045288
0.035417
-0.024681
0.055677
-0.029387
-0.000015
0.056291
-0.013741
0.051641
0.038460
0.020588
-0.026384
-0.009383
0.090882
-0.000591
-0.000716
0.052903
0.077086
0.085580
-0.047075
-0.035797
-0.026824
0.000568
0.059268
0.088317
0.040275
-0.061507
0.040435
-0.072835
0.096076
0.016984
0.025861
-0.008917
0.041344
0.035886
-0.112600
0.000651
0.010485
-0.034851
0.090203
0.057306
-0.087130
-0.008855
0.045698
-0.037363
0.065347
0.011374
-0.034355
0.030850
-0.036090
-0.012209
0.006978
-0.006930
0.023245
-0.010921
-0.024064
-0.036309
-0.012621
-0.023295
0.059646
-0.024941
0.025704
-0.009463
-0.019505
0.008911
0.002704
0.080311
0.099251
-0.003571
0.031606
0.019522
0.125100
0.022901
0.022170
0.022220
-0.035273
0.009123
0.105744
0.098469
0.011204
0.091886
0.072712
-0.052858
0.052365
0.049122
0.029953
0.052829
0.091002
-0.032349
-0.009404
0.039719
0.052371
0.022889
0.086951
0.075232
0.051920
0.037492
-0.051613
0.021443
0.013597
0.053994
0.036091
0.074904
0.040517
-0.041203
0.106488
0.087009
0.060894
0.080687
0.054649
0.016131
0.077215
0.062599
-0.000824
0.028256
0.061667
0.081241
-0.059901
0.013972
0.054191
0.011326
0.047280
0.126826
0.183316
0.145676
0.089302
0.173758
0.053015
0.051438
0.011286
0.011151
0.037180
-0.021237
0.091289
0.084143
0.084257
0.026764
0.000264
0.012589
0.021007
0.043018
0.050827
0.010540
0.002131
0.096876
0.122418
0.019306
-0.007635
-0.044922
-0.044152
-0.033161
-0.070773
-0.044723
-0.003742
0.038353
0.119834
0.099172
0.014918
0.028678
-0.013454
0.005157
0.007065
-0.054930
-0.016171
0.022930
-0.050390
0.017034
-0.055933
0.020572
0.026717
0.104588
0.031509
-0.055092
-0.017429
-0.056803
0.049588
0.026036
0.011358
0.075249
0.046190
0.002670
-0.002781
-0.028589
0.058653
0.071361
0.127746
0.078975
0.090625
0.032741
0.044054
0.046974
0.064613
0.066912
0.034036
-0.015060
0.002090
0.082779
0.092460
0.115189
-0.008316
0.011786
-0.052416
0.019572
-0.016569
0.034214
0.063064
-0.051828
-0.058045
0.018230
0.074528
0.022741
0.026722
0.080938
0.093104
0.069779
0.117480
0.072323
0.126469
0.084674
0.009094
-0.014005
0.053966
-0.010827
0.016723
0.036390
0.003293
0.075188
-0.012345
0.016751
0.037013
-0.009624
0.011114
-0.010495
-0.011626
-0.011257
0.015649
0.053745
-0.032318
-0.010420
0.048370
0.006161
0.063017
0.077807
0.001754
0.152939
0.069215
0.085690
0.039120
-0.059030
0.070150
-0.004471
0.008604
0.004547
0.049997
0.003637
-0.078847
-0.010368
-0.044702
-0.054828
0.044036
-0.006026
-0.016370
-0.007894
0.000187
-0.029708
0.042352
0.086629
0.073178
0.058871
0.012740
0.020028
0.012474
0.098551
0.069171
0.080904
-0.032813
0.002504
0.008740
-0.036291
0.070407
-0.022050
-0.032253
0.014637
0.037729
0.069443
0.041885
0.033671
0.147984
0.054287
0.017936
0.036260
-0.021295
0.109522
0.038535
-0.024807
-0.004012
-0.004970
0.007980
0.081756
-0.022853
0.127142
0.035073
-0.003900
0.010138
0.026008
0.047838
-0.014046
-0.093615
-0.058859
0.031137
0.044327
-0.044635
0.004440
0.008795
0.000545
0.017044
0.020869
0.027580
0.052915
0.007420
-0.057779
-0.079773
-0.067587
-0.002219
0.075482
0.073228
-0.011237
0.021214
-0.005560
-0.029838
-0.038610
0.031678
-0.024855
-0.084390
0.040628
0.009286
0.048453
0.034420
-0.041017
0.041132
-0.033998
-0.056318
0.001068
0.023959
0.049351
0.052243
0.083129
0.100070
0.021305
-0.011729
-0.052196
0.053785
0.009253
0.103459
0.068284
-0.007002
0.048537
0.020145
0.036683
0.066959
0.014577
0.019339
0.113102
0.123067
0.085685
0.064237
0.026372
0.069229
0.060407
-0.000904
-0.012985
0.033391
0.045526
0.061925
0.036809
0.041547
0.046914
-0.000712
0.024156
0.044446
-0.066953
-0.021702
-0.060588
0.007998
-0.015870
-0.040192
-0.041413
0.030789
0.017780
0.027201
0.089606
0.066560
-0.038858
0.009121
0.032614
0.046664
0.018234
0.007725
0.046211
-0.036044
-0.057979
-0.014436
0.027959
-0.016589
-0.039772
0.007893
-0.007794
-0.010644
0.072594
0.065543
0.022429
0.038937
0.013090
0.046821
0.093542
0.080757
0.064070
0.051904
0.079489
-0.015808
-0.019237
0.017182
0.067635
-0.061020
0.046044
0.020332
-0.066322
-0.027860
-0.032670
0.004862
0.002006
-0.003344
-0.080899
0.026038
-0.041191
-0.060128
0.046068
0.045280
0.045733
0.019111
-0.004407
0.056605
0.052149
0.010382
0.066046
-0.010502
0.084189
-0.022267
-0.016766
0.101260
0.019056
0.028704
-0.036338
0.033735
-0.010810
-0.028320
0.056238
0.073002
0.070627
0.073165
0.013209
0.029294
0.039802
0.066018
0.012084
0.033906
0.039843
0.037020
0.019734
-0.037023
-0.002896
-0.021300
-0.026258
0.001254
0.048434
0.033222
0.052776
0.040023
0.006184
0.002539
0.012270
-0.071676
-0.036964
0.032140
0.008880
0.007863
-0.003210
-0.033568
0.067555
0.125780
0.061037
0.072234
0.029812
0.041768
-0.034850
0.046001
-0.007923
0.044309
0.039708
0.008337
0.038146
0.103581
-0.011800
0.005721
0.051476
0.090976
0.069854
0.051269
0.105885
0.030573
-0.008746
0.064130
0.051483
0.041138
-0.044276
0.092262
0.057028
-0.077044
-0.018961
0.045659
-0.067844
0.002932
0.012555
0.013479
0.025177
-0.006369
0.007538
0.048218
-0.030106
0.052267
-0.028915
0.035131
0.043408
0.049393
0.024114
0.068460
0.039264
0.087165
0.070732
0.039912
0.049111
0.011642
0.136075
0.061165
0.085544
0.078209
-0.031607
0.084652
0.135702
0.106971
0.112256
0.026765
0.128317
0.075028
0.018610
-0.053696
-0.046327
-0.002686
-0.018301
-0.048679
-0.009652
0.018090
-0.007147
-0.003109
0.029139
-0.024838
0.054750
-0.032831
0.015531
-0.019812
-0.010335
0.017020
-0.038594
0.062025
0.049149
-0.036893
0.008794
0.044281
0.094429
-0.013830
-0.023478
0.042949
0.008485
0.009461
0.024295
-0.008720
-0.112277
0.042813
-0.044740
0.037840
-0.010026
0.005999
0.031808
0.030011
0.025836
-0.002986
-0.025686
-0.026296
0.073111
0.135857
0.032458
0.039503
0.047978
0.043654
-0.038209
-0.002292
-0.005030
0.033243
0.014528
0.036982
0.096204
0.029473
0.030800
0.044007
-0.010883
-0.045152
-0.011687
0.009266
0.044854
-0.006269
0.037322
0.037967
-0.005545
0.077374
0.053106
0.018156
0.087617
0.069413
0.024405
0.041167
0.008350
0.128737
0.101680
0.075921
0.028317
0.011024
0.025330
-0.011727
0.062826
0.022110
0.010629
0.028423
0.023178
0.102792
0.132440
-0.002500
0.035795
0.033220
-0.011625
0.009328
0.061990
0.008907
-0.006342
0.017049
0.075045
-0.016749
0.076442
0.073933
0.038871
0.041755
-0.018689
0.001077
0.036656
-0.016200
-0.017714
0.028916
0.068739
0.081775
0.029975
0.076346
0.036557
-0.010439
-0.005740
0.032879
0.011914
-0.039370
0.014870
0.030561
-0.062636
0.006624
0.048098
-0.026214
0.013803
-0.024614
0.020084
-0.027618
-0.002349
0.106704
0.022045
-0.047777
0.011399
0.077833
0.096957
0.029361
0.091247
0.059530
-0.017153
0.010132
0.040115
0.099095
-0.016233
-0.135035
-0.071210
-0.055922
0.174141
0.113888
0.047150
0.033107
-0.000171
0.005476
0.001893
0.007781
0.087114
0.046688
-0.014639
-0.000001
-0.088662
-0.050922
-0.025476
-0.058767
-0.042606
0.000457
-0.133835
-0.021444
0.017945
0.024022
0.016545
0.097574
0.088320
0.020326
0.014094
0.026121
0.071829
0.045266
0.015160
0.050249
0.016644
0.151850
0.165980
0.101495
0.051236
0.032038
-0.043029
0.146914
0.119926
-0.005991
0.076427
0.088394
0.065830
0.057511
0.076735
0.047550
0.045276
0.020582
0.065268
0.020681
0.006996
0.018121
-0.055070
-0.060743
-0.037609
-0.022402
-0.089389
-0.000041
0.062520
0.025813
0.058841
0.028463
0.171321
0.101236
-0.037937
0.062811
-0.005183
0.041247
-0.015210
-0.076198
-0.043414
-0.018226
-0.021255
0.058290
0.041593
-0.053087
-0.074662
0.034777
-0.012068
0.057584
0.035792
0.023451
0.091235
-0.074366
-0.099731
0.014528
0.032561
0.051291
0.023198
-0.074283
-0.082980
0.013314
-0.046974
-0.029426
0.063565
0.041901
0.009934
0.053677
0.026176
0.023999
0.037279
-0.029078
0.082815
0.062685
0.099469
0.009954
0.045646
0.141435
0.086762
0.041353
0.083077
0.019589
-0.051279
0.048669
0.010877
-0.067722
0.004011
0.001935
-0.007339
0.039543
-0.050033
0.003548
0.029460
0.012752
0.053655
0.053709
0.045512
-0.038425
-0.091482
-0.092677
0.020219
-0.046960
-0.043035
-0.034255
-0.020875
-0.054544
0.011828
0.051097
0.016774
-0.006406
0.032836
0.039729
0.013438
0.031546
0.071826
0.057188
0.014304
0.045807
0.053306
-0.008968
-0.030018
0.020190
-0.054288
-0.016839
-0.070162
0.008460
0.147310
0.033365
0.050535
0.061017
-0.075876
-0.002849
0.016963
0.019124
-0.007531
-0.066400
0.052982
0.053129
0.015384
0.007397
0.122054
0.108851
-0.017860
0.013769
0.098618
0.064150
0.022268
0.070063
0.123601
0.092237
0.084926
0.002878
0.008811
-0.005088
0.044554
0.036314
0.000310
0.063294
0.012379
-0.021915
0.040363
0.114194
-0.001056
-0.036371
0.022446
0.003748
0.071603
0.071787
-0.004724
-0.053431
-0.049248
-0.048462
0.018147
-0.014149
-0.043552
-0.047706
0.059393
0.025293
-0.031556
0.113989
-0.027373
0.131811
-0.010718
0.005594
0.026942
0.031527
0.032827
-0.020593
0.098386
0.005970
0.051293
0.033991
0.014253
0.131693
0.000536
-0.007643
0.063433
0.024707
-0.039515
0.035337
0.023017
0.062301
0.008121
0.018929
0.063801
-0.016727
0.004459
0.048080
0.105803
0.002729
0.027867
0.015289
0.056556
0.018361
-0.019030
-0.056067
-0.021272
0.040882
-0.014062
0.053771
-0.059320
0.013391
0.009618
-0.121430
-0.069626
0.033184
0.078710
-0.007153
0.043361
0.118776
0.058031
0.112905
-0.007847
0.070824
0.091121
0.005483
-0.038151
0.010586
-0.015156
0.007502
-0.022998
0.043612
0.136594
0.074071
0.021521
-0.058527
0.039358
-0.005815
0.064137
0.039670
-0.050287
-0.043585
-0.039477
-0.068424
0.018628
-0.048849
0.059829
0.051061
0.077396
0.010506
0.003182
0.059775
0.019745
0.053980
0.016360
-0.017094
0.047691
0.011750
-0.028499
0.064872
0.023935
0.053724
0.003607
-0.021972
0.134126
0.036413
0.073142
0.066290
0.075002
0.077719
0.005892
0.095576
0.040642
0.120052
0.113429
0.065719
0.065588
0.009541
0.059975
0.023889
0.019227
0.005236
-0.101563
0.012136
-0.054121
-0.004363
-0.000413
0.001960
-0.010370
0.047322
-0.016821
-0.063357
-0.087651
-0.000849
-0.088508
-0.051266
0.025961
-0.006959
-0.009556
0.067072
0.016896
0.020800
0.066801
0.000075
-0.021766
0.062721
-0.074296
-0.108709
0.067992
-0.016427
-0.033163
0.040328
-0.025674
0.030937
0.018308
0.017823
0.053174
0.014361
-0.003636
-0.026584
0.001241
-0.018580
-0.064748
-0.048714
-0.089198
-0.010612
-0.121457
-0.050936
0.018664
-0.001922
0.024626
-0.000529
-0.012091
-0.012237
-0.034389
0.032934
0.075482
0.056076
0.062295
-0.025438
0.003401
-0.013146
0.014020
0.050068
0.027713
0.010364
0.043041
0.088690
0.076247
0.016623
0.064112
0.021515
0.058766
0.049399
0.014805
0.041016
0.060731
0.127146
0.077068
-0.081294
0.062055
0.027561
-0.032944
0.046722
0.072255
-0.015049
0.010023
0.075429
-0.009041
0.061149
0.048663
0.029643
-0.044379
0.081761
0.108624
-0.028042
-0.072415
0.075897
0.041421
-0.030253
0.004782
0.030105
-0.007546
-0.041282
-0.073152
0.026997
-0.001586
-0.069923
-0.013897
-0.032692
-0.041849
0.001818
-0.008855
-0.075208
0.052343
0.040981
0.076289
0.024115
0.023476
0.078890
0.021163
0.022550
0.049531
0.115579
0.042773
0.024882
-0.004028
-0.039401
0.031443
0.049139
-0.041107
0.031202
0.012910
-0.002494
-0.013613
0.093316
0.025058
-0.004766
0.030489
-0.041090
-0.025167
-0.007889
0.003167
0.020400
0.004462
0.042401
0.066329
-0.024651
0.027195
0.027813
0.039813
0.036531
0.032493
0.033778
0.007042
0.080607
-0.000017
0.035062
0.113655
0.047523
0.005364
-0.029757
-0.046919
-0.056380
0.015690
-0.033013
-0.014970
-0.012133
-0.085971
0.002261
0.081671
0.026106
-0.117656
-0.091157
-0.065064
-0.086161
-0.081418
-0.019341
-0.033918
-0.130437
0.001431
0.053355
-0.051034
-0.012919
-0.026103
0.121927
0.088136
0.009686
-0.090083
-0.096490
-0.001604
-0.144337
-0.132217
-0.013988
-0.047608
0.015781
-0.040443
-0.008001
0.034752
0.028061
-0.050048
-0.039165
0.089232
0.083097
0.039754
0.004421
0.003737
0.016260
-0.016871
0.067384
-0.024319
0.031525
0.034214
0.042764
0.018332
-0.049719
0.039051
0.106298
0.060928
0.034869
0.041071
0.031946
0.105077
0.070339
0.027192
0.070448
-0.046824
0.002377
0.118859
0.054658
0.059801
0.041809
0.021617
0.033952
0.065276
-0.057936
0.068839
0.081808
0.062889
0.068326
0.031241
0.047799
0.024325
-0.002126
-0.000663
-0.031764
0.045450
0.046720
0.045521
0.082958
0.030808
0.016874
0.007863
0.004145
0.088097
0.023895
0.046386
-0.038242
-0.028450
-0.004793
-0.023491
-0.112177
0.012399
0.046753
0.062271
-0.016483
-0.041253
0.093977
0.027355
0.093158
0.092696
-0.082118
0.025498
-0.018734
-0.136400
0.000010
-0.039803
-0.050135
0.031099
0.035655
0.049870
0.090996
0.095242
0.052085
0.059489
0.033232
0.001194
-0.014123
0.105130
0.135582
0.001717
0.020645
0.043439
-0.024997
0.057200
0.073968
0.035067
0.100308
0.019872
0.027923
-0.016784
-0.036662
0.049291
0.059012
-0.002003
-0.031460
0.013041
0.085133
0.026113
-0.049930
0.053110
0.045262
-0.034727
0.051661
-0.026069
0.058226
0.067684
-0.037330
-0.059419
-0.043078
0.005755
0.019946
-0.011258
0.004642
0.060358
0.029982
-0.021631
-0.059559
0.030797
0.016164
-0.030534
0.054126
-0.036314
0.039882
0.088643
-0.078642
-0.030632
0.054467
-0.133865
-0.091315
-0.023815
0.025579
0.110241
0.124499
0.104166
0.014518
0.070735
0.049060
0.044421
0.091590
0.055394
0.053605
0.036958
-0.001521
0.035267
-0.035051
0.010088
0.004828
-0.010452
-0.002944
-0.083615
0.022115
0.012088
0.029661
-0.009617
0.033605
0.056975
0.061732
-0.032984
-0.041515
-0.037247
-0.071343
-0.046211
-0.068900
-0.035651
-0.026876
-0.016394
0.042036
-0.000384
0.008687
0.065021
0.008263
0.003368
0.108248
0.058360
-0.041920
0.033297
-0.027831
-0.026464
0.007227
0.050065
-0.012571
-0.017650
-0.057966
-0.070497
-0.037449
0.007585
0.034762
0.117066
0.074694
-0.031878
0.019670
0.024621
0.018998
0.016275
0.107839
0.066262
0.000485
-0.030463
0.063650
0.043327
0.116937
0.097750
-0.033368
0.004483
0.099833
0.052294
0.024520
0.013294
0.079246
0.048712
0.078581
0.088387
0.025749
0.031180
0.029133
0.094310
0.035256
0.066207
0.105318
0.037929
0.037278
0.046006
0.039629
0.022463
0.090062
-0.030375
-0.058936
-0.004461
-0.033685
0.028597
0.017816
0.031039
-0.035513
0.058159
0.039683
0.068323
0.112111
0.023749
0.059830
0.041584
-0.040461
0.004108
0.011599
-0.064015
-0.036855
0.000933
0.043255
-0.049100
-0.083329
0.078981
0.000947
-0.036439
0.018511
-0.091806
-0.031443
0.016228
-0.049024
-0.002760
0.066734
0.005093
-0.004924
0.071711
-0.018479
-0.110236
-0.052133
0.025688
-0.003296
-0.054470
0.032809
-0.048508
-0.061853
-0.001954
0.011362
0.031774
-0.001781
-0.000414
0.034859
0.047556
0.110629
0.044006
0.088966
0.001605
-0.092834
0.008379
0.002109
0.006408
-0.050535
0.047921
0.148448
0.033188
-0.041934
0.030454
0.002940
-0.091834
0.004493
0.038391
-0.012380
-0.030795
0.046472
0.080617
0.094765
0.158322
0.063415
0.050852
0.093214
0.151501
0.060616
-0.086010
0.016839
0.058978
-0.087662
-0.024620
0.015950
-0.103115
-0.114158
-0.015031
-0.067992
-0.029914
-0.179612
-0.046305
0.068267
-0.040527
0.061049
0.042818
-0.026057
-0.021839
-0.052257
0.041246
0.086734
-0.049010
0.030685
0.062171
-0.061950
-0.008644
0.015603
0.085379
0.082753
-0.089903
-0.063709
-0.005390
-0.033331
0.011755
0.088705
0.011969
0.113190
0.101786
0.069184
0.015490
0.026407
0.072812
0.048204
0.105693
0.108000
-0.039035
0.071019
0.026389
0.047299
0.085744
0.084307
-0.031411
0.028531
0.046694
-0.023815
0.026699
0.040009
0.046611
0.044203
0.021705
-0.046979
0.044470
-0.008282
-0.031438
0.066268
0.006658
0.013095
-0.073214
-0.026990
0.004337
-0.017651
0.006273
0.086247
0.109087
0.024473
0.080040
0.024110
-0.037639
0.078090
0.027249
0.063043
-0.013293
0.039441
0.142244
-0.053071
0.016158
0.033739
-0.063364
0.045603
-0.042379
0.041008
-0.060687
-0.043560
-0.010058
0.041101
-0.014201
0.014431
0.052073
-0.006515
-0.043614
0.067368
0.065721
-0.008199
0.040358
-0.021014
-0.015371
-0.034522
-0.010815
-0.032528
-0.002069
0.010229
-0.035586
0.033967
0.063676
0.072911
0.032906
0.048837
0.072384
0.009084
0.010275
0.055182
-0.003691
0.017037
-0.003723
-0.001482
0.078876
0.118292
-0.002501
-0.019663
0.022175
0.061914
0.035495
0.032806
-0.025978
0.005925
0.041509
0.053024
-0.002084
-0.031150
0.042919
-0.025919
0.049447
0.001314
-0.037015
0.104594
0.099465
0.054114
0.097945
0.099760
0.071217
-0.079127
-0.101992
0.038261
0.060511
0.069946
0.120788
0.051692
0.060884
0.011074
0.037928
0.065130
0.039920
0.064099
0.065471
0.005030
0.077162
-0.003248
0.063985
0.041430
0.065624
0.095774
-0.033843
0.006905
-0.012239
-0.055468
-0.132757
-0.080664
-0.097809
-0.081840
0.080547
-0.045809
0.013047
0.004885
-0.079163
0.017302
-0.077837
-0.029087
-0.008021
0.101013
0.071690
-0.001296
0.026775
-0.007087
-0.037481
0.020338
-0.018205
0.007744
-0.053596
-0.067196
-0.053156
-0.007061
0.003296
-0.020250
0.055414
-0.059197
0.025485
0.053098
0.013822
0.044717
-0.058380
-0.003007
0.077294
0.041861
0.102835
0.082161
0.044571
0.038502
0.069766
0.117219
0.114959
0.035577
0.010336
-0.014038
-0.023500
0.082492
0.011313
-0.028015
0.008226
-0.097656
-0.043187
0.091966
0.070917
-0.029683
0.019586
-0.037355
0.017967
0.034384
-0.016331
0.089228
-0.012827
0.092726
0.013652
-0.136970
0.025535
-0.056958
-0.136985
0.005222
0.029467
0.049807
0.023256
-0.063027
-0.068552
-0.107485
0.040413
-0.010159
0.003336
0.049223
-0.040764
0.052715
-0.005872
0.001572
-0.019610
0.024465
0.012631
0.137206
0.020695
-0.055282
0.004427
0.011550
0.025548
0.069972
0.110828
-0.006922
-0.026315
-0.036103
0.052951
0.113032
0.047593
0.042756
0.064061
0.072871
0.057011
-0.016287
-0.018701
0.013564
0.029787
-0.028061
-0.051998
-0.090343
-0.024701
-0.004296
-0.056127
0.119048
-0.003674
-0.060767
0.047256
-0.014713
0.038120
0.019443
-0.000361
0.064120
0.009363
0.003923
0.050238
0.097761
0.111058
0.093247
0.109614
0.023397
0.037581
0.016002
0.065398
0.032608
0.140638
0.097935
0.140908
0.014034
0.003291
0.004246
0.124458
0.143924
0.059726
0.067581
0.118507
-0.006750
-0.005243
-0.007312
0.012703
-0.010382
0.028848
0.053784
0.012187
-0.009288
-0.017677
0.054425
-0.000640
0.020477
0.058999
0.015728
0.007746
-0.041663
0.038565
-0.071801
0.032489
0.005277
-0.042746
-0.035791
0.016235
-0.050074
-0.025618
0.020699
-0.019847
0.042180
-0.058441
0.010484
0.071252
-0.098108
0.024795
-0.066867
-0.055420
-0.064077
-0.048058
0.064153
0.002858
0.000259
-0.043863
-0.054068
-0.003169
-0.040069
-0.023346
-0.025019
-0.078202
-0.038602
0.049643
0.031883
0.046081
-0.033657
0.002119
0.031937
-0.019070
0.013673
0.044700
0.101135
0.019824
0.036058
0.036840
0.029991
0.008445
0.053636
0.031567
0.035869
-0.009227
-0.005188
-0.051415
-0.031869
0.044886
-0.017531
0.049478
0.009896
-0.028996
0.037847
-0.057949
-0.026425
-0.062906
-0.046054
0.012525
0.017350
0.030114
0.067589
-0.029500
0.000605
0.040536
0.042156
0.055494
0.006723
-0.041107
-0.044977
-0.035785
-0.045431
-0.022184
-0.039088
-0.026688
0.019366
-0.060797
0.038149
0.023723
0.030448
-0.039948
0.024383
0.018621
0.103770
0.022951
0.015895
0.023241
-0.020602
-0.045510
-0.030927
0.042711
-0.002679
-0.039759
0.055862
0.087421
-0.012224
0.064218
-0.048506
-0.029733
0.081482
0.024788
0.093883
0.056740
-0.013296
0.016833
0.107097
0.027343
-0.040960
0.020664
0.042912
0.011019
-0.005661
0.044453
0.103920
0.065985
0.125001
0.049126
0.007457
0.016017
0.020846
0.126098
0.113821
0.003249
0.046598
0.074968
0.087708
-0.008969
0.042372
0.148725
-0.031958
0.053920
0.041899
-0.056409
-0.062632
-0.044486
-0.011798
-0.051616
-0.013978
-0.014160
0.073651
0.086590
0.075675
-0.030052
0.021509
-0.040660
0.061522
0.083081
0.032960
0.055945
-0.003514
-0.016976
0.030293
0.003770
-0.015010
0.059397
0.023438
0.116993
0.065920
0.021632
0.039309
0.049123
-0.008902
0.096077
-0.128833
-0.052974
-0.088981
-0.033295
-0.003352
0.013898
0.000279
0.084997
0.029385
0.005438
0.101977
0.020460
-0.000348
0.084039
0.009341
0.066507
0.058567
0.024495
0.075755
-0.038774
-0.068491
-0.021736
-0.054345
-0.005683
0.035215
-0.050176
-0.040190
-0.037807
0.032815
-0.031548
0.003821
-0.005650
-0.065700
0.129616
0.073881
0.028301
0.152802
0.118325
0.059318
0.108638
0.043014
0.008004
0.005087
-0.046347
-0.036421
-0.070589
-0.069655
-0.056830
0.040454
-0.052157
-0.053437
-0.040280
-0.028435
0.023309
0.013465
0.048663
0.075993
0.004387
-0.101239
-0.017929
0.030394
-0.053550
0.012368
0.007979
0.045655
0.016464
-0.011817
0.076529
0.039035
0.036785
-0.028177
-0.035307
-0.021070
0.033654
0.002578
-0.104471
-0.049215
0.018832
0.026541
0.023135
0.026201
0.025704
-0.076209
-0.012678
-0.000076
0.034255
-0.000456
0.107474
0.037321
-0.015540
0.092680
0.059806
-0.009199
0.051567
0.091078
0.065790
-0.004720
0.014915
0.052017
0.135189
0.121441
0.052006
0.056246
0.008671
-0.079233
0.019769
0.100587
-0.014140
-0.021283
0.012604
-0.031821
-0.052533
0.000112
0.035879
-0.011969
-0.051340
-0.041787
0.025259
0.020130
0.021206
-0.004839
0.066192
0.094977
0.030994
0.046079
-0.028660
0.060598
-0.004374
-0.068192
-0.016206
0.029646
0.059816
0.023492
0.103993
0.051992
0.048077
0.030362
0.074417
0.004049
0.100202
0.088574
0.079846
0.095817
-0.054582
0.033199
0.006722
-0.028246
0.010288
0.041295
0.069045
-0.107078
-0.046018
0.001447
-0.051527
0.061426
0.069094
0.041780
0.038983
0.175834
0.145782
0.004586
0.018531
0.071405
-0.051031
-0.029773
0.075865
0.029232
0.041490
-0.023801
-0.042728
0.060532
0.179561
0.056700
-0.008745
-0.026543
0.025145
-0.030103
0.020412
0.076862
-0.000162
0.074290
-0.016752
-0.036302
-0.038156
0.029347
-0.073733
-0.066188
0.025884
-0.016288
0.031007
-0.011868
0.021346
-0.044240
-0.011953
0.028195
-0.033614
0.014477
-0.001501
-0.061538
0.010709
-0.038443
-0.026187
0.027502
0.021492
0.072073
0.009484
-0.006391
0.035465
-0.094423
-0.042882
-0.033035
-0.044944
0.044961
0.009023
-0.013899
-0.006263
-0.034311
-0.008909
-0.047655
0.045376
-0.026204
-0.034528
0.133387
0.086164
0.022011
0.041841
0.107556
0.015497
0.063341
0.104022
0.045021
-0.032648
0.032128
0.036477
0.010789
0.034574
0.018659
0.064743
0.065212
-0.009479
0.014874
0.016695
0.046042
0.041315
0.078331
-0.036010
-0.050345
0.000233
-0.049984
-0.016455
0.066288
-0.019805
0.013334
-0.003916
0.032214
0.132487
0.082759
-0.026167
0.046984
0.017232
0.035014
0.100174
0.103307
0.027014
-0.041777
-0.092683
-0.070718
0.016722
0.014815
0.005363
-0.035260
-0.058210
-0.028067
0.047369
-0.048447
0.030308
0.012023
0.038717
0.014553
0.071168
0.061493
-0.077233
-0.045152
-0.045448
-0.043795
0.000433
0.027681
0.033214
-0.002839
0.016055
0.092923
0.024297
0.030519
0.007115
0.019620
-0.003049
0.060690
0.117973
0.000256
-0.030386
-0.133843
-0.092650
0.037493
0.014360
-0.027613
0.057755
-0.000707
0.036358
0.081413
-0.002015
0.006608
-0.000637
0.113086
-0.061259
-0.018813
0.017886
0.027915
0.022532
-0.082344
-0.027786
0.045779
-0.029671
0.001982
-0.024827
0.014560
0.029078
0.028652
-0.043812
0.046426
-0.030115
-0.079889
0.029476
0.044273
-0.054512
-0.039580
0.003448
0.019633
-0.071193
-0.002109
0.037822
0.022019
0.064613
-0.041552
0.093591
0.076361
0.024149
0.003135
-0.050395
0.012336
-0.025367
-0.059007
0.034395
0.106007
0.106764
-0.013705
-0.087122
0.023273
0.024912
-0.048865
-0.052597
0.077231
0.022331
-0.011373
0.118106
0.031420
0.075595
0.122159
0.032999
-0.010965
0.046129
0.056171
-0.001914
0.030788
0.078875
-0.062633
-0.041691
-0.024137
-0.026176
0.009916
0.001194
0.008054
0.068015
0.052634
0.037064
0.030195
0.040758
-0.015952
0.078014
-0.057992
-0.078504
-0.013941
0.037199
0.026052
0.042649
0.006084
-0.040536
-0.096834
-0.105523
0.021586
0.042749
0.007077
0.004298
0.085934
0.042938
-0.020817
0.055147
0.035244
0.027032
0.011125
0.004183
0.034529
0.021695
0.047615
-0.008805
0.023187
0.028507
0.017404
-0.061494
0.039389
0.018784
0.055373
0.092569
-0.036553
0.005670
0.058650
0.074361
0.104169
0.123052
0.099432
0.062250
-0.002467
-0.012703
-0.007594
-0.019556
0.071749
-0.041510
0.030046
-0.060123
-0.063941
0.031832
-0.061873
-0.019183
0.107252
0.006046
0.019502
0.038717
0.014457
0.067305
-0.021194
0.001004
0.074753
0.055763
-0.022373
-0.007940
0.039254
0.096549
-0.002665
0.096107
0.046323
0.038825
0.169081
0.051243
-0.052129
0.012860
-0.016245
0.066627
0.065891
-0.015703
0.007586
0.049087
0.027184
-0.035229
-0.022314
0.012822
0.011650
0.043394
-0.001268
0.008227
0.050398
-0.089186
-0.032965
-0.010788
0.005868
0.068427
-0.021949
-0.059094
0.026294
0.008311
-0.010492
-0.027722
-0.108666
-0.095241
-0.044473
-0.055085
-0.069674
-0.025153
0.054829
0.045663
0.057921
-0.075849
-0.021985
0.009598
0.037923
0.039328
0.104581
-0.051982
0.092803
0.126557
-0.063280
0.047272
-0.023097
-0.036617
0.103013
0.054566
-0.042551
-0.004780
-0.000737
-0.031704
-0.013924
0.021791
0.052274
0.060733
-0.007579
-0.047363
0.024182
0.084771
0.009357
0.072187
0.059268
0.013793
-0.010030
0.009771
0.066735
0.044134
0.002868
0.065679
0.047743
0.010595
-0.026821
0.000460
0.000220
-0.031551
-0.008220
0.052131
-0.025342
0.011190
0.058601
-0.029653
0.029168
-0.012144
-0.127864
-0.081107
-0.042814
-0.012019
-0.000244
0.108672
0.024126
0.038701
0.012022
-0.095802
0.023589
-0.079497
-0.068313
0.064360
0.190061
0.166007
0.072424
0.040919
-0.030852
-0.014713
0.042687
-0.015311
0.052834
0.075917
0.047256
0.032972
0.060295
0.034902
-0.032291
0.059005
0.031313
0.063950
0.019731
0.023197
0.008753
0.008023
-0.037606
-0.000127
0.027296
-0.044957
0.070601
0.074300
-0.030461
-0.033043
-0.015916
-0.011485
-0.061069
-0.044666
0.013859
0.006834
-0.088837
0.053137
0.099722
-0.077776
-0.014568
-0.047360
-0.026769
-0.016198
0.069564
0.045559
-0.018858
0.009066
0.032621
-0.042010
-0.104181
0.006213
-0.020121
-0.052135
-0.026763
0.059844
-0.034749
-0.048984
-0.060653
0.039841
0.000286
-0.003689
0.117781
0.033814
0.056192
-0.075976
-0.037047
-0.007272
-0.008100
0.008374
-0.003672
-0.020511
0.055956
0.001594
-0.052349
0.032343
0.005835
0.045225
0.065457
-0.031433
-0.028916
-0.080103
0.014697
0.049945
0.021024
0.041051
0.006002
0.001130
-0.017245
0.059498
0.158457
0.013475
-0.060551
0.062587
0.027951
-0.092967
-0.012605
-0.066044
0.030791
0.028251
0.017811
0.006721
0.068910
-0.072799
-0.035358
0.018441
-0.039602
-0.021353
-0.045862
0.001786
0.005883
0.003731
0.067293
0.015605
0.076739
0.050651
0.127293
0.016250
-0.032604
0.016357
0.017140
-0.093136
-0.036952
-0.014508
-0.026626
0.018002
-0.010877
-0.013610
-0.050396
-0.075027
-0.009353
0.007731
0.044225
-0.029850
0.024596
0.018685
0.040396
-0.033721
-0.075708
-0.090621
-0.066595
-0.042297
-0.010425
0.024068
0.013876
-0.055575
-0.020747
0.014477
-0.060459
-0.022582
-0.023480
0.004119
-0.022127
-0.020099
-0.018772
0.006260
-0.033735
0.095561
0.004350
0.038611
0.015696
0.005290
-0.081962
-0.084917
-0.001505
-0.031702
0.030954
0.075964
0.020578
0.057183
0.001853
0.021135
0.050692
-0.004037
0.017283
0.015850
0.026433
0.106980
0.138908
-0.043291
0.037871
0.075562
0.005811
-0.023254
-0.038597
0.054120
0.061092
0.115204
0.048445
0.088159
0.041350
0.076175
0.054069
-0.088038
-0.028293
-0.005483
-0.022183
-0.038785
-0.048295
0.017400
0.024154
-0.041807
-0.100019
-0.054925
-0.050885
0.027967
0.011737
-0.049893
-0.027061
0.003799
-0.047049
-0.016327
-0.093029
-0.067974
-0.020321
0.003454
0.144805
0.029098
0.016414
-0.064715
-0.022718
-0.019697
-0.007136
0.010406
-0.005401
0.058047
0.024641
0.061454
0.024298
0.079402
-0.000808
-0.010780
0.052865
0.017148
0.006357
0.089692
0.124243
-0.019636
0.053080
0.099054
0.044928
-0.030054
-0.025698
-0.024343
-0.116060
-0.023411
-0.028253
-0.059744
0.023522
-0.108965
-0.088369
-0.007996
-0.078791
-0.052477
-0.025366
0.082272
0.032830
0.020406
0.022587
-0.057896
-0.018717
0.034762
-0.132049
-0.069858
0.035777
-0.046570
-0.003377
0.032282
0.043397
-0.048739
-0.008776
0.029441
0.007814
0.052572
0.025206
-0.000927
0.017091
-0.067360
-0.079875
0.000474
0.068204
0.053807
-0.016925
0.036154
-0.045587
0.004689
0.018618
-0.023016
0.018822
-0.018207
-0.102651
0.004475
0.053728
-0.012585
-0.107618
-0.020871
-0.047050
0.036190
0.062123
0.067530
0.026135
0.035544
0.011513
-0.059615
0.050455
-0.032279
-0.035286
0.013853
0.059749
-0.000835
0.001415
0.003488
-0.045868
0.087578
0.001474
0.001860
-0.047103
0.032162
-0.015706
0.003756
0.082400
0.041628
-0.014094
0.035611
-0.000713
0.033159
0.039921
-0.024254
0.069060
-0.022138
0.079358
0.140944
-0.027226
0.054134
0.038158
0.061120
0.056486
0.007802
0.068867
-0.006611
-0.006725
0.080345
0.019710
0.005459
0.070045
-0.005425
-0.078891
0.037162
0.061533
0.036474
0.014227
0.004465
-0.021967
0.044300
0.057148
0.000210
0.052122
0.042641
-0.026971
0.033855
-0.026940
0.056298
0.052904
-0.016205
0.050817
-0.042597
-0.092698
-0.014622
-0.033703
0.021207
-0.021359
0.076859
0.001084
0.005633
0.039126
-0.081832
-0.075011
0.023322
-0.022141
-0.031021
0.067900
0.026070
0.063511
0.099525
0.005472
0.087672
0.087837
0.062622
0.039050
0.058435
0.063583
0.038632
0.009564
-0.049190
0.055107
0.029996
-0.014445
-0.035375
0.025138
0.009224
-0.036438
-0.026821
0.060058
-0.032240
0.054836
-0.019833
-0.016076
0.034477
0.014545
-0.020480
0.052757
-0.021725
-0.064117
-0.080294
-0.042397
-0.054150
-0.005732
-0.023761
0.019034
-0.015045
0.057183
0.076408
0.027465
0.048055
-0.065497
-0.083139
-0.016510
-0.060868
0.004457
-0.018140
0.073188
0.032523
0.099235
0.045643
0.005321
0.045752
-0.021621
-0.006132
0.036163
0.080672
0.070604
0.074087
0.014795
0.092540
-0.016987
-0.049190
0.067956
0.004839
-0.001963
0.022643
-0.023809
-0.034534
-0.061022
-0.050470
-0.039516
0.031619
0.057500
0.021229
-0.002235
0.027674
0.084260
0.047935
0.023055
-0.033682
0.062362
0.043508
-0.012738
0.033247
0.037785
0.001646
0.055185
0.016587
-0.104000
0.043181
-0.017348
-0.109484
-0.028368
0.028428
0.074197
-0.040282
-0.056493
0.060145
0.043253
-0.031497
-0.071581
-0.089882
0.028428
0.048742
-0.058347
0.130851
0.076408
0.053327
0.028959
-0.014103
-0.022629
0.072206
0.020084
0.038656
-0.050997
-0.047793
-0.017979
-0.015100
0.058892
-0.047001
-0.052930
0.033650
-0.010834
-0.026144
0.002797
-0.008237
-0.008968
-0.034011
-0.014481
-0.001495
0.058598
0.004402
0.056137
0.027778
0.056646
-0.007632
-0.052807
-0.087326
0.035309
0.061149
0.002827
0.006050
0.006444
0.036575
-0.058740
0.017641
0.004060
-0.019121
0.029750
-0.041772
0.056128
0.042058
0.078860
0.047061
-0.008409
0.075424
-0.010550
-0.066460
-0.063772
-0.017342
0.060883
0.114914
0.015249
0.028535
0.001664
0.068777
-0.054874
0.079493
0.064731
0.020153
0.130554
-0.001303
0.029912
-0.000587
0.028452
0.038730
0.010738
-0.004917
0.002411
-0.069712
-0.049525
0.045149
-0.006627
-0.012387
-0.025065
0.059681
0.004935
0.072400
0.029564
0.023345
0.028881
0.029843
-0.043212
-0.131639
0.032687
-0.007942
-0.084884
0.049428
-0.043953
-0.021786
-0.064876
-0.075142
-0.009913
-0.001919
0.026990
0.038007
0.070078
0.027184
0.010035
0.036151
0.028478
0.071873
0.036462
-0.009754
0.044128
0.001071
0.004905
-0.010776
-0.079732
-0.012561
0.108865
0.076728
0.012381
-0.028510
0.110312
0.134089
0.013812
0.004994
-0.034452
0.001607
-0.015211
-0.003138
0.009250
-0.013780
-0.005463
-0.025493
0.044981
0.076846
0.030937
-0.036756
-0.001390
-0.004129
0.054998
0.014486
0.111025
0.182679
-0.057708
-0.025751
-0.023808
-0.005454
0.035636
0.084993
0.029685
-0.013513
-0.006008
0.025908
0.053160
0.060642
0.074712
0.003027
0.018087
-0.018008
-0.035781
0.051868
-0.025617
0.074629
0.027471
0.012124
0.026619
-0.010580
-0.011869
-0.034532
0.008719
-0.012782
0.034259
-0.001086
0.022352
0.019974
-0.080123
0.043382
-0.006547
-0.015881
-0.017452
-0.073303
0.042125
0.012081
-0.039263
-0.021533
-0.007928
0.034001
-0.030029
0.049672
0.082528
-0.015955
0.014370
-0.008831
-0.033122
-0.105098
-0.103466
0.000745
0.009297
0.104662
0.049722
0.015783
0.123867
0.007315
-0.027273
-0.144564
0.035384
-0.001177
0.076533
0.061297
-0.017960
0.060928
0.001037
0.031089
0.078673
0.038219
0.047408
0.053335
0.048984
0.067040
0.053690
0.042936
0.074369
-0.028297
-0.005141
0.010214
0.029389
-0.013916
0.052658
-0.006259
0.065151
0.084176
-0.003408
0.051046
-0.028152
-0.020777
0.000627
-0.062621
-0.018849
0.014644
0.043471
0.078011
-0.002875
0.006190
0.103953
0.050372
-0.022664
-0.064525
-0.027941
-0.025377
0.011991
0.009517
0.051765
0.118471
0.028962
0.020203
-0.034422
-0.022388
-0.072575
-0.009316
-0.030482
0.020132
0.112083
0.131274
0.087380
0.052321
0.085101
-0.006475
0.011566
0.070912
-0.005583
0.006317
0.014013
0.075978
0.030813
0.097419
0.114206
0.019502
-0.002625
-0.012957
0.084907
-0.012835
0.055351
0.069550
0.052491
0.086265
-0.013510
0.004669
-0.014267
-0.039943
0.080261
0.022948
0.027058
-0.004224
-0.010127
-0.000712
0.029500
0.053799
0.106975
-0.010816
-0.013001
0.017763
-0.005058
0.029960
0.076296
0.149463
0.066098
0.026697
0.072292
-0.089545
-0.048259
-0.038539
-0.095622
-0.075180
-0.001502
0.055930
-0.007878
0.153643
0.140759
0.007575
0.067235
0.060812
0.114326
0.014008
0.003460
0.073920
0.041381
0.034210
0.042381
0.069714
-0.029522
-0.070402
0.025940
0.048617
0.082244
0.031788
0.071239
-0.051316
-0.048218
-0.025647
-0.007517
-0.004031
0.028517
0.057099
0.031787
-0.015843
0.052352
0.043236
0.010471
-0.070972
-0.019652
-0.053796
-0.031756
-0.015805
0.066091
-0.014401
-0.003136
0.012842
0.003476
-0.002599
0.083501
-0.022081
-0.078626
-0.008351
0.004691
0.080252
0.080835
0.029031
0.052165
0.094085
0.008907
0.070009
-0.070831
0.003517
0.052000
-0.030094
0.035888
-0.016758
0.068869
0.016936
0.071061
0.046559
0.027264
0.052940
0.083353
0.000988
0.022023
0.046552
0.072840
0.060817
0.005700
-0.048237
-0.037811
-0.018515
-0.013124
0.057349
0.039292
-0.026887
0.058308
0.040914
0.037701
0.059098
-0.004345
-0.012393
-0.006820
-0.032139
-0.128795
-0.084381
-0.075832
-0.013484
0.031952
0.022067
0.002119
0.016867
0.050525
0.026945
0.049890
0.025436
0.062017
0.094528
-0.034531
-0.029029
-0.055939
0.054567
-0.018046
0.039881
0.085834
0.026344
0.007248
0.118649
-0.006505
0.061625
0.140569
-0.063404
0.044301
0.041654
-0.051517
-0.049345
0.016332
0.005170
0.061145
-0.043569
0.001979
0.042872
-0.004960
-0.034122
-0.031168
-0.016713
0.051425
0.000400
-0.114521
-0.001731
-0.070703
-0.065682
-0.001784
0.055477
0.036610
-0.013650
-0.134627
-0.020693
-0.042283
0.077489
0.028038
-0.011133
-0.000360
0.008237
0.019400
0.018942
-0.005607
0.062480
0.077410
0.081662
0.078453
0.124029
0.045110
0.034033
0.011859
-0.051817
-0.091323
-0.016549
0.044794
0.011989
-0.033398
-0.009798
-0.015112
0.046308
-0.007180
-0.036986
0.081217
0.040533
0.052590
0.087832
0.068789
-0.028626
-0.007955
0.011213
-0.035744
-0.064498
-0.076149
0.032221
0.006355
0.025800
0.018974
0.075082
0.008874
0.035527
0.112871
0.016747
0.037196
0.036445
0.079753
-0.046834
0.004892
0.038263
0.052841
0.028903
0.080047
0.038864
0.012005
0.032742
0.013967
0.026141
-0.037147
0.072599
-0.024744
-0.015694
0.075837
-0.048908
0.010995
0.005965
0.014962
0.013258
0.007233
-0.064437
0.065088
0.046018
0.012570
0.019904
0.021762
-0.044551
0.041799
-0.027596
0.010622
-0.097119
-0.117551
0.014357
-0.143786
-0.051540
0.000106
0.014500
0.006947
0.007763
-0.024689
-0.058851
0.043015
-0.035389
0.033448
0.143813
0.012240
-0.010193
-0.040506
-0.007793
0.024158
-0.022032
0.011766
0.011048
-0.014248
-0.050808
-0.063294
-0.001421
-0.035444
0.032948
-0.018239
-0.005966
0.045977
-0.033723
0.022559
-0.036525
-0.027668
-0.061892
-0.052891
-0.002718
-0.002620
-0.007732
0.037740
-0.049003
0.029431
0.033230
0.019066
0.057120
0.004233
-0.007192
0.006327
-0.085397
0.025961
0.061442
0.029323
0.038344
0.035254
-0.055462
-0.031321
-0.046650
0.018963
0.069508
-0.048134
-0.035029
0.024540
-0.014062
-0.011809
-0.057496
0.029113
0.040594
0.099886
0.082789
0.002533
0.051646
-0.030318
0.020039
0.020389
-0.023687
-0.053178
-0.053380
-0.016700
0.042850
0.021815
0.028028
0.009709
-0.016921
0.043513
0.007471
0.057171
0.105691
0.079181
-0.012205
-0.053272
0.026820
0.005735
-0.052159
0.051429
0.040356
0.110951
0.052862
-0.002719
0.063844
0.008506
-0.079977
-0.003214
-0.107327
-0.178014
-0.013766
-0.005520
-0.117212
0.010273
0.015826
-0.037854
0.002569
-0.030361
-0.001337
0.016310
0.116093
0.036711
0.056528
0.038476
-0.018983
0.005896
-0.012768
-0.087149
-0.023613
0.000647
0.075553
0.057725
-0.019757
0.030994
-0.022254
-0.042106
-0.025172
-0.026382
-0.060565
-0.043129
-0.024518
-0.028086
0.027696
-0.077340
-0.045719
0.042374
-0.031281
-0.063092
-0.030472
0.012661
-0.082685
0.019017
-0.005101
0.044114
0.083553
-0.019245
-0.027156
0.004706
-0.050171
-0.072589
-0.096322
-0.006823
0.082080
-0.027932
-0.031897
0.010164
-0.033074
-0.006571
0.013104
-0.037988
0.000849
-0.026432
0.029334
-0.032586
-0.089741
0.051987
0.052705
0.088632
0.063998
0.081938
0.011270
-0.003257
0.020963
0.052226
-0.040256
-0.017818
0.018622
-0.012972
0.132931
0.067463
0.070385
0.073206
0.006529
-0.046760
0.040367
0.007104
0.008908
0.043393
0.089558
0.076463
0.043501
-0.015376
-0.004253
-0.018649
-0.100064
-0.099164
-0.050957
-0.072021
0.079747
0.074757
0.034219
-0.001506
-0.097682
0.023758
-0.037793
-0.069842
-0.007250
-0.052540
-0.000411
-0.041086
-0.039615
-0.000931
0.016058
0.097621
0.005812
0.071826
0.003161
0.046885
0.008273
0.030671
-0.022209
-0.045811
-0.114607
-0.031950
0.039672
0.061695
0.064911
-0.071829
-0.031377
0.060226
-0.046761
0.062675
0.121292
0.022916
-0.031636
0.047972
0.036526
-0.030557
0.001404
0.100523
0.102799
0.006022
0.062905
0.001071
-0.059593
0.010267
-0.016779
0.023745
0.134983
0.068585
0.072462
0.065452
0.092221
0.008118
0.003079
-0.038231
0.050073
0.039657
-0.109141
-0.059227
-0.000002
-0.015997
-0.080945
0.032321
-0.009427
0.043550
-0.035053
-0.058146
0.064816
0.040628
0.019562
0.013386
-0.016961
-0.000678
0.004866
0.033843
0.067389
-0.030540
0.021614
-0.048141
-0.033979
0.065014
0.040369
0.012876
0.024372
0.099221
0.099884
0.137484
0.058001
-0.006362
-0.012508
-0.009654
0.010962
-0.061972
0.050281
0.075999
0.103749
0.106927
0.095348
0.079775
0.142449
0.035733
0.115839
0.104975
-0.065370
0.011691
0.060567
-0.053454
0.025028
0.024919
-0.092805
0.033070
-0.043311
0.062109
0.109541
0.012743
0.035055
0.110158
0.072676
-0.033141
-0.010484
-0.006673
-0.008761
-0.025215
0.016222
0.067880
0.053848
0.069413
0.128120
0.013191
-0.070063
0.071361
0.062418
-0.003797
0.029189
0.070328
-0.058597
-0.071573
0.095927
0.064132
0.018526
-0.014026
-0.062762
-0.044727
0.081290
0.032601
-0.012697
-0.015359
0.022901
-0.012988
0.025883
0.030159
-0.112480
0.062248
0.053809
-0.008514
0.025047
0.017204
-0.044955
0.031858
-0.035471
-0.022744
-0.027943
-0.021982
-0.042853
0.009356
-0.030222
-0.008477
0.006331
0.058941
0.045715
0.003331
-0.041092
-0.036858
-0.012693
0.014912
-0.007767
0.068252
-0.009773
0.122179
0.070349
-0.039166
-0.081239
-0.030540
-0.048575
-0.039905
-0.035606
-0.072943
0.038324
0.013701
-0.014571
0.082134
-0.018320
0.022282
-0.009695
0.054185
0.029961
0.032157
0.019773
0.001422
-0.045097
0.029471
-0.031788
-0.004364
0.029348
-0.076810
-0.052392
-0.011598
-0.107367
-0.044204
-0.092169
-0.013244
-0.031417
0.000681
0.005403
0.091325
-0.035092
-0.033876
0.090279
0.027595
0.031155
0.018247
-0.047647
0.061645
0.045960
0.051329
0.032916
-0.051289
0.051059
0.082665
-0.015724
0.145208
0.019501
-0.036679
0.075018
-0.010704
0.092758
0.072843
-0.026283
0.002675
0.052115
0.012543
0.036599
0.060348
0.008109
0.030520
0.002377
0.103874
-0.019243
-0.068598
0.010499
-0.013337
0.009247
0.027447
0.051665
0.065693
0.027881
0.009877
-0.048664
-0.008399
-0.014429
0.124617
-0.026624
0.069192
0.110121
0.049333
0.051522
-0.055793
0.087573
-0.024859
-0.028301
0.019733
-0.036242
0.033484
-0.003430
-0.041115
0.030147
0.008843
0.010060
0.142717
-0.008336
0.068232
0.030063
-0.058863
-0.000859
-0.067586
-0.006047
0.035504
0.045605
-0.009372
0.008659
0.061907
0.017029
0.081126
0.074903
0.046609
0.056388
0.041738
0.036289
0.046873
0.043421
0.075615
0.085934
0.095906
0.052174
0.037197
0.071458
-0.049888
0.036433
0.064421
0.035913
0.097037
-0.057310
0.108987
-0.000055
0.030722
0.043449
0.067698
0.084726
0.043691
-0.037695
0.000099
-0.012484
-0.048991
0.078585
0.121995
-0.018179
0.080367
0.057758
-0.018444
-0.024967
0.023273
0.085817
0.011663
0.050268
0.078133
0.011967
-0.004644
0.085143
0.039660
0.125304
0.066323
-0.022068
-0.002080
-0.050623
0.039312
0.083414
0.040879
0.004674
0.011168
0.079926
-0.016547
0.001419
-0.027210
-0.074181
0.025107
0.045463
0.147068
0.041956
0.024299
0.069658
0.046423
0.130780
0.050137
-0.066118
-0.077136
0.064090
0.007438
0.069074
0.103205
-0.014795
0.027929
-0.035868
0.018135
-0.015656
0.029447
0.171909
0.053999
-0.013051
-0.011281
-0.029931
0.034128
0.049996
0.054512
0.045656
0.000080
0.013351
-0.002279
-0.019626
-0.003639
0.031665
-0.056046
0.010200
-0.040349
-0.034479
0.131631
-0.008055
-0.055483
-0.057765
0.016936
0.042823
-0.000153
0.072179
0.048303
0.043748
0.097458
0.059205
0.037689
0.031828
-0.047783
-0.059402
-0.064273
-0.087707
-0.067884
0.069314
0.003503
-0.025561
0.005771
0.029092
0.008586
-0.083162
-0.056426
0.106225
0.036265
0.020877
-0.012282
0.009435
-0.002792
-0.005888
0.030647
-0.034924
-0.031932
-0.009696
0.132997
0.017097
-0.032631
-0.003353
-0.043475
-0.033515
-0.082089
-0.086743
-0.035415
-0.067062
0.050889
0.081150
0.037094
-0.067528
-0.005524
-0.000178
-0.092994
-0.057452
-0.083285
-0.059145
0.041167
0.056921
-0.030666
-0.001091
-0.013302
-0.008164
0.041839
0.092662
0.024172
-0.035412
-0.046295
-0.054227
-0.101852
-0.035627
-0.018569
-0.031270
0.008348
-0.099813
-0.016185
0.015380
0.048098
-0.075629
-0.044789
0.004632
-0.042954
-0.005625
0.075669
0.042414
0.049649
0.026093
0.020431
0.002425
0.030736
0.025107
-0.021419
0.132982
-0.033014
-0.038365
0.121474
0.092872
0.083875
0.034075
-0.007266
0.037354
-0.021606
0.018802
0.010600
0.079666
0.028303
0.042020
0.021557
0.020234
-0.020871
0.019799
0.109629
0.018917
-0.009201
0.034424
-0.020248
-0.012369
0.072343
0.023832
0.023908
-0.006689
0.017442
0.069679
-0.040945
-0.102527
-0.072686
0.009576
0.015386
0.028899
0.006518
0.068317
0.056000
-0.039238
-0.071010
0.031638
0.013061
-0.031682
0.048786
-0.008923
0.064368
0.036773
0.106952
0.057897
0.026292
0.018230
0.014856
0.077237
0.050544
-0.061636
-0.034417
0.009955
-0.064347
0.011687
-0.043590
-0.016639
0.000653
0.030742
-0.042138
0.022125
0.006933
-0.045710
-0.044891
0.048403
0.153044
0.066725
0.012581
-0.017922
0.035335
0.065303
0.028118
0.096843
-0.062421
0.007845
-0.039259
-0.046124
-0.012787
-0.076399
-0.000199
-0.007393
-0.008148
-0.062446
-0.084193
-0.011624
0.023588
-0.087953
-0.010808
0.017918
-0.000686
0.030421
-0.022661
0.069682
-0.048360
0.068106
0.054216
-0.002138
0.072975
0.091935
0.128035
0.014172
-0.021735
0.037507
-0.009494
0.041778
0.067288
-0.024826
0.010543
0.039262
-0.036841
-0.044175
0.004580
0.040525
-0.061659
0.010082
0.001659
0.002627
0.032503
-0.023589
0.060582
0.026041
0.072623
0.012702
-0.002760
0.019082
-0.075998
0.051862
0.031974
-0.057104
-0.040806
0.005219
-0.060493
-0.124602
-0.075918
-0.059112
-0.066055
-0.054290
-0.104747
-0.004842
0.018707
0.039746
-0.041339
-0.007107
0.093941
-0.007930
0.088196
-0.022053
-0.073504
0.006389
0.045325
0.015608
0.024197
-0.041621
-0.072937
0.017731
0.063630
0.063755
0.012712
0.030986
0.107808
0.077459
0.073511
-0.009905
-0.044395
0.025007
0.034626
0.006895
-0.066825
-0.004581
-0.017748
-0.119998
0.012255
0.042044
-0.038334
-0.022000
-0.031226
0.047337
0.017934
0.026582
0.012657
0.024464
0.042895
0.002618
0.134583
0.057163
0.128990
0.177536
0.030087
0.067607
0.074902
0.106137
-0.029184
0.029005
-0.053121
-0.030463
0.020677
-0.024546
0.005861
-0.033756
-0.119957
-0.020049
-0.138540
-0.074585
-0.016869
-0.019926
0.019767
-0.102613
-0.000369
0.019279
0.001126
0.032098
0.010871
0.041736
0.033371
0.016359
0.001442
-0.040428
-0.008502
-0.039291
0.027664
-0.077378
0.040052
0.096334
0.016643
0.026544
0.061554
0.042615
-0.036631
0.030681
0.013387
-0.014936
-0.020029
0.064600
0.021684
0.019871
-0.060512
0.011899
0.075276
0.005963
-0.064410
0.017906
-0.057026
0.006946
0.051463
0.051640
0.098080
0.047519
-0.058913
-0.035720
0.009318
-0.052971
0.018506
0.102453
0.080641
0.053984
0.023291
0.049699
0.033395
0.000039
-0.006051
0.026678
0.149216
0.071817
-0.011720
0.022508
0.017583
-0.056396
0.031078
0.015179
0.043237
0.061685
0.018765
0.035854
-0.029079
0.042561
-0.032015
-0.022740
-0.057080
-0.076109
-0.080256
-0.003817
-0.052019
0.017481
-0.022334
0.124064
0.084583
0.000225
-0.050796
-0.061860
-0.016133
0.005129
-0.005494
0.043624
0.046048
0.005087
0.046676
0.025997
0.054877
0.064185
0.032435
0.058984
0.024133
-0.093282
-0.088821
-0.048141
-0.071066
0.052992
0.077263
-0.050330
-0.000217
-0.100284
-0.034173
-0.069152
-0.001986
0.047464
-0.028660
-0.067397
-0.026711
0.070901
0.064447
-0.028281
-0.008815
-0.115818
-0.042411
0.027225
-0.004684
-0.098822
-0.029888
-0.040560
-0.003291
0.026718
0.076647
0.078492
-0.011196
0.095738
-0.041408
0.014463
0.019519
-0.124799
-0.103752
-0.015485
0.111285
0.018474
0.082979
0.072330
0.103950
0.061182
-0.054170
0.112124
0.066295
-0.075232
0.068694
0.013530
0.021194
-0.016881
0.003991
-0.075576
-0.034373
0.048802
-0.035054
0.000471
-0.007408
0.008290
-0.038261
0.001839
0.044259
0.005729
0.079205
0.024476
-0.033109
-0.082103
-0.034907
0.030270
-0.051758
-0.019105
0.054282
-0.041923
-0.040087
-0.007234
-0.086186
0.055169
0.042067
-0.025994
0.089545
0.067679
0.065175
-0.023679
0.031444
0.073689
0.043135
0.110282
0.083743
-0.010025
-0.018024
0.072291
-0.013732
-0.064027
0.033480
0.039728
0.021067
-0.026485
0.017405
-0.026773
-0.007097
0.013420
0.004047
0.067571
-0.042094
-0.007131
0.029240
0.072947
0.137800
0.158361
0.071851
0.025973
0.016575
0.008605
0.002278
0.012188
0.039427
0.037836
-0.048075
-0.004957
0.017717
-0.040268
0.039347
0.077244
0.057817
0.109743
0.057933
0.034689
0.110236
0.175072
0.085226
0.021019
0.055123
0.058889
-0.027121
0.005148
0.037762
-0.084192
-0.031405
-0.012740
0.001730
0.036395
0.149051
-0.034197
-0.071128
0.115415
0.006003
-0.024299
-0.014494
-0.024285
0.025316
0.010410
-0.055929
-0.076320
-0.005981
-0.004340
0.103089
0.068898
0.004034
-0.026691
-0.058792
0.011292
-0.038391
-0.007713
0.027534
-0.015296
0.013381
0.033665
-0.015282
0.117526
0.112866
0.100355
0.091093
-0.018736
-0.051670
0.024103
-0.010042
-0.050469
0.027005
0.024131
-0.025576
0.008947
0.001006
0.015528
0.023574
0.019646
-0.008453
-0.003291
0.003860
-0.003844
-0.027965
-0.060805
-0.044181
-0.054879
0.046095
0.052466
-0.054466
0.042531
0.051403
0.052074
-0.024450
-0.087619
-0.005096
0.014365
-0.018164
-0.016127
-0.017183
-0.070621
-0.000509
0.014612
0.037924
0.089219
-0.060173
-0.024249
-0.074032
0.019080
0.023336
-0.051397
-0.036046
0.058306
-0.015490
0.010727
-0.039966
-0.003706
0.113497
-0.033611
-0.022777
-0.017368
-0.125308
0.040096
-0.037955
-0.029028
-0.029660
0.008216
0.022691
0.105896
0.090069
-0.031439
-0.007344
-0.067914
-0.063617
-0.137287
-0.050606
0.019802
0.031326
-0.034210
0.045989
0.034751
0.080113
0.026512
0.033910
0.053656
-0.066559
0.004126
0.077971
0.080306
0.025249
0.075895
-0.026508
0.016475
0.100869
0.077462
-0.013239
-0.043512
0.019568
-0.025386
0.040376
0.004026
0.003357
0.074843
-0.003596
0.043838
0.152014
0.108060
0.007665
0.031174
0.060404
-0.004099
-0.000076
-0.045038
0.000923
0.046703
0.020184
0.143879
0.076957
0.015056
0.042943
0.057090
0.044858
-0.054501
0.039512
0.105247
0.059965
0.041233
0.005017
0.030698
0.107781
0.074784
0.043513
-0.043570
-0.030444
0.036367
-0.083565
-0.063176
0.050631
0.026990
0.041989
-0.019454
-0.131454
0.039749
0.071533
0.032413
0.004574
-0.065594
-0.051654
-0.029212
-0.041375
-0.083058
0.071961
0.033036
0.029388
0.038977
-0.053551
0.072029
0.070444
-0.006210
0.072177
0.087624
-0.057268
-0.031464
0.000348
0.035334
-0.018975
-0.003931
0.018923
-0.042053
0.052326
0.022171
0.105832
0.039922
0.063542
0.023245
-0.024629
0.031313
-0.016741
-0.109484
-0.057931
0.012594
0.007362
-0.010457
0.011582
-0.010386
0.016170
0.048018
-0.051600
-0.008572
0.003894
-0.028740
0.090221
0.140398
0.006041
-0.025787
0.001754
0.036512
-0.040446
-0.015256
-0.091121
-0.118788
-0.051414
-0.114564
0.026673
-0.029319
-0.041712
0.055041
0.110688
0.013797
-0.033104
0.056533
0.143769
0.004588
-0.028772
0.040446
-0.029315
-0.054843
0.027410
0.003651
-0.000664
-0.015001
-0.044466
0.064076
-0.050475
-0.069307
-0.019774
-0.096246
-0.006067
0.045266
-0.026209
0.030783
-0.047705
-0.013254
-0.012138
-0.039738
0.052818
0.047800
0.089267
-0.001203
-0.041379
-0.065851
-0.107601
-0.126526
-0.075039
-0.031547
-0.000638
-0.008123
-0.021309
-0.052271
0.035290
0.043166
-0.029090
-0.074547
-0.002692
0.046059
-0.058665
-0.024756
0.083900
-0.038605
0.081482
0.060284
0.012239
-0.031681
-0.011411
-0.054098
-0.059866
-0.058408
0.066411
0.021523
-0.045072
-0.024422
0.031220
-0.014966
-0.046783
0.000000
0.001971
0.077665
0.062536
0.028856
-0.003012
-0.067982
0.030571
-0.059649
-0.001520
-0.005820
-0.038606
0.108215
0.069992
0.063086
0.088705
-0.025533
0.022145
0.031422
0.039811
-0.011118
0.095454
0.031714
0.019601
0.067074
0.014821
-0.031580
0.038590
-0.014048
-0.071089
0.044355
0.036997
0.040004
0.049398
0.007114
0.015991
-0.052145
0.046329
-0.039347
-0.030781
-0.001536
-0.028839
0.079933
0.055803
0.101067
0.092079
0.090944
0.075725
0.027735
0.010892
0.038271
0.091597
0.084426
0.036754
0.146607
0.113430
0.071656
0.154258
0.005950
0.093254
0.110901
0.072923
0.051508
0.034291
0.039194
0.097127
0.107251
0.060487
0.064686
0.124813
-0.006825
0.079704
0.120219
-0.011887
0.028792
0.125871
0.102633
0.103629
-0.031045
0.087068
0.098499
0.013776
0.103942
0.075567
0.011120
-0.046148
-0.038116
0.054451
0.016263
0.105825
0.088506
-0.024160
-0.064233
-0.051022
-0.029773
0.001355
-0.035882
-0.023035
0.013822
-0.000573
-0.094184
0.044701
0.109086
0.144915
-0.020463
0.121361
0.078683
0.021836
0.011116
0.004293
0.021530
-0.016421
0.008178
0.015896
0.022704
-0.003091
-0.026761
-0.067460
-0.001549
-0.107981
0.018556
-0.033614
0.064546
0.030652
-0.021650
-0.013865
-0.049125
0.017739
0.021541
-0.059597
0.071185
-0.007274
0.010281
0.037762
0.004334
0.065878
0.012622
-0.083845
-0.058103
-0.011222
0.017873
0.129847
0.147208
0.120578
0.042851
0.030873
0.074077
-0.017733
-0.063230
-0.073319
-0.066969
-0.039942
-0.060405
-0.053624
0.038609
-0.032560
0.085207
0.018979
-0.099832
-0.009366
0.103211
-0.060119
-0.070733
-0.007964
0.005386
0.054976
0.044149
0.051124
-0.015275
-0.006069
-0.050036
-0.033620
0.004379
-0.047525
-0.013202
-0.040557
-0.031688
0.006665
0.000843
-0.102945
-0.009710
-0.057660
-0.078231
-0.055320
-0.050579
-0.079127
-0.091289
0.002573
0.002522
-0.013400
-0.007384
0.009700
0.050977
-0.093473
-0.011739
-0.035511
-0.034567
-0.007252
0.007710
-0.011892
-0.016970
-0.064308
-0.067786
0.019158
0.000451
-0.096130
-0.125823
-0.120776
-0.045781
-0.005052
-0.024779
0.094076
0.040086
-0.007568
-0.113271
-0.112042
-0.077007
-0.128134
0.015803
0.032449
-0.023812
-0.033827
0.114650
0.029581
0.026753
-0.070080
-0.002249
-0.031622
-0.000215
0.125498
0.047485
0.030320
-0.015167
-0.038882
-0.089356
-0.063898
0.008696
0.020858
0.136640
0.124106
-0.010312
0.089531
0.069676
-0.075276
-0.122673
-0.033046
-0.069307
-0.038279
-0.022635
0.020882
-0.002118
0.002183
0.083597
0.020863
-0.016436
-0.020352
0.005528
0.058720
-0.003006
0.138822
0.113911
0.088000
0.017555
0.012392
0.034707
0.001657
-0.040414
0.014528
-0.025020
-0.015150
-0.018825
0.056445
0.087587
-0.027056
0.044962
0.100014
0.077334
-0.015470
-0.001359
0.039027
0.046938
0.037890
-0.020943
-0.034507
-0.004621
-0.023943
-0.177394
-0.108064
-0.107846
-0.045483
-0.039358
-0.022707
-0.048978
-0.070048
-0.049869
0.012185
-0.030700
-0.005081
-0.008656
-0.025815
0.081112
0.023491
-0.026339
-0.086610
-0.060861
0.056484
0.090163
-0.004708
-0.005733
0.024823
0.101205
-0.014302
0.053107
0.022576
-0.017087
-0.065748
-0.081989
-0.051976
0.031555
-0.051684
-0.006990
0.041504
-0.097674
-0.101204
-0.030589
0.003545
0.020987
0.067597
0.079018
-0.008707
-0.039725
0.021467
-0.002978
0.000212
-0.005865
0.031155
-0.053694
-0.024023
-0.023236
-0.035721
-0.083255
-0.069079
-0.033936
0.040242
0.038119
0.135558
0.050858
0.089818
0.034304
-0.022754
-0.050857
0.040305
-0.050542
-0.089588
-0.058165
-0.007367
-0.012385
0.052999
0.068813
0.065161
0.019000
0.046593
0.078312
0.040359
0.043552
-0.034126
0.036510
0.039054
0.003074
0.095496
0.025724
0.089832
0.066427
-0.041155
0.028205
0.107506
0.046829
0.066531
0.016030
0.071662
0.065687
-0.027052
0.011424
-0.024619
0.020026
0.000469
0.013086
0.071265
0.064329
0.018837
-0.006459
-0.051260
0.022610
0.001348
-0.018155
0.063699
0.115084
-0.023199
-0.010377
-0.003293
0.066833
0.019067
0.084596
0.079222
-0.107756
-0.085869
-0.033177
0.069436
0.038408
0.047205
0.079846
-0.063738
-0.021153
0.011113
0.041871
0.083261
0.038684
0.011405
-0.023843
0.012258
0.004395
-0.024259
0.089718
0.014828
0.007504
0.032763
-0.060917
-0.057005
-0.067208
-0.071155
0.051642
-0.080678
-0.014748
0.006871
0.028235
0.020470
-0.071841
-0.077990
-0.016536
-0.036233
-0.083136
-0.075237
-0.018899
0.001799
0.007346
0.045859
0.101734
0.050218
-0.049405
-0.005876
-0.002201
0.034317
0.024860
0.017857
-0.027702
-0.077262
0.017497
0.032430
0.040871
0.045776
0.059246
0.041718
0.056812
0.010747
-0.045929
-0.046119
-0.041997
0.045210
-0.102772
-0.076177
0.007456
-0.018915
0.059472
0.088928
0.066957
-0.025349
0.083642
-0.027674
0.027267
-0.076244
-0.083011
0.089892
-0.014573
0.056337
0.040503
0.023873
0.061885
0.024339
0.070777
0.052380
-0.015158
-0.010555
-0.048856
0.098107
-0.039107
0.021654
-0.032190
0.017016
0.072303
0.049254
0.033111
-0.034965
0.039542
0.059209
-0.020189
-0.046650
0.058550
0.044963
-0.050309
-0.035303
-0.068730
0.005168
-0.055576
0.013365
0.033941
0.054779
0.042541
0.013197
0.057383
-0.034415
0.070843
-0.041816
-0.018280
0.074840
-0.021516
-0.029563
-0.008078
0.014203
-0.105675
0.038529
-0.028295
-0.065559
-0.030139
-0.065936
-0.066119
-0.010419
0.010856
-0.049205
-0.010166
-0.053883
0.059528
0.014841
-0.027830
0.021092
0.037137
0.002063
-0.039693
-0.033888
0.028889
0.007279
0.032959
-0.013899
-0.025792
-0.105134
-0.031753
0.015578
-0.075128
0.029956
0.123300
0.048578
0.085415
0.030591
-0.028061
0.002120
-0.043963
-0.054772
-0.004641
-0.046411
0.002961
0.043349
0.049036
0.008005
0.038741
0.106185
0.067419
-0.069858
-0.069157
0.071092
0.004094
0.038560
-0.001411
0.014491
-0.012610
-0.054094
-0.100719
0.030490
0.079503
-0.026409
-0.014511
0.008848
-0.060216
-0.018616
-0.026928
-0.021797
-0.019456
-0.028893
-0.005948
-0.008628
-0.002804
0.043076
0.015048
-0.015230
-0.007148
-0.018550
0.063376
-0.019105
0.070681
0.039817
-0.031216
0.026765
-0.018451
-0.040871
-0.064819
-0.033637
0.051406
0.082996
-0.098852
0.022333
-0.037897
-0.049757
-0.132682
-0.019827
-0.015642
0.028712
0.065716
0.051189
-0.004734
-0.036870
-0.071744
0.007361
0.006461
-0.014375
0.064293
0.034680
-0.025906
0.008072
0.046020
-0.013783
0.040700
0.019760
0.093907
0.072974
0.024216
0.040352
0.088878
0.111548
0.071758
0.053207
0.004545
0.070205
-0.029553
0.055812
0.089019
-0.039356
0.067255
0.006464
0.025919
-0.043309
0.016606
0.037946
0.052660
-0.000384
0.008342
-0.005260
-0.047661
-0.076626
-0.052169
0.016903
-0.032648
-0.016313
0.014500
0.072206
0.031416
0.066448
0.017400
0.066674
-0.026294
-0.119536
0.008952
0.008106
0.032094
0.060074
0.060648
0.076837
0.094639
-0.022546
-0.006995
0.059214
-0.035374
0.028055
0.014336
-0.018033
0.052740
-0.005265
-0.033292
0.009025
0.027803
0.026663
-0.024390
0.008351
-0.054872
0.021479
-0.021175
-0.004504
0.026673
-0.002038
0.030260
0.094112
0.034013
0.052894
-0.059541
-0.003736
0.068609
-0.027719
0.036750
-0.050202
-0.080464
0.020173
0.058599
0.076144
0.103305
0.041719
0.039510
0.009627
0.023082
0.019382
-0.023366
-0.016989
0.083591
0.054676
0.075191
0.129331
0.076326
0.016747
0.039784
-0.046480
-0.025634
-0.064221
-0.067121
-0.012202
0.027046
-0.080038
0.027994
-0.001224
-0.033953
-0.006597
-0.060892
0.026199
0.048861
0.034619
0.079175
0.040507
0.025880
-0.012942
0.003862
0.033648
0.019541
-0.004967
0.028920
0.037750
-0.035197
-0.015687
0.007835
-0.019839
0.014113
0.123915
0.063253
0.054878
0.069363
0.033487
0.034483
0.055400
-0.008891
-0.051366
0.051845
-0.087748
-0.047741
0.039316
-0.092210
0.038037
0.010474
-0.025054
-0.000672
0.097752
0.143297
0.028243
0.011804
-0.026149
0.034191
-0.060631
-0.034064
-0.062705
-0.074429
-0.101371
0.019417
-0.093810
-0.024990
0.045500
-0.038021
0.049869
-0.019255
0.006784
0.071289
-0.018676
0.054657
-0.040854
0.025245
0.065279
0.033401
0.051356
0.074505
0.043583
-0.024951
0.038850
-0.013839
0.031760
0.009507
0.017952
0.015960
0.099695
0.047796
0.013138
0.066822
-0.016764
0.053196
0.033382
0.055705
0.053708
0.020452
-0.030696
-0.035135
0.037559
0.013015
0.033036
0.069825
-0.041162
0.038259
0.138612
-0.060614
-0.019119
0.097585
0.108775
0.057254
-0.003191
0.015191
-0.006018
0.004122
0.019223
0.060145
-0.036076
-0.045757
-0.022349
0.028253
-0.031852
-0.025390
0.026235
-0.080329
-0.045096
0.148976
0.044329
-0.081942
0.032906
-0.026906
-0.106003
-0.028153
-0.057441
-0.050140
-0.006199
-0.095970
-0.020705
0.079799
0.011110
-0.033789
-0.037884
0.030467
0.014578
-0.005051
-0.016534
0.046590
-0.003557
-0.023871
-0.048426
-0.016900
-0.059383
-0.041759
-0.043381
-0.000426
-0.073763
0.052248
-0.028234
0.067304
0.105170
-0.053917
-0.017743
0.090068
0.020217
0.060694
0.024394
0.044877
-0.038943
0.014268
0.078382
-0.050731
0.046536
0.053182
-0.014380
0.041452
0.026582
0.012283
0.016212
-0.018321
-0.021397
-0.004450
0.021986
-0.049018
0.016459
-0.034788
-0.014220
0.016698
-0.004769
0.033128
0.080608
0.085352
-0.047961
-0.015328
0.058921
0.040870
0.088654
0.056488
-0.023175
0.166647
0.076185
-0.060075
0.028191
0.027494
-0.091512
-0.004906
-0.004042
-0.042941
-0.021340
-0.006510
-0.012186
-0.035877
0.029182
0.025954
0.028894
0.080415
0.035607
-0.004960
-0.005778
0.000829
0.009248
0.018700
0.091772
0.027855
-0.038076
0.077289
0.089872
0.043159
0.045759
0.048306
0.041803
0.076613
0.123909
0.002082
-0.068801
0.063628
-0.049568
-0.045743
0.067881
-0.069782
-0.054278
0.054306
-0.017350
0.002193
0.028742
0.030886
0.056171
0.067181
0.027624
0.014293
-0.062986
-0.012910
-0.034040
-0.113417
0.015190
-0.006342
0.006658
-0.038414
-0.041961
0.028635
0.065023
-0.028946
-0.037809
-0.005139
0.007374
0.022733
-0.053528
0.027063
-0.002233
0.129629
0.106840
0.075317
0.116541
0.070482
0.008443
-0.017057
0.042307
0.080142
0.033439
0.028514
0.054613
-0.076909
-0.034978
0.009339
-0.066525
-0.009432
-0.082658
0.088546
0.079494
0.103643
0.159965
0.026664
0.018164
0.078937
0.098812
0.089577
0.042092
0.054839
0.056981
-0.005813
-0.000602
-0.087432
-0.005618
-0.022887
-0.006762
0.005441
0.006777
0.036485
-0.052876
0.034131
0.026024
-0.074324
0.009101
0.073689
0.034143
-0.015957
0.051233
0.037342
-0.016798
-0.005441
0.071348
0.080000
0.046095
0.092272
0.121302
0.031430
-0.047960
-0.021711
-0.065608
0.038894
0.008300
0.062870
0.049921
0.051830
0.090612
0.077976
0.079633
0.072822
0.087239
0.087639
0.102055
0.019650
-0.013986
-0.004977
0.008869
-0.013561
0.074651
0.030338
0.031028
0.087505
0.071320
0.037904
-0.056795
-0.015804
0.047500
0.014595
0.045187
0.045541
-0.010667
-0.056119
-0.007459
0.022510
-0.022541
0.009234
0.009240
0.080715
0.100198
0.114090
0.051966
0.008886
0.121549
0.013401
0.066514
0.019801
-0.046404
-0.053072
0.003322
0.006256
-0.020734
0.030950
0.037060
0.091088
0.015244
0.002277
0.008445
-0.013288
0.062779
0.073083
0.115790
0.050105
0.014290
0.016420
-0.030649
0.060491
0.019471
0.049213
0.098545
0.156511
0.024043
0.065305
0.027035
-0.023835
0.027448
0.046713
0.043294
0.056711
-0.054924
-0.060329
-0.041791
0.000670
0.024196
0.039633
0.032543
-0.027178
0.002769
0.036400
-0.035426
-0.013591
-0.066931
-0.099107
-0.014523
-0.042272
0.023422
0.045268
0.015139
0.009179
0.030455
0.025996
0.013879
-0.029026
0.002154
0.022481
-0.006822
0.056315
0.073220
0.054223
0.074634
-0.014696
-0.012125
-0.077694
0.026533
-0.010953
-0.075156
-0.064022
0.058549
0.025142
-0.054096
-0.030066
-0.084316
-0.079116
-0.129198
-0.034237
-0.069377
-0.024780
-0.011850
-0.025442
-0.064504
-0.071447
-0.102523
-0.027668
-0.025346
-0.014138
-0.001006
0.007072
0.034546
-0.006012
-0.007864
-0.025176
-0.062605
-0.037829
-0.076835
-0.039643
-0.028111
-0.001523
0.050425
0.027312
0.076960
-0.011508
-0.002236
0.012416
-0.048692
0.018371
0.008287
-0.076482
-0.032051
0.051572
0.033689
-0.006572
-0.111257
-0.010797
-0.101519
-0.047173
0.058678
0.013027
0.002758
0.038103
-0.033733
0.014054
-0.015915
-0.015652
-0.015225
-0.031761
-0.007051
-0.026048
0.002995
-0.055972
-0.096528
-0.018781
-0.035430
-0.027971
-0.013879
-0.071645
-0.055287
0.000272
0.029540
-0.054715
0.086303
0.101832
0.059629
-0.039956
-0.046603
-0.075307
-0.017611
0.032011
0.041224
0.028151
-0.078574
0.002257
0.017467
0.100060
0.093037
0.081506
0.001407
0.014862
0.074373
0.041954
0.006155
0.011304
0.044628
0.084725
0.017172
0.039465
0.042058
0.085991
0.110638
0.032618
0.053230
-0.035898
-0.041112
0.035269
-0.046004
-0.015599
-0.011315
-0.020072
0.028885
0.035074
0.087288
0.065389
0.016382
0.058474
0.020244
-0.002049
-0.013224
-0.016910
-0.051670
0.065833
0.011709
-0.063356
-0.019831
0.061143
-0.032977
0.005261
0.108559
0.074368
-0.040958
0.033696
0.086808
-0.020334
-0.024999
-0.005119
-0.028284
-0.015557
-0.088142
-0.008520
-0.050541
-0.054670
-0.031421
0.017407
-0.011219
-0.007389
-0.036615
-0.017473
-0.010773
-0.013644
-0.022301
0.105850
0.025675
-0.031691
-0.006691
0.074852
0.043296
0.023360
-0.010816
0.021105
-0.001339
0.014604
0.083611
0.038631
-0.023335
0.027768
-0.050960
-0.052214
-0.056247
0.051204
0.058370
0.024534
0.024752
0.010964
-0.049137
-0.089773
-0.084305
-0.064728
0.017965
0.060929
0.113229
0.052445
-0.003223
-0.064491
0.061551
0.075103
-0.007187
0.048104
-0.030805
0.002304
0.000443
-0.025707
-0.010930
-0.053791
-0.027749
0.015946
0.054117
-0.097056
-0.099713
-0.033872
-0.016668
-0.003803
-0.041950
0.034171
0.007401
-0.072573
0.007480
0.024731
-0.032091
-0.009406
0.055455
-0.009064
-0.048328
-0.056146
0.011508
-0.015664
-0.006797
0.097331
-0.032939
-0.037434
0.008679
-0.067156
0.039439
0.055011
0.089312
-0.000500
0.039289
0.065150
0.146067
-0.007328
-0.014313
0.021329
0.001289
0.031465
-0.058795
-0.011512
-0.037139
-0.150063
-0.128249
-0.034628
-0.034551
-0.048905
0.005152
0.025862
-0.091856
0.010122
-0.056881
-0.031879
-0.062952
0.055690
-0.050487
-0.035020
0.096613
-0.045078
0.070806
0.055356
-0.027492
-0.004532
0.136623
0.071415
0.056741
0.131285
0.042810
-0.042197
0.017325
0.079260
-0.044312
0.014286
0.012169
-0.038390
0.032902
0.044945
0.083668
-0.053313
-0.105090
-0.068974
-0.053329
-0.047814
-0.104439
-0.011075
0.020908
-0.004531
-0.040030
-0.105857
-0.030446
0.049355
-0.057910
-0.001017
-0.013578
-0.027432
0.025078
0.053740
-0.022552
-0.013434
0.010850
0.000744
-0.086562
0.004919
-0.047478
0.084330
0.073256
0.042793
0.011852
0.001688
-0.018831
0.012060
-0.009074
-0.031010
-0.038976
-0.143307
-0.034285
0.002036
-0.035149
-0.033766
0.076278
-0.004908
0.003718
0.076333
0.081443
0.047390
0.008483
0.017872
0.035165
-0.053861
-0.074579
0.028928
0.018787
-0.066565
-0.020703
-0.102201
-0.070082
-0.046816
-0.053161
-0.025286
-0.029987
-0.010254
-0.024333
0.031106
0.033541
-0.053890
-0.034967
-0.104042
0.024354
-0.009244
0.003322
-0.039883
-0.058284
-0.010846
-0.038503
0.056759
-0.040509
0.007605
0.026834
0.017194
-0.005049
0.059088
0.060891
0.003581
0.084977
0.091555
0.025934
0.015058
-0.036060
0.029761
-0.027565
0.035361
0.038055
-0.051882
0.053025
-0.034359
-0.037878
-0.072112
-0.013862
-0.056783
-0.081967
0.051132
-0.058925
-0.105430
-0.048829
-0.032988
-0.079633
-0.035761
0.030884
-0.039811
-0.000035
-0.025598
-0.010245
0.118260
0.086669
0.057905
0.020881
0.016044
-0.104790
-0.110323
-0.048083
-0.172044
-0.057315
0.056868
-0.049506
0.031503
-0.004622
-0.001753
-0.026748
0.028346
0.026385
-0.022549
-0.057769
-0.024824
-0.018121
-0.054732
-0.127881
0.046384
0.082983
0.051214
0.017197
0.031886
0.101634
0.050802
0.000044
0.015593
0.018219
0.038538
0.024095
0.009410
-0.000377
-0.015443
-0.014385
-0.099463
-0.050389
0.016590
-0.089519
-0.013921
0.001046
-0.071586
-0.078948
-0.056484
0.000653
0.033116
0.034701
-0.032272
0.025592
-0.001014
-0.049027
-0.061835
-0.035061
-0.023286
0.076981
0.008051
0.030109
-0.071521
-0.040820
0.095857
0.120029
0.051991
0.030492
0.059724
-0.027080
0.053220
-0.061042
-0.072440
0.052954
-0.032811
-0.057351
-0.017706
0.016960
0.085966
0.093978
-0.035678
0.063370
0.110433
0.015237
-0.025693
0.086697
0.064891
0.027669
0.016299
0.088942
-0.010892
0.033891
0.096819
0.040111
0.087609
0.059788
-0.004101
0.015588
-0.031785
-0.034513
0.046101
0.063604
0.026272
0.035988
-0.024362
0.019402
0.019956
-0.044691
-0.075197
-0.006488
0.029989
-0.000636
-0.007154
-0.064833
-0.031491
0.054183
0.021075
0.017933
-0.071763
-0.025587
0.038269
-0.005398
0.001429
-0.009135
0.112803
0.021924
0.077481
0.023720
0.028317
0.083666
-0.049981
0.065208
-0.027888
-0.023008
0.105129
0.059562
0.037527
-0.011548
0.007683
-0.027850
0.044348
0.125879
0.048684
-0.009830
-0.041256
-0.024264
-0.048739
-0.027476
0.088658
0.025862
-0.006574
-0.032932
-0.037673
0.001095
-0.042177
-0.058721
-0.066318
-0.075941
-0.072013
-0.022468
0.071809
-0.018580
-0.012118
-0.002730
-0.070123
-0.007860
-0.021102
0.076678
-0.012639
-0.070614
0.038595
-0.034098
-0.082278
0.012710
-0.060726
-0.108135
-0.095663
-0.037715
-0.038511
-0.070297
-0.005179
0.071533
0.004568
0.001846
0.025774
0.004341
0.031704
0.017799
-0.071956
0.006818
-0.018094
0.013131
-0.063412
-0.041130
-0.036421
0.062397
0.013164
-0.016508
0.015972
-0.058846
-0.035799
0.016545
-0.005011
0.028159
-0.022982
0.037073
-0.049709
-0.064602
0.014745
0.031008
0.028118
0.002201
0.021305
0.040810
0.074437
0.080341
0.071430
-0.004322
0.036867
0.087330
0.067882
0.106418
0.154649
0.060842
0.066286
0.065304
0.085116
0.049302
0.069886
0.113275
0.102517
0.129746
0.011105
0.016808
0.064816
-0.038291
0.039591
0.009545
0.091147
-0.006954
0.068258
0.123271
0.017732
0.060627
0.039257
-0.023085
0.083244
-0.023638
-0.012325
-0.071373
0.001416
0.067204
0.012603
-0.106198
-0.055435
-0.035726
-0.002238
-0.059104
-0.024652
0.064249
0.021660
0.025898
0.029782
0.065823
-0.018900
0.051874
0.034316
0.052364
0.018310
0.013478
0.018391
0.018736
0.013428
-0.047366
0.067633
0.050595
-0.023951
0.028078
0.028074
0.000359
0.000147
0.053938
0.081708
0.015363
-0.029959
0.021375
0.046954
0.119056
-0.001833
0.012102
0.080949
-0.008609
0.020682
0.015333
0.130425
0.087189
-0.000198
0.055454
-0.003789
0.048791
-0.053883
-0.029169
-0.055084
-0.043820
-0.031132
-0.051521
0.090543
0.044006
0.004157
0.015606
-0.014485
-0.001795
0.029854
0.001135
0.039658
0.001277
0.033425
0.128912
0.046289
0.019945
0.025760
0.065548
0.001226
-0.048643
0.057586
0.040016
0.070647
0.102120
0.074670
0.131731
0.097056
0.018412
-0.086815
-0.029205
0.042461
-0.022495
-0.017671
0.008132
0.028242
0.024991
-0.020743
0.036934
-0.012784
0.068032
0.004971
-0.106471
-0.069188
-0.005559
-0.032207
0.038784
0.057448
0.017393
-0.000904
-0.199750
0.043964
-0.017791
-0.042710
0.099990
0.021950
-0.016605
-0.049045
-0.043691
-0.004643
-0.026555
-0.019138
0.036190
-0.015878
-0.056981
-0.018199
-0.001724
-0.060883
-0.029092
-0.039124
0.001163
-0.020401
0.043145
0.070983
0.091771
-0.043159
-0.000155
0.073615
-0.052991
0.016100
-0.032058
0.001701
0.004553
-0.025655
-0.010249
0.018852
-0.013115
-0.038298
0.043402
-0.032207
-0.058053
0.000143
0.064283
0.003543
0.009621
0.019649
0.097883
0.030958
-0.001422
0.081594
0.049124
-0.014562
-0.006554
0.066369
0.047597
0.055722
-0.024085
-0.067200
-0.108547
-0.019779
-0.025758
-0.012831
-0.031330
0.073729
0.079382
0.000035
0.067173
-0.028199
-0.075058
-0.030337
-0.079318
0.038085
-0.069855
-0.050840
0.010231
0.003550
0.063499
0.034771
-0.064299
-0.040949
0.090952
0.047427
0.045990
0.006949
-0.043354
-0.015354
0.024846
0.050574
0.040388
-0.028666
0.051495
0.011104
0.016214
0.048675
-0.047729
-0.059992
-0.068730
-0.019738
-0.074168
0.005035
0.081649
-0.012839
-0.050113
-0.034859
-0.010501
0.001189
-0.027675
-0.012114
-0.019019
-0.071124
-0.014525
-0.063782
0.044387
-0.013052
0.051117
-0.012420
0.008600
0.021358
0.013472
-0.027488
-0.044708
-0.024178
-0.028138
-0.022889
-0.085649
-0.115210
-0.093265
-0.046526
-0.075841
-0.002363
0.020498
0.037811
0.088420
0.004355
0.050205
0.055324
0.021548
0.018266
-0.012164
-0.044182
0.062104
0.013896
-0.068121
0.018617
0.007870
0.046810
0.126172
0.080637
0.087245
0.045640
0.013602
-0.014514
0.018812
-0.016086
-0.091510
-0.053311
-0.036968
-0.013660
-0.024359
0.011897
-0.008784
-0.065276
0.024996
0.037785
0.005783
0.051043
-0.021157
0.026340
0.042203
0.023979
-0.017838
0.010591
0.059428
0.010880
-0.064423
-0.006499
-0.032427
-0.045137
0.023947
0.033605
0.013310
-0.016890
0.021084
0.093742
-0.001098
-0.040301
-0.068645
-0.082333
-0.066746
-0.079373
-0.027427
-0.037373
-0.096183
-0.019922
-0.047430
-0.025173
0.058073
0.014067
-0.024803
0.015710
-0.075667
-0.037377
-0.111215
-0.013831
0.027436
-0.041065
-0.000663
-0.043510
-0.003634
0.041998
-0.085695
0.031245
0.010247
-0.031557
-0.017526
-0.050548
-0.043701
-0.060982
0.094876
0.048101
-0.077857
-0.015127
-0.042496
0.009354
0.055937
0.075914
0.049080
-0.016007
-0.043849
0.046342
0.051567
0.067463
0.098450
0.014418
0.017009
0.015028
0.013677
0.036210
0.023550
0.038627
-0.048157
-0.016764
0.026384
-0.087232
-0.043563
-0.048039
0.000748
-0.012253
0.032935
0.020718
0.028472
0.034689
-0.017611
0.015637
-0.017927
0.023568
0.079687
-0.032450
0.054740
0.063168
0.029140
0.043855
0.040376
0.008156
-0.030231
0.011550
0.022784
0.017420
0.034472
0.025725
0.052705
-0.005318
0.054442
0.077492
0.101044
0.119451
-0.020339
0.018694
0.083915
0.029321
0.062935
0.025043
-0.044832
-0.038352
-0.076180
-0.025446
-0.070394
-0.084494
-0.027097
0.011206
0.069359
0.071095
-0.002563
0.022610
0.005668
0.052136
-0.049181
-0.060699
0.077070
-0.022278
-0.082660
0.022927
-0.144497
0.002003
0.061715
-0.051554
-0.046169
-0.000385
0.030091
0.052858
-0.001122
0.001088
-0.045665
0.000997
-0.017938
-0.027805
0.026273
0.058470
-0.049943
-0.060463
-0.050806
-0.039992
0.020645
-0.036862
0.018414
0.025901
-0.000607
0.013639
0.048004
0.117170
-0.016774
0.016003
0.024486
-0.020664
-0.021430
-0.024722
0.061090
0.105825
0.022804
0.018497
0.002807
-0.065879
0.061629
0.045893
-0.053478
0.032392
-0.003111
0.007628
-0.017718
-0.016038
-0.001240
-0.011742
0.000051
0.024052
-0.030378
-0.018996
0.073156
0.025353
0.037784
0.069353
-0.066131
0.018118
0.015003
-0.005753
0.044050
0.009017
-0.004868
-0.095608
-0.032264
-0.043588
-0.080744
-0.023734
-0.091550
-0.034349
-0.118830
-0.004356
0.010592
0.016371
-0.003467
-0.012796
0.008097
-0.011732
0.020223
0.050477
0.145645
0.031527
0.000748
0.033443
-0.049501
-0.006086
0.042327
0.060460
0.011774
0.037313
0.047611
0.018595
0.010226
0.084759
0.010089
0.001128
-0.024287
-0.068470
-0.010221
-0.082766
-0.059315
0.007577
0.043594
-0.041395
-0.072433
-0.007037
-0.092476
-0.019640
0.024968
-0.018628
-0.001489
0.058441
-0.010737
0.003283
0.072650
-0.014378
0.084086
0.072675
0.064632
0.017487
-0.025415
0.017245
0.063528
0.007851
-0.027725
-0.075531
0.061674
0.031694
-0.038841
0.004783
0.028888
0.046480
0.037554
-0.034778
0.001249
-0.040080
0.012009
0.007302
0.049645
0.048840
-0.038365
-0.045526
-0.066610
-0.067134
-0.050704
-0.087726
-0.041233
0.020889
-0.005348
-0.036767
-0.011167
0.007807
-0.012251
0.029109
0.032554
-0.044133
-0.033380
0.007153
-0.084678
-0.034979
0.013027
-0.031759
-0.004253
0.072353
0.103366
0.044957
-0.085938
-0.019357
-0.071297
-0.104280
-0.088913
-0.017683
0.062486
0.011816
-0.046917
0.016641
0.011232
-0.058869
-0.022640
-0.049464
-0.098946
-0.107653
0.010644
-0.068347
0.031085
0.060254
-0.021874
0.078758
0.047045
-0.058605
0.031186
0.092095
0.027308
-0.021146
0.062831
0.007559
-0.058993
-0.018811
-0.013027
0.057295
0.064959
0.059049
0.114129
0.019705
0.010843
0.083050
0.014688
0.028750
0.072623
0.006223
-0.001017
-0.100295
-0.065113
-0.066049
-0.057801
0.016914
0.028015
0.057568
0.025121
0.007375
0.027352
0.008193
0.049372
-0.003837
0.022002
0.039658
0.020819
0.012615
0.007949
-0.001069
-0.061049
0.015741
0.017548
-0.017816
-0.004848
-0.017067
0.084623
0.049098
-0.057112
-0.022960
0.054012
0.037632
0.000104
0.005820
0.011619
-0.025173
0.057780
0.072362
0.066915
-0.034553
-0.023953
-0.040012
-0.013740
-0.052358
0.013738
0.046576
-0.036810
0.040024
0.073493
-0.041613
-0.004647
0.016110
0.043776
0.099921
0.008228
0.047009
0.030383
-0.004592
0.099958
0.052566
0.179847
0.048813
0.041316
0.091083
0.009721
0.066551
0.060547
-0.036034
-0.007601
-0.064991
-0.108943
0.000098
-0.070967
-0.004361
0.003763
0.000166
-0.004062
-0.005750
-0.025476
-0.047688
-0.032360
-0.041232
-0.039170
0.036168
-0.017624
0.056636
-0.007594
-0.006210
0.072161
0.009512
0.028709
0.029292
-0.090095
-0.031110
0.027198
0.018273
-0.016077
0.024424
-0.029848
-0.032448
0.024575
0.040808
-0.048966
-0.034692
0.011155
-0.026337
0.087124
-0.032134
-0.000125
-0.000489
-0.059802
0.011132
-0.019325
-0.032342
-0.007513
0.011551
0.007134
0.023361
0.007544
0.040712
0.070592
-0.034993
0.021009
-0.047398
0.035710
-0.066914
-0.088583
0.007273
0.063012
0.040655
0.028015
-0.007130
0.085082
0.072579
-0.092636
0.023834
-0.014696
0.005316
0.009743
0.013574
-0.006131
0.010276
0.072215
0.071796
0.044701
-0.077325
-0.010715
0.019855
0.049848
0.041254
0.030398
0.022555
0.025428
0.056037
-0.013681
0.014161
0.086641
0.033642
-0.049452
0.058525
0.016946
-0.024809
-0.056480
-0.002528
0.004737
0.008674
0.045766
-0.001565
0.044113
-0.007418
-0.053114
0.019663
-0.002605
-0.097723
0.059731
0.014940
-0.048817
0.001104
0.052567
0.008108
0.009963
-0.049042
-0.040658
-0.027600
0.044480
0.073205
0.016609
0.064940
0.047953
-0.017246
0.002969
-0.032582
-0.020086
-0.015252
0.003183
-0.099714
-0.035088
0.054503
0.043056
0.045446
0.028878
-0.011640
-0.015116
-0.022031
-0.021890
0.018093
-0.053557
-0.057721
-0.077496
-0.087781
-0.023846
-0.041955
-0.052365
-0.078807
-0.025630
0.037192
0.015961
0.133650
-0.051945
-0.100166
0.013310
0.043350
-0.018895
0.067389
0.054387
0.042057
0.029323
0.040477
-0.054318
0.015010
0.087195
0.026309
0.042906
0.088865
0.034800
0.022989
-0.073109
-0.148489
0.023972
0.079937
0.049870
0.066519
0.043552
0.057246
-0.004647
0.019312
0.025566
0.055228
0.044322
0.020175
0.035210
0.122516
0.068024
0.150550
0.130725
0.050636
0.043400
0.033342
0.028976
0.033767
0.105686
0.106372
-0.003732
-0.050355
-0.000949
-0.024581
-0.005244
0.072191
-0.051562
-0.052853
0.002756
0.074524
0.049593
0.002678
0.034834
-0.010541
-0.055166
-0.042125
-0.160497
-0.116665
0.002150
-0.003504
0.037275
-0.004373
-0.009659
0.017799
-0.025642
0.003983
0.001404
0.064282
0.122837
0.035196
-0.079221
-0.060857
-0.031848
-0.014398
0.010622
0.088741
-0.048207
-0.033452
-0.022873
-0.029626
0.059354
0.021471
-0.055564
-0.027159
-0.110810
-0.053932
0.017372
0.045148
0.016481
-0.069922
0.028065
-0.018484
-0.047467
-0.025923
-0.002012
-0.027938
-0.028254
0.069462
0.051213
0.048821
-0.054484
-0.085558
-0.053127
-0.060332
-0.013579
-0.050866
0.023264
-0.014381
-0.005021
0.085249
0.003736
0.016270
0.055628
0.023385
-0.001648
-0.004244
0.038221
-0.045713
0.013910
0.038479
-0.052925
-0.001175
0.044205
-0.136309
-0.095801
-0.055230
-0.079311
-0.080077
0.006891
0.022341
0.019979
-0.008888
-0.062217
0.022352
-0.029995
0.009351
-0.025525
-0.076734
-0.035830
-0.007374
-0.016445
0.066358
0.006659
0.007207
-0.088491
-0.102005
-0.008465
0.006283
-0.132329
-0.045167
0.049087
-0.018514
0.029984
0.056292
-0.085235
0.037532
-0.018678
-0.089307
-0.004679
-0.125442
-0.001633
-0.088329
0.021317
-0.025003
-0.072164
0.048878
0.031044
0.044144
-0.064057
-0.045366
-0.075519
-0.062795
0.044676
-0.012401
0.109481
0.025436
-0.032971
-0.012493
-0.016442
0.066430
-0.041126
-0.006805
-0.013025
-0.094504
0.017803
0.006387
0.072032
0.122279
0.007441
0.082510
0.037347
0.040742
0.040718
0.012396
0.115429
0.083607
0.124160
0.048875
0.067901
0.100690
0.080808
0.016504
0.034653
0.056634
0.060719
0.087478
0.039557
0.013613
0.005107
0.021099
0.029445
0.083779
0.052395
0.043570
0.134140
0.063008
0.039438
0.110148
0.023534
0.017077
-0.022870
0.093764
0.106779
-0.079535
-0.050700
-0.052241
0.021639
0.064569
0.068459
0.021311
0.027287
-0.001270
-0.001483
-0.003644
-0.021339
-0.108898
-0.007549
0.007570
-0.003414
-0.018684
0.032890
0.093357
0.051769
-0.020689
-0.063341
0.013408
-0.056703
0.029996
0.030871
-0.027817
-0.022760
0.013801
0.083290
-0.020990
0.040599
0.132660
-0.092783
-0.010042
0.043825
-0.043130
0.045503
0.061804
0.006567
-0.002963
0.026598
0.029097
-0.041291
-0.046151
-0.002314
0.107403
0.138267
-0.024191
0.024971
-0.022603
0.022283
-0.029339
0.028905
0.050801
-0.005580
0.042969
0.008069
0.019992
0.067792
0.027886
0.040560
0.068934
-0.038943
0.040361
0.108321
-0.036756
-0.030450
0.056546
-0.057911
-0.054947
-0.052427
-0.091867
0.037289
-0.013093
0.091467
0.084852
-0.047243
-0.064024
0.093339
-0.035343
-0.083194
0.048634
0.011537
0.013718
0.044026
-0.014409
-0.060087
-0.042874
-0.010995
-0.003818
0.040202
0.080453
0.000722
-0.006901
-0.044330
-0.063760
-0.031774
-0.028149
-0.023527
0.015082
0.055759
0.045316
0.035546
0.032920
0.022786
0.070843
0.070488
0.078439
0.068588
0.038937
0.040119
0.042501
0.028706
-0.018002
-0.066050
0.010393
-0.104149
-0.007829
0.042437
-0.021472
0.102828
0.011793
-0.030394
0.054710
-0.024055
-0.068154
-0.072306
0.060159
0.042396
-0.056581
0.004683
-0.079777
0.043155
0.002525
0.044095
0.014159
-0.015028
-0.035514
0.015865
-0.009596
0.048419
0.014708
0.006415
0.043070
0.058211
0.034412
0.001348
0.009840
0.063905
0.051830
0.006553
0.060288
0.119372
0.032227
0.012244
0.081379
0.017717
0.047798
0.040612
-0.016288
-0.001910
0.032888
0.084186
0.058039
0.050526
0.057744
0.042973
-0.003853
0.075032
0.106034
0.080139
0.046036
0.089729
0.002298
-0.001752
-0.011242
-0.019532
-0.002163
-0.039370
0.069814
0.049983
-0.061092
-0.038892
0.001658
0.036612
0.019173
-0.055663
0.078901
0.044869
0.086393
0.100560
0.052487
-0.009808
-0.029418
0.011443
0.028528
0.033438
0.049384
-0.035916
0.031561
0.074746
0.065200
-0.060272
0.020702
-0.097763
0.001676
-0.005766
-0.029436
0.040919
0.003349
-0.045192
0.019988
0.006821
0.036327
-0.123785
-0.090049
0.073291
0.006652
0.069061
-0.005802
-0.058262
-0.015340
0.012065
-0.064663
-0.023522
-0.085925
-0.027384
0.037916
0.038222
0.025439
0.103554
0.090973
0.016875
-0.071324
-0.036812
-0.015595
-0.041999
-0.012024
-0.033560
0.012008
0.117358
-0.007163
-0.026912
-0.043273
-0.028882
-0.040261
-0.032915
-0.022842
0.073624
0.085665
-0.074121
0.093505
0.046161
-0.036846
-0.039356
-0.038715
0.052721
0.034935
-0.025711
0.065077
0.040685
0.029887
0.026113
0.028812
0.033238
-0.001068
0.022418
0.030617
-0.055512
0.093884
-0.023657
-0.053522
-0.006965
-0.092491
-0.082825
0.015154
-0.055292
-0.078563
-0.012821
-0.080867
0.000001
0.014135
0.069465
0.066709
-0.013569
0.018730
-0.023852
-0.020271
0.058336
0.053559
0.050867
-0.026404
-0.026741
-0.027543
0.006387
0.022119
0.067595
0.013878
0.116366
0.051241
0.028871
0.021590
-0.072227
-0.012463
-0.004582
-0.010649
0.001509
0.030741
0.022724
-0.003095
-0.047889
-0.029546
-0.052827
0.018742
0.031475
-0.010668
0.025838
-0.092658
0.029214
0.001650
-0.022808
-0.041373
-0.097522
0.037497
-0.016817
-0.075380
0.004034
0.084273
-0.096993
0.004524
0.051444
-0.024969
0.085384
-0.053555
-0.046113
-0.052929
0.041764
-0.078368
-0.073343
0.055201
-0.049617
0.027655
-0.003606
0.016547
0.023355
-0.036735
0.046376
0.108735
-0.005375
0.039331
-0.042920
0.017471
0.060836
0.013153
-0.002702
0.005700
0.027707
-0.067767
0.007686
-0.039039
-0.038780
-0.011645
0.017696
-0.053127
-0.044512
-0.038236
-0.054727
0.001243
0.004168
0.059239
-0.024609
-0.088413
0.012834
0.057096
-0.042876
0.047654
0.052015
0.017326
0.068145
0.053432
0.044772
0.003890
-0.091710
0.008222
0.028520
-0.080162
-0.036703
-0.024394
0.023585
0.029133
-0.031084
-0.016351
-0.015038
0.024003
0.033259
0.092047
0.030881
0.058096
0.018562
0.024948
0.018095
0.017562
-0.013942
-0.049889
-0.046450
0.034628
-0.016123
0.031446
-0.006693
0.013260
-0.018404
0.008379
-0.059386
-0.021837
-0.086257
0.033730
0.049032
0.105061
0.060313
0.023288
0.070238
0.086576
0.082104
0.024249
0.045223
0.050017
0.009622
0.123048
0.133191
0.069746
0.091079
-0.016492
-0.008562
0.011362
0.052261
0.004698
-0.002692
0.031909
0.032834
0.001598
0.005753
-0.034408
-0.075840
0.027328
0.040839
-0.010397
-0.002787
-0.073230
-0.052550
-0.021879
0.051446
0.021188
0.106628
0.023936
0.021677
-0.052514
0.003458
-0.040637
-0.036235
0.042762
-0.024559
-0.036891
0.028012
0.061508
0.089704
0.077692
0.030356
-0.015119
-0.016381
0.043438
0.024191
0.036465
0.038926
0.062593
0.032282
-0.024784
0.010315
0.059645
0.015112
-0.011507
-0.000471
-0.077502
-0.072872
0.001947
-0.028928
-0.029940
0.029890
-0.070451
-0.026516
-0.061246
-0.032167
0.018973
-0.063196
-0.049069
-0.019340
-0.010332
-0.056538
0.003221
0.002688
-0.068322
-0.029290
-0.001789
-0.000912
-0.004204
-0.085353
0.024679
0.029675
-0.059007
0.061944
0.046505
-0.014372
-0.012376
-0.046358
-0.015678
-0.038500
0.086396
0.027645
0.038538
0.059308
-0.008431
0.065106
0.097075
0.072683
0.061887
0.003211
-0.035159
0.086266
0.027633
-0.107606
-0.071035
0.005072
0.000827
0.050841
0.055866
0.053633
-0.037139
-0.039527
-0.015967
-0.048055
-0.104093
0.053021
0.080428
-0.024715
0.027260
0.029912
0.062338
0.049571
-0.014663
0.074771
0.027981
-0.020966
0.032219
0.067499
0.047423
-0.070345
-0.037070
0.119699
0.016941
-0.048701
0.029134
-0.060408
0.052807
0.061343
0.039768
0.034651
0.004132
0.034665
-0.073591
0.048588
0.074291
-0.039193
0.039767
0.078272
-0.039133
0.105326
-0.007494
-0.118287
-0.073902
-0.037084
-0.009883
0.004702
0.040018
0.057672
-0.011472
-0.027210
0.017977
0.047249
0.069654
0.022843
-0.012111
0.041797
0.114359
-0.077690
-0.000230
0.081657
0.041264
0.134568
0.078804
-0.018539
-0.072407
-0.180168
-0.087886
-0.025853
0.054988
0.039248
0.000024
-0.020291
0.041877
0.043727
0.014354
0.079540
0.088956
0.121326
0.035333
-0.036418
-0.056287
0.003083
-0.020281
0.041282
0.018713
0.033176
0.000631
-0.042836
0.089473
0.037980
-0.075815
-0.096409
0.026451
-0.004295
0.060595
0.084618
0.016204
-0.032566
0.017084
-0.050248
0.018581
-0.027106
0.015810
0.079858
0.020755
0.000863
-0.024798
0.049870
-0.022548
-0.070050
-0.024753
-0.071601
-0.001026
-0.015468
0.039696
-0.051540
-0.019938
-0.023364
0.021889
0.013670
0.025348
0.063665
-0.056558
-0.016021
-0.035837
-0.026675
-0.083453
-0.020420
0.023868
0.051448
0.025108
0.028979
0.005976
-0.043177
0.009603
-0.068778
-0.044879
0.022725
-0.086010
0.018465
0.058707
0.027603
0.013696
-0.058824
-0.059436
-0.031695
0.076231
0.006746
-0.021560
-0.019346
-0.031462
-0.026763
-0.002980
0.021444
-0.062510
0.010386
0.075097
0.031401
0.016364
-0.074338
-0.011114
-0.054092
-0.072301
0.003991
-0.062329
-0.066145
-0.022171
-0.032514
0.019591
0.024979
0.029930
0.016300
-0.052867
-0.011109
0.064945
0.031254
0.011813
0.035564
0.053721
0.018276
-0.033657
0.021916
0.050530
-0.052585
0.013043
0.033893
0.036947
0.035162
-0.012661
-0.006741
-0.073887
-0.072674
0.040562
-0.076194
-0.026506
0.038453
0.031189
0.101913
0.012518
-0.006628
-0.061293
-0.085854
-0.066469
-0.053698
-0.011449
0.099420
-0.031874
-0.022732
-0.022150
0.088650
0.016953
0.045952
-0.025752
0.033673
0.017777
0.059007
0.096903
0.063735
0.058861
0.070331
0.085315
0.009432
0.000831
0.046763
-0.043724
-0.038868
-0.065280
0.054358
-0.000416
0.006994
-0.066048
-0.041305
0.081956
0.042897
0.078117
0.105667
0.055180
0.042094
0.125685
-0.043170
0.003240
-0.002144
-0.027542
0.028503
0.012230
0.117600
-0.015181
0.000400
-0.017503
0.017723
-0.018500
-0.046998
0.021676
0.036268
0.129596
0.090719
0.013282
0.045518
-0.019995
-0.072203
-0.009069
0.041362
-0.016330
0.023797
0.043704
0.092028
0.117864
-0.085012
0.067190
0.075957
-0.021712
0.102911
0.055597
-0.094803
0.075668
0.042475
0.028441
-0.033263
-0.006837
-0.014639
0.024266
-0.024455
-0.069138
0.004666
0.131887
0.109999
0.096486
0.098834
0.049408
0.135778
0.111190
0.039910
0.001815
0.008226
0.084479
0.025394
0.038662
0.020432
-0.098287
0.032277
-0.041119
-0.094898
0.065871
-0.009854
0.018013
0.051561
-0.027646
0.016535
0.060621
-0.044825
0.022164
0.053410
0.089809
0.107780
0.053885
0.028944
0.030177
0.075239
0.122768
-0.011491
-0.063892
-0.031815
-0.017334
0.000339
0.002765
0.005197
-0.052327
-0.054114
0.031822
0.021095
0.085044
0.116014
0.024875
0.009281
-0.009238
-0.092997
-0.050427
-0.030478
-0.094189
-0.003328
0.039144
-0.002745
-0.038062
0.021444
0.046992
0.063979
0.001797
-0.080939
-0.013490
-0.074358
-0.003632
-0.019082
-0.066440
-0.050296
-0.115690
-0.124972
-0.025366
0.019931
0.014677
-0.012593
0.002728
0.064656
-0.106362
-0.016442
0.003071
-0.041457
0.009966
-0.039844
0.011500
0.013086
-0.001920
0.077375
-0.001506
0.103296
0.011876
-0.007958
-0.100543
-0.087081
-0.082489
0.022745
-0.046831
-0.020346
-0.074763
-0.033658
0.052460
-0.003222
0.074346
0.004305
-0.041023
0.057324
0.019569
0.018653
-0.080418
-0.014039
0.018105
-0.023675
-0.086243
-0.046851
-0.060382
-0.064442
0.037727
0.005064
0.065712
-0.004472
0.032232
-0.025746
-0.090390
0.053388
-0.032800
0.014709
0.046477
0.020628
0.001559
0.029832
0.115064
0.054122
-0.051061
-0.060833
0.023436
0.034631
-0.096685
0.013837
0.015217
0.003680
0.003646
0.054025
0.056372
-0.005576
0.009093
-0.024671
0.092119
-0.018212
-0.079128
0.047124
0.003312
-0.039033
-0.057234
0.049811
0.044105
0.030631
0.003552
0.145745
0.024377
0.027269
0.016394
-0.033410
0.037805
0.021569
0.056929
-0.017674
0.006042
0.027666
0.053009
0.017382
0.053373
-0.035385
-0.092949
0.055283
-0.031606
-0.012888
0.078390
0.055753
0.060786
0.009222
-0.029943
0.049694
0.016625
0.043867
-0.036403
0.027345
0.130103
0.019808
0.046324
0.045592
0.042254
0.030129
0.112682
0.116211
0.047837
-0.002119
0.001212
0.010654
-0.064077
0.013487
0.016354
-0.065730
-0.060872
0.021495
-0.037885
-0.058323
0.055227
-0.051866
-0.018160
-0.059967
0.001785
0.064575
0.035807
0.032516
0.036857
-0.011853
-0.093030
0.019375
-0.021975
0.013333
0.053630
-0.019039
-0.035482
-0.076647
-0.001784
0.084687
0.031761
0.115185
0.112206
0.029828
0.082266
0.041667
0.048726
0.058629
0.017802
0.064440
0.033647
0.023531
-0.067481
-0.012075
0.008169
0.106530
0.076133
0.003783
0.092756
0.032899
0.052058
-0.023531
-0.053595
-0.008741
0.008797
0.029626
0.012888
0.047984
0.061762
0.036930
-0.008221
-0.065474
0.040165
-0.007238
0.113988
0.061618
0.054445
0.045662
0.013067
-0.006549
0.056201
0.145783
0.077214
-0.008422
0.039695
0.020200
0.012620
0.033826
0.081885
0.044064
0.055162
-0.004948
0.016887
0.052736
0.073774
0.046367
-0.000899
0.043576
-0.026903
-0.016436
-0.006524
0.039743
0.032205
0.057329
0.030913
-0.041032
0.053773
0.092722
-0.025727
0.045317
0.054911
-0.036766
0.015144
-0.087637
-0.013429
-0.040345
-0.070553
-0.029878
-0.083715
-0.019395
-0.066510
-0.040166
0.050824
-0.041500
-0.040534
0.036685
-0.026775
-0.069485
0.012546
0.005834
0.029631
0.028640
0.066783
0.030222
-0.024266
0.088037
-0.039672
-0.039482
-0.012046
-0.051581
0.039428
0.007908
-0.056038
-0.039274
-0.114305
-0.002014
-0.046135
0.023678
0.020848
0.114584
0.116784
-0.022607
0.030397
0.014496
0.006022
-0.019617
-0.003910
-0.005242
0.009677
-0.055699
-0.039997
0.012351
-0.026088
-0.099057
-0.046762
-0.045125
-0.038352
-0.032797
0.083579
0.093252
-0.030106
0.072325
-0.001180
0.056379
-0.028419
-0.038442
0.031443
-0.040065
-0.062019
-0.020278
0.033481
0.043520
0.079837
-0.033006
-0.102419
-0.002137
0.015496
-0.005587
0.040481
-0.029949
0.001982
0.036763
-0.038700
0.028562
0.046514
-0.030964
0.119426
0.104692
0.003043
0.008052
0.022121
-0.058318
0.009450
-0.056145
0.018663
0.095058
-0.073658
-0.029014
0.023229
-0.109314
-0.055306
-0.032525
0.010007
0.097039
0.054720
0.008799
0.045594
0.034823
0.035963
0.054474
-0.039491
0.058849
0.043125
-0.021187
0.033224
0.045776
0.046534
0.013733
0.090491
0.054732
0.067659
0.092157
-0.011091
0.007374
0.030715
0.002545
0.005847
0.013590
-0.015493
0.076265
0.016896
0.005932
0.067705
0.015421
0.098513
-0.014417
0.006483
0.015162
-0.033217
-0.109458
-0.002682
-0.017121
-0.045700
-0.026733
0.120203
0.042270
0.067227
0.075849
0.029218
0.040068
-0.001640
0.015904
0.014059
0.011717
-0.010988
0.027495
-0.019228
0.003451
0.049605
0.066252
0.096370
-0.017217
0.094990
0.090547
0.040404
0.105123
-0.052595
-0.003327
0.007264
0.088521
0.024843
-0.007591
0.017976
0.038724
0.073728
0.137801
-0.006961
0.026796
0.018362
0.023838
0.079378
-0.002533
0.021668
-0.024463
0.012602
0.011780
-0.021515
-0.082980
-0.051840
-0.018333
0.001678
0.066987
-0.062156
0.049019
0.090791
-0.034159
0.005064
0.041222
0.040911
-0.014046
0.001022
-0.026189
0.142759
0.130540
-0.004902
0.057853
0.023328
0.008262
-0.038001
-0.003932
-0.014928
0.031919
0.065121
0.030678
0.050696
0.067790
0.052497
-0.017972
-0.054789
-0.084221
-0.055708
-0.000509
-0.033400
0.061329
0.076577
-0.038774
-0.074999
-0.035061
0.023003
-0.045455
-0.125169
-0.081389
0.036754
-0.027299
-0.104541
-0.011790
-0.051905
-0.014943
-0.022521
-0.062344
0.023522
0.099503
0.000086
0.105771
0.037507
0.044980
-0.001911
0.026734
0.060899
-0.014181
-0.038456
-0.026182
0.057967
-0.022090
0.018104
-0.048925
0.002464
0.084764
0.058323
-0.003403
0.101562
0.016042
-0.000803
0.038243
0.001789
-0.040400
-0.029084
-0.054181
-0.097795
-0.007445
0.058647
0.005027
-0.025109
-0.018074
0.044853
0.049095
-0.056531
-0.075973
-0.125963
-0.108694
0.026298
-0.034055
0.069758
0.085734
0.046958
0.114772
-0.022332
-0.068782
-0.019729
0.005811
-0.060049
-0.103605
0.013513
-0.045660
0.069282
0.108720
0.083635
0.090727
0.022435
-0.063258
0.028090
-0.040634
0.070888
0.105375
0.077901
0.040839
0.088915
-0.057971
0.018289
0.028938
-0.028498
0.092409
0.054353
-0.002962
-0.012138
0.038289
0.025314
0.138230
0.047225
0.002014
0.098175
0.055329
-0.046882
0.114727
0.028649
-0.026429
0.053692
0.103658
0.081842
0.089884
0.072760
0.053277
0.114871
0.100315
0.010067
0.013032
0.017242
0.119626
0.086335
-0.085175
-0.033559
0.003229
0.022412
0.000164
-0.041309
-0.052441
-0.016299
0.003602
-0.004401
0.014968
0.019175
0.071634
-0.003634
-0.052766
0.069030
0.039237
-0.023862
-0.051747
-0.103755
0.004562
0.004033
-0.068689
0.006977
-0.007310
0.073501
-0.071839
-0.027729
0.010190
0.093696
0.047131
0.001244
0.130802
0.061411
0.017621
0.076252
-0.040635
-0.024754
-0.010025
-0.044425
0.017281
0.020457
-0.014913
-0.024002
0.054963
-0.085351
-0.064515
-0.035707
-0.084440
-0.044727
-0.028072
-0.030917
0.024429
-0.004097
-0.028993
-0.024852
-0.132855
-0.090186
-0.073896
0.042774
0.049027
0.036236
0.025851
-0.035434
-0.097704
0.015138
-0.034355
-0.031856
0.041502
-0.056322
0.003040
0.071837
0.048102
-0.033414
0.034783
0.046672
0.022766
-0.015010
0.030229
0.091498
0.023489
0.078970
0.020040
-0.077568
-0.024033
-0.003571
0.022424
0.040469
0.046819
0.038490
0.107750
0.024796
0.076590
0.078764
0.065086
0.037098
-0.078491
-0.145566
-0.089952
-0.004811
-0.026303
0.002862
-0.024041
-0.051806
0.003098
-0.031595
0.078425
0.106033
0.015457
0.045199
-0.023034
0.091360
0.017825
-0.140103
-0.012511
0.014515
0.010528
0.031003
-0.004212
-0.050411
-0.065295
0.005166
-0.042702
0.021461
0.017058
0.026523
0.057647
0.016451
0.086320
0.014109
0.058698
0.115961
-0.070999
-0.061477
-0.018012
-0.011901
0.033518
0.045008
0.020021
-0.015963
-0.078916
-0.024501
0.069406
0.035830
0.004020
-0.011089
-0.039783
0.031422
0.017407
-0.006955
0.136189
-0.047701
-0.019414
-0.015736
-0.033071
0.041049
0.053658
0.056272
0.041588
-0.021247
-0.020017
0.036009
0.037438
-0.030993
0.011151
0.001260
-0.004422
0.011459
0.006763
-0.034305
-0.032664
0.075369
0.052417
0.005482
-0.015176
0.067556
0.097573
0.090133
0.021527
-0.007099
-0.087151
0.067059
0.035356
0.008948
0.047050
0.054549
0.061898
0.070348
0.114115
0.092371
-0.007792
0.016475
-0.023981
-0.049838
0.025913
-0.038997
0.007392
-0.010521
-0.073544
-0.070708
0.003553
-0.021575
-0.000888
-0.002865
-0.038566
-0.059705
0.113668
0.026825
-0.098092
-0.069620
-0.095637
-0.041868
-0.093394
-0.018475
0.005142
0.023731
0.013402
-0.085705
0.002356
-0.041671
0.002489
0.066105
-0.030936
0.103509
0.076475
-0.020935
-0.063071
0.000865
0.018935
0.037170
-0.028380
-0.069805
0.000755
-0.039015
-0.074300
-0.051639
-0.042691
0.034970
0.010830
0.076895
0.111945
0.024858
0.011565
0.069045
0.011800
0.052381
-0.052688
-0.108976
0.026210
0.056024
0.011516
0.017663
-0.007638
0.011053
-0.000939
0.031880
0.010952
0.089421
0.000785
-0.014518
-0.058322
-0.052388
-0.021243
0.044991
-0.011532
0.022537
-0.049224
-0.052624
-0.019782
0.046983
0.026973
-0.017223
-0.052189
0.057897
0.027066
-0.108062
-0.050896
0.040812
0.032877
0.120622
-0.006201
-0.009947
0.016064
-0.032093
-0.006909
-0.029848
-0.035486
-0.007055
0.008878
0.033790
0.106754
0.048761
0.032014
-0.008354
0.098902
-0.083160
-0.003666
0.032787
0.012021
0.055949
-0.064598
-0.045068
-0.043888
-0.008231
0.007914
0.101406
0.066227
0.013558
0.031164
-0.032794
0.017297
0.040880
0.043430
0.020014
0.000216
0.024699
-0.017459
0.015868
0.062594
0.082095
-0.033834
-0.155065
0.006274
0.110093
-0.072049
0.054197
-0.002880
0.055597
0.032330
0.117058
0.010167
0.128110
0.117980
0.033989
-0.067210
-0.078296
-0.084086
-0.064470
0.063229
0.002168
-0.056208
0.010885
-0.022023
0.053821
-0.030880
0.003348
-0.059204
0.005513
0.061129
-0.059031
-0.039461
