0.000000 41.181263 47.265003 54.050476 63.395084
50.000000 1.627175 1.415465 1.468279 2.825978
100.000000 0.625872 0.483956 0.326509 0.694850
150.000000 0.270429 0.488538 0.285076 0.454441
200.000000 0.102480 0.219832 0.140318 0.220847
250.000000 0.309177 0.172677 0.065799 -0.115499
300.000000 0.053206 0.085876 0.340383 0.118779
350.000000 -0.015237 0.202516 0.192635 0.321707
400.000000 0.188381 0.174137 0.039851 0.092612
450.000000 -0.053419 0.238450 0.153907 0.302436
500.000000 0.003840 0.100837 0.397700 0.208704
550.000000 0.307325 -0.117730 -0.198301 0.290745
600.000000 0.167787 0.237954 0.214238 0.248636
650.000000 0.193880 0.248920 0.121493 0.011606
700.000000 0.074783 -0.123349 -0.163029 0.067658
750.000000 0.211066 0.012466 0.394432 0.243242
800.000000 0.072811 0.240342 0.079944 0.149308
850.000000 0.289023 0.098696 -0.266630 0.109323
900.000000 0.168860 0.281883 -0.085020 -0.062123
950.000000 0.119510 0.302671 0.186724 0.136558
1000.000000 0.184178 0.023923 0.031804 0.065421
1050.000000 0.132343 0.240056 0.165927 0.301592
1100.000000 0.132653 -0.020108 0.206181 0.102690
1150.000000 -0.011647 0.052994 0.168383 0.002872
1200.000000 0.145071 0.218743 0.215433 0.147590
1250.000000 0.177155 0.055810 -0.002755 0.157506
1300.000000 0.135984 0.228951 -0.071385 -0.153976
1350.000000 0.056810 -0.191489 -0.062916 -0.158750
1400.000000 0.129489 0.184990 -0.024847 -0.155798
1450.000000 -0.034255 0.244004 -0.277113 -0.062729
1500.000000 -0.020850 0.240300 0.196530 -0.101819
1550.000000 0.032449 0.239407 0.178955 -0.243233
1600.000000 0.014847 0.051085 -0.001467 0.079017
1650.000000 0.162319 -0.235978 0.085381 -0.128080
1700.000000 -0.018010 0.058140 -0.050690 0.010089
1750.000000 0.383019 -0.081524 0.254230 0.176505
1800.000000 0.010690 -0.165791 -0.065492 0.112685
1850.000000 -0.026355 0.154515 0.279412 0.154487
1900.000000 0.288466 -0.025924 0.089768 0.015006
1950.000000 0.050049 -0.036685 0.173590 0.424581
2000.000000 -0.053890 -0.036948 0.012144 0.007268
2100.000000 0.018643 0.036509 0.090742 0.126387
2350.000000 0.092202 0.042570 0.039357 0.063638
2600.000000 0.068750 0.041578 0.053859 0.007511
2850.000000 -0.038164 0.058417 0.201191 0.158617
3100.000000 0.063579 0.017800 0.133183 -0.000988
3350.000000 0.137147 -0.011926 -0.034108 0.046164
3600.000000 -0.012932 0.014200 0.104170 0.037996
3850.000000 -0.012449 0.122017 -0.008889 0.155146
4100.000000 0.055888 0.058770 0.041225 0.083878
4350.000000 -0.069367 -0.057851 0.100032 0.022808
4600.000000 0.019308 0.083046 -0.092281 0.160580
4850.000000 0.068263 0.049011 0.057056 0.067979
5100.000000 -0.042332 -0.012439 0.013003 0.145331
5350.000000 0.081225 0.010678 0.112832 -0.041348
5600.000000 -0.029560 0.072803 0.009713 0.016567
5850.000000 -0.012193 -0.064592 0.043337 0.117933
6100.000000 0.085000 0.125866 0.050110 0.265371
6350.000000 0.034075 0.139359 -0.008768 0.070780
6600.000000 0.082962 0.064147 0.182111 0.111542
6850.000000 0.086758 0.045668 0.038989 0.109322
7100.000000 -0.004333 -0.017123 0.164304 0.053576
7350.000000 0.036424 0.019720 -0.012281 0.091805
7600.000000 -0.044622 0.101354 0.041520 0.041039
7850.000000 0.022296 0.075596 0.084963 0.025019
8100.000000 0.092945 0.042410 -0.006309 0.098212
8350.000000 0.028977 0.149570 -0.100634 0.145249
8600.000000 0.028247 0.016722 0.092794 0.012169
8850.000000 0.033352 0.127238 0.030605 0.060742
9100.000000 -0.066089 0.064882 -0.046895 0.126520
9350.000000 0.082257 0.057754 0.016286 0.191938
9600.000000 0.197008 0.119539 -0.092369 0.012862
9850.000000 0.045786 -0.019156 0.050659 -0.031560
10100.000000 0.101153 -0.012037 -0.033255 -0.038647
10350.000000 -0.039984 0.052092 0.096538 0.207354
10600.000000 -0.024422 0.004497 0.163075 0.022843
10850.000000 0.101319 0.060600 0.122668 0.049885
11100.000000 0.081139 0.061779 0.117193 0.175032
11350.000000 0.039395 -0.001094 0.038737 0.066391
11600.000000 0.121844 0.077880 0.034967 0.044552
11850.000000 0.124049 0.083538 -0.088874 0.008546
12100.000000 0.047746 0.102087 0.074442 -0.007087
12350.000000 0.041854 0.049216 -0.002965 0.045062
12600.000000 -0.056980 0.039846 0.027003 -0.099651
12850.000000 -0.023201 0.037467 0.046396 0.025796
13100.000000 -0.031056 0.072572 0.149113 0.114932
13350.000000 0.014077 -0.034988 -0.007965 -0.083973
13600.000000 -0.003902 0.060365 -0.035765 -0.050590
13850.000000 -0.010576 -0.013450 0.129321 0.127425
14100.000000 0.021636 -0.046663 0.263150 0.070830
14350.000000 0.038144 -0.040886 -0.034603 0.105779
14600.000000 0.086729 0.081262 0.097787 0.060295
14850.000000 -0.078020 0.078263 0.014185 0.026630
15100.000000 0.022480 0.035104 0.153094 0.113868
15350.000000 -0.067293 -0.000976 0.092700 0.106972
15600.000000 0.026916 0.011008 0.094303 0.046457
15850.000000 0.065621 0.042297 -0.043859 -0.023307
16100.000000 0.103390 -0.154623 0.069277 0.063722
16350.000000 0.026399 -0.057327 -0.082218 0.216542
16600.000000 -0.006682 -0.019657 -0.019240 0.003066
16850.000000 0.072313 0.071280 -0.151769 -0.008872
17100.000000 -0.044042 -0.073713 0.034704 0.211274
17350.000000 0.137802 0.066061 0.143000 0.141631
17600.000000 -0.087214 0.129967 0.109524 0.063032
17850.000000 0.038058 0.050898 0.055683 0.176519
18100.000000 0.102622 0.050441 0.032953 0.136300
18350.000000 -0.025162 -0.143906 -0.001092 0.183379
18600.000000 -0.030414 0.054613 0.055174 0.016254
18850.000000 -0.003680 0.054565 -0.165986 0.133317
19100.000000 -0.007746 -0.010129 0.042657 -0.183416
19350.000000 0.000269 0.027379 -0.019006 0.069057
19600.000000 0.006436 0.091740 0.146928 0.003381
19850.000000 0.155592 0.045508 0.056896 0.089273
20100.000000 0.053600 -0.048272 -0.048134 -0.049966
20350.000000 0.075881 0.051477 0.011596 0.099730
20600.000000 -0.076241 0.097109 0.147445 0.255011
20850.000000 -0.058305 0.132281 0.112162 0.175676
21100.000000 -0.015410 -0.102248 -0.062509 0.088912
21350.000000 0.016242 0.003792 -0.010465 0.222039
21600.000000 0.047378 0.091440 0.056859 0.246754
21850.000000 -0.005001 -0.083145 0.074276 0.056537
22100.000000 0.015069 0.015220 0.003022 0.175510
22350.000000 -0.075429 -0.064172 -0.026406 0.200366
22600.000000 -0.058893 -0.024388 0.012394 0.087955
22850.000000 0.072294 0.077942 0.014065 -0.001958
23100.000000 0.025104 0.028876 -0.028199 0.276025
23350.000000 -0.046083 0.011670 -0.014905 0.092947
23600.000000 -0.037942 -0.068945 0.119488 0.015451
23850.000000 0.106744 0.076382 0.108033 -0.008181
24100.000000 0.038640 0.078215 -0.013741 -0.086821
24350.000000 -0.063465 0.039705 -0.009597 -0.001261
24600.000000 -0.084732 -0.018598 0.015594 -0.052139
24850.000000 0.087769 -0.059853 -0.066609 0.138802
25100.000000 0.047139 -0.068220 0.122447 0.125506
25350.000000 0.033654 0.096207 -0.048329 0.003123
25600.000000 -0.081453 -0.098308 0.056341 0.056707
25850.000000 0.063816 0.152323 0.041997 0.065495
26100.000000 0.033216 -0.010491 -0.063029 0.035504
26350.000000 -0.110191 -0.067804 0.003935 -0.042606
26600.000000 -0.067696 -0.003157 0.114974 0.121312
26850.000000 -0.131665 0.068432 0.001374 0.115331
27100.000000 -0.016998 -0.025613 0.065214 -0.045163
27350.000000 0.125847 -0.039498 -0.140826 0.169971
27600.000000 0.023795 0.021886 -0.087829 0.066857
27850.000000 0.032960 0.104216 -0.101060 0.041383
28100.000000 0.065427 -0.013831 -0.007164 0.185196
28350.000000 0.017292 -0.063719 0.102880 -0.043346
28600.000000 0.085239 -0.093237 -0.124387 0.004746
28850.000000 -0.023435 0.049870 0.012707 0.008093
29100.000000 0.106498 -0.032946 0.185187 0.152268
29350.000000 0.091388 0.013167 -0.017506 0.110752
29600.000000 0.054513 0.045201 0.010491 0.135165
29850.000000 -0.012759 0.101419 0.031720 0.071516
30100.000000 0.041717 0.076847 -0.011525 -0.001057
30350.000000 0.054817 0.117832 0.010068 -0.116831
30600.000000 -0.008210 0.021156 -0.004520 -0.096873
30850.000000 0.018926 0.074030 0.002038 -0.143894
31100.000000 0.120436 0.015412 0.029558 0.005110
31350.000000 0.026575 0.048733 -0.049257 0.019460
31600.000000 0.083231 -0.002751 0.064704 -0.024498
31850.000000 0.010886 0.006419 0.035482 0.228761
32100.000000 0.012012 0.011784 0.057474 0.108850
32350.000000 0.016516 0.063311 -0.057842 -0.064097
32600.000000 0.023844 0.189581 0.067464 0.051653
32850.000000 -0.057045 0.082387 0.101444 0.045958
33100.000000 -0.009253 -0.012372 -0.019824 0.000750
33350.000000 0.019669 -0.003343 -0.010171 0.120085
33600.000000 -0.095706 0.059890 0.132351 -0.012992
33850.000000 -0.020516 0.088127 0.058565 0.116521
34100.000000 0.008814 -0.041216 0.053207 0.007058
34350.000000 -0.061137 -0.135954 0.025601 -0.059871
34600.000000 0.003201 -0.047376 -0.048258 0.031658
34850.000000 0.039911 0.024109 -0.102499 -0.084116
35100.000000 -0.042419 -0.024797 0.148578 0.014145
35350.000000 -0.047054 -0.062911 0.027449 -0.070242
35600.000000 -0.018209 -0.059831 -0.060097 -0.039483
35850.000000 0.071741 -0.078943 0.049100 -0.022490
36100.000000 0.040110 0.009491 0.018349 -0.007879
36350.000000 0.000193 0.050921 -0.174039 -0.047362
36600.000000 0.014533 0.052491 0.019018 -0.094223
36850.000000 -0.077805 -0.057922 0.001273 0.020173
37100.000000 -0.069182 -0.045525 0.069956 -0.019389
37350.000000 -0.033978 -0.007700 -0.030852 0.066471
37600.000000 -0.034367 0.089472 -0.022788 -0.046028
37850.000000 -0.122563 0.037036 0.133342 0.020251
38100.000000 0.078571 0.140622 -0.112218 0.221309
38350.000000 0.005862 0.010542 0.132107 -0.109856
38600.000000 0.021591 0.085398 -0.081044 0.200690
38850.000000 -0.023636 0.035180 -0.009674 0.215576
39100.000000 0.035151 0.059083 0.144637 0.091196
39350.000000 -0.062312 -0.003982 -0.033092 -0.184210
39600.000000 0.014046 -0.051502 -0.051578 -0.007214
39850.000000 -0.000917 0.034108 -0.156662 0.010817
40100.000000 0.071576 0.010046 -0.101338 -0.002144
40350.000000 0.033837 0.041714 -0.050031 0.017563
40600.000000 -0.017657 -0.022034 0.061301 -0.059812
40850.000000 -0.047508 -0.005790 0.078203 -0.045338
41100.000000 0.032037 0.100083 -0.096711 -0.194481
41350.000000 -0.002321 0.075239 0.030917 -0.006403
41600.000000 -0.004757 -0.009831 0.117949 0.060933
41850.000000 0.042175 -0.044095 -0.031493 0.061222
42100.000000 -0.026421 -0.015115 0.089957 0.084217
42350.000000 0.015894 -0.023984 0.008885 -0.038625
42600.000000 -0.036736 -0.042914 0.037573 -0.165055
42850.000000 0.040964 -0.111197 0.048568 -0.037954
43100.000000 0.078399 -0.034490 0.064169 0.038287
43350.000000 -0.014238 -0.016090 -0.106221 0.168173
43600.000000 0.097128 0.050930 -0.033528 -0.051104
43850.000000 0.004653 0.057750 0.106231 0.043951
44100.000000 0.001750 0.012009 0.075589 -0.025038
44350.000000 -0.018495 0.006723 0.002206 0.039360
44600.000000 -0.102296 0.100446 -0.042765 0.037086
44850.000000 -0.049487 0.040261 0.085219 -0.038528
45100.000000 -0.008608 0.079803 0.080083 -0.073912
45350.000000 0.011103 0.063433 -0.009168 0.060344
45600.000000 -0.035802 0.050625 -0.103972 0.041437
45850.000000 -0.021232 0.048645 -0.034420 -0.085034
46100.000000 -0.046484 -0.026042 0.011651 0.203224
46350.000000 -0.064501 -0.019977 -0.098603 -0.078944
46600.000000 0.063348 -0.030828 -0.097975 -0.075481
46850.000000 -0.107072 0.112575 0.055449 -0.190054
47100.000000 0.077618 0.049179 -0.074415 -0.029707
47350.000000 0.014227 0.056735 0.028803 -0.077790
47600.000000 0.070358 0.138167 -0.118687 0.110797
47850.000000 -0.024198 0.048376 0.018527 -0.008364
48100.000000 -0.075890 0.083354 -0.015199 -0.128546
48350.000000 0.080000 -0.034210 0.057603 0.077309
48600.000000 -0.016152 0.050629 -0.017802 -0.006277
48850.000000 -0.061423 -0.043432 0.093289 -0.073456
49100.000000 0.037604 0.057696 0.020665 -0.218405
49350.000000 -0.029247 0.009839 -0.033961 0.147608
49600.000000 0.015934 0.065132 0.027626 0.007736
49850.000000 -0.005707 -0.005738 -0.037715 0.129894
50250.000000 -0.072382 0.052450 0.049231 -0.041440
50750.000000 -0.006580 0.004801 0.076600 -0.077658
51250.000000 0.054313 0.050259 0.136944 0.010103
51750.000000 0.004809 0.088195 -0.067497 -0.026544
52250.000000 0.009428 -0.010090 0.039127 -0.026471
52750.000000 0.040478 -0.000641 -0.003399 0.116819
53250.000000 -0.006910 0.039720 -0.042696 0.119004
53750.000000 0.027385 -0.013707 0.018563 0.094510
54250.000000 0.031713 0.014190 -0.016218 -0.009814
54750.000000 0.025559 -0.017099 -0.058164 0.054260
55250.000000 -0.018874 -0.009495 0.033858 0.075577
55750.000000 -0.001704 0.137526 0.087702 0.085077
56250.000000 -0.064425 -0.027131 -0.058348 0.104977
56750.000000 0.065134 -0.014464 -0.002326 -0.015426
57250.000000 -0.023386 0.006340 0.032643 0.010978
57750.000000 0.009148 -0.013091 -0.051574 -0.047831
58250.000000 0.022697 0.089347 -0.045438 0.044964
58750.000000 -0.085159 -0.015965 -0.010744 -0.025194
59250.000000 0.037000 0.004703 -0.033059 0.012102
59750.000000 0.020412 0.113881 -0.027863 -0.039152
60250.000000 -0.053822 -0.000350 -0.005973 -0.058355
60750.000000 0.019273 -0.000471 -0.086147 0.089339
61250.000000 -0.094332 0.086741 0.070077 -0.047982
61750.000000 0.020957 0.043386 -0.001759 -0.196148
62250.000000 -0.000055 0.067619 0.036840 -0.092025
62750.000000 -0.057313 0.080177 -0.028545 -0.033927
63250.000000 0.016970 -0.001378 -0.042625 -0.056688
63750.000000 0.002510 -0.010527 -0.008211 -0.034177
64250.000000 0.013599 0.078330 -0.074143 0.030649
64750.000000 0.026998 0.074297 -0.067489 0.095113
65250.000000 -0.019547 -0.003192 0.013468 0.060913
65750.000000 0.008901 -0.039740 0.018709 -0.051420
66250.000000 0.055930 0.096668 0.059362 -0.000781
66750.000000 0.026984 0.000978 0.002473 0.055960
67250.000000 0.009420 0.033707 -0.080199 0.069029
67750.000000 0.013259 0.052136 -0.089662 -0.086852
68250.000000 -0.003991 0.095325 -0.069509 -0.142688
68750.000000 -0.065284 0.067696 0.055116 -0.101636
69250.000000 0.029397 0.106069 0.006558 -0.012720
69750.000000 -0.098324 0.006933 -0.040686 -0.003076
70250.000000 0.035105 -0.032765 -0.037760 -0.007212
70750.000000 0.055257 -0.047826 0.086767 0.029002
71250.000000 -0.074132 -0.022580 0.103874 -0.014616
71750.000000 -0.022950 -0.044559 -0.012456 -0.017871
72250.000000 0.068266 -0.072002 -0.096930 -0.040063
72750.000000 -0.015564 -0.033143 0.051466 0.137900
73250.000000 -0.031496 0.023772 -0.065516 -0.100889
73750.000000 0.012275 0.024141 0.001570 0.050398
74250.000000 0.011741 -0.073564 -0.148279 0.048395
74750.000000 -0.012677 -0.008889 -0.054360 0.025606
75250.000000 0.030122 0.042571 0.089514 0.191789
75750.000000 -0.018410 0.106650 -0.023706 -0.017289
76250.000000 0.021609 -0.055333 0.012723 -0.050213
76750.000000 0.065418 0.009000 0.010357 0.020044
77250.000000 0.004522 0.029392 0.104273 0.046130
77750.000000 0.005634 0.054820 -0.064809 -0.009627
78250.000000 -0.106787 -0.017431 -0.015284 -0.053919
78750.000000 -0.023164 0.118277 0.038597 -0.045094
79250.000000 -0.005783 0.020750 -0.064495 -0.035181
79750.000000 -0.043586 0.030692 -0.037730 0.004627
80250.000000 0.008792 0.014355 0.001456 -0.056645
80750.000000 -0.063106 -0.011131 0.051105 -0.052153
81250.000000 -0.059552 0.027234 -0.063572 -0.002498
81750.000000 -0.034905 0.044741 0.025883 0.072076
82250.000000 -0.010098 -0.035627 0.021117 -0.002320
82750.000000 0.019305 0.067771 -0.074304 0.018360
83250.000000 -0.040472 -0.083432 0.003257 0.074359
83750.000000 -0.093328 -0.022925 0.065433 0.013660
84250.000000 0.079078 -0.060283 -0.021553 0.010957
84750.000000 -0.065537 0.033137 -0.021176 0.011813
85250.000000 -0.004508 -0.020378 0.040414 0.034348
85750.000000 -0.003064 0.024303 -0.045049 0.075841
86250.000000 -0.006260 0.014822 0.004392 -0.078253
86750.000000 0.044287 0.042362 -0.068880 0.028092
87250.000000 0.026003 0.044792 -0.011184 0.155893
87750.000000 0.016128 0.066178 -0.055026 -0.008039
88250.000000 -0.073001 0.084162 0.014988 -0.076539
88750.000000 -0.026119 0.043588 0.093491 0.032853
89250.000000 -0.009806 -0.023707 -0.035464 0.032000
89750.000000 -0.024626 -0.031461 0.059688 0.008993
90250.000000 0.018197 0.039505 0.049121 -0.000844
90750.000000 -0.067342 0.021063 -0.027120 -0.026420
91250.000000 -0.100747 -0.042965 -0.057766 -0.064300
91750.000000 -0.042867 -0.035768 -0.067019 0.081278
92250.000000 0.030107 0.011375 -0.012300 -0.013169
92750.000000 -0.043940 -0.016320 0.076379 -0.021301
93250.000000 -0.125947 0.016409 0.073762 0.025174
93750.000000 -0.084282 0.045711 0.015989 0.031871
94250.000000 -0.008039 -0.041180 -0.079350 -0.010471
94750.000000 0.037904 0.013450 -0.006758 0.038320
95250.000000 0.052617 -0.014612 0.023008 -0.000853
95750.000000 0.023516 0.023071 0.093039 -0.035464
96250.000000 -0.004419 0.030592 0.019468 0.015431
96750.000000 0.047903 0.009097 -0.012828 0.015350
97250.000000 -0.033740 0.027408 -0.133919 -0.014919
97750.000000 -0.073645 0.064313 0.005344 -0.045077
98250.000000 -0.059860 -0.020203 -0.040136 0.063788
98750.000000 -0.037594 0.051226 -0.006968 0.067854
99250.000000 -0.038216 -0.106796 -0.125842 0.159170
99750.000000 -0.036229 -0.026493 -0.025905 0.009467
100250.000000 -0.039862 0.027053 0.091977 0.050498
100750.000000 -0.076840 0.012530 -0.036744 0.007782
101250.000000 -0.036905 -0.011135 0.013624 0.101962
101750.000000 -0.054119 0.063805 0.055183 -0.073633
102250.000000 -0.064442 0.016875 -0.090434 -0.041786
102750.000000 -0.010219 0.089941 0.050578 -0.019814
103250.000000 -0.005270 0.054422 -0.009406 0.157292
103750.000000 0.010550 0.081848 0.031646 0.069405
104250.000000 0.021349 -0.038802 0.024850 0.036296
104750.000000 -0.008107 -0.028515 -0.002831 0.157465
105250.000000 0.058769 0.038625 0.053533 0.052154
105750.000000 0.032501 -0.024689 0.026092 0.056855
106250.000000 0.088271 0.059631 -0.055105 0.035399
106750.000000 -0.030230 0.037149 0.067574 0.021709
107250.000000 0.023699 0.014883 -0.088301 0.100863
107750.000000 -0.077273 0.101827 0.036289 0.010744
108250.000000 -0.071057 0.048427 -0.055885 -0.014522
108750.000000 -0.057180 0.058400 0.068089 0.065283
109250.000000 -0.004800 0.062640 0.000094 0.030960
109750.000000 0.024647 0.004377 -0.034820 -0.028472
110250.000000 0.027323 0.116490 0.057266 0.154288
110750.000000 -0.016048 0.023412 0.106918 0.020279
111250.000000 -0.011554 0.020263 0.004293 0.001941
111750.000000 0.029757 -0.012708 0.059212 -0.047818
112250.000000 -0.007717 -0.019880 -0.070752 -0.169199
112750.000000 0.014329 -0.004568 0.077508 -0.046347
113250.000000 -0.027913 -0.022441 -0.137152 0.052191
113750.000000 0.000786 -0.019369 -0.029474 0.037491
114250.000000 -0.005666 -0.017563 0.042112 0.040895
114750.000000 -0.095496 -0.002613 -0.003048 0.012514
115250.000000 -0.066462 0.028134 -0.027719 -0.048846
115750.000000 -0.033966 0.053324 0.027665 0.028991
116250.000000 -0.018955 0.034008 0.011647 -0.002014
116750.000000 -0.043385 0.029593 0.031081 0.003167
117250.000000 0.020972 0.015285 0.024597 0.055399
117750.000000 -0.002421 0.002204 -0.001065 0.025617
118250.000000 0.043767 -0.002294 0.035807 0.058775
118750.000000 -0.018019 -0.037403 -0.104946 0.139479
119250.000000 -0.023277 -0.082702 0.024708 0.157821
119750.000000 0.041659 0.023676 0.079891 -0.059244
120250.000000 0.032130 -0.114981 -0.127092 -0.006747
120750.000000 0.014323 -0.050462 0.085715 0.053122
121250.000000 0.047271 -0.023353 0.140489 0.020632
121750.000000 -0.003469 0.043457 0.031949 0.051596
122250.000000 -0.026814 -0.008235 0.049232 -0.010917
122750.000000 0.013964 0.100677 0.042798 0.058376
123250.000000 -0.053006 0.051448 -0.023001 0.015237
123750.000000 -0.020211 -0.011167 0.080977 -0.022647
124250.000000 -0.035658 0.022801 -0.112613 0.018759
124750.000000 0.031678 -0.041956 0.032736 -0.013753
125250.000000 -0.035529 -0.027603 -0.034282 0.159173
125750.000000 0.001654 0.085547 -0.032680 0.178294
126250.000000 -0.037495 0.156733 0.015588 0.075379
126750.000000 -0.038087 -0.005494 0.015912 0.024960
127250.000000 -0.042511 -0.001110 0.032074 0.013262
127750.000000 -0.063145 -0.008142 -0.033485 0.026573
128250.000000 -0.030689 -0.008700 0.063390 0.024201
128750.000000 -0.031490 0.021377 0.128074 0.096936
129250.000000 -0.050293 0.001083 -0.023514 -0.055334
129750.000000 0.066171 -0.023095 0.083701 -0.023797
130250.000000 0.026345 0.003919 0.009558 -0.041722
130750.000000 0.038347 -0.085135 -0.040695 -0.086929
131250.000000 0.005780 0.045924 0.003372 -0.004557
131750.000000 -0.081452 -0.051092 -0.007689 0.056415
132250.000000 0.015981 0.076664 0.051350 0.041088
132750.000000 -0.013207 -0.036154 -0.011250 0.046967
133250.000000 0.008102 -0.052021 -0.035909 -0.062522
133750.000000 -0.013960 -0.021581 -0.020587 -0.076070
134250.000000 -0.067439 -0.015159 0.078764 -0.071569
134750.000000 -0.010043 0.019692 0.017903 -0.108997
135250.000000 0.002975 0.045460 -0.010249 0.030196
135750.000000 -0.045931 -0.010221 -0.066068 -0.028329
136250.000000 -0.083813 0.015764 -0.009007 -0.012939
136750.000000 0.075576 0.022027 0.009109 0.022346
137250.000000 0.003300 -0.010460 0.059459 0.094481
137750.000000 0.041028 -0.048458 0.032866 -0.025085
138250.000000 -0.030553 -0.100475 0.029662 0.087516
138750.000000 0.059432 0.022515 -0.078110 0.048977
139250.000000 -0.034623 -0.016579 0.035317 0.017245
139750.000000 0.054893 -0.051589 -0.002274 0.110135
140250.000000 -0.024561 0.071493 0.048674 0.045769
140750.000000 0.002384 0.015119 0.019198 0.014063
141250.000000 0.045364 0.000874 0.055900 0.012236
141750.000000 0.081417 0.040690 0.031292 0.062074
142250.000000 0.032597 -0.091134 0.063819 -0.031510
142750.000000 0.051285 0.037452 0.067162 -0.133561
143250.000000 -0.031703 -0.001532 0.006100 0.039988
143750.000000 0.073924 -0.003319 0.068215 -0.025428
144250.000000 -0.092458 0.052941 0.105797 0.076773
144750.000000 0.036304 0.038293 0.057287 0.001177
145250.000000 0.000582 -0.019942 0.010277 -0.004700
145750.000000 0.007868 0.046258 0.006645 0.135826
146250.000000 -0.009737 0.051837 -0.003548 0.126943
146750.000000 -0.013790 0.005858 0.003799 0.009993
147250.000000 0.028565 -0.077662 0.059318 0.059179
147750.000000 0.071561 0.064613 -0.018197 0.115415
148250.000000 0.117699 0.011649 0.100272 -0.029315
148750.000000 -0.007404 0.033601 -0.031790 -0.054505
149250.000000 -0.049975 -0.084968 0.030389 0.012439
149750.000000 0.012554 0.020965 0.026965 -0.122294
150250.000000 0.013601 -0.032659 -0.016792 -0.079221
150750.000000 0.071181 -0.085669 0.055202 -0.000285
151250.000000 -0.059902 -0.027859 -0.002847 0.034086
151750.000000 0.010266 0.064376 0.031882 -0.070679
152250.000000 0.014344 -0.070231 0.069456 -0.023943
152750.000000 -0.000779 0.023625 0.117655 -0.014934
153250.000000 -0.013055 -0.057135 -0.034128 -0.024171
153750.000000 0.032424 0.003816 -0.011873 0.049789
154250.000000 0.003615 -0.029409 -0.013744 0.131646
154750.000000 0.046528 -0.003844 -0.023506 0.047770
155250.000000 0.012638 -0.007038 0.026867 -0.048126
155750.000000 -0.045651 -0.034959 -0.054082 -0.013612
156250.000000 0.044646 0.017491 -0.018777 0.021387
156750.000000 -0.018977 0.010812 0.005921 -0.066921
157250.000000 0.021600 -0.025926 -0.021219 0.031200
157750.000000 0.046356 -0.092250 -0.034388 0.025277
158250.000000 -0.013465 0.002807 0.021045 -0.002829
158750.000000 -0.054665 -0.068617 0.060817 0.076819
159250.000000 -0.031512 0.046081 -0.028761 0.019068
159750.000000 -0.038472 0.065930 0.005549 0.104137
160250.000000 0.050529 0.011294 0.005837 0.066564
160750.000000 -0.046865 -0.043615 0.096099 0.041875
161250.000000 -0.020733 -0.031198 -0.004052 0.028481
161750.000000 0.033892 -0.032222 -0.019632 0.030909
162250.000000 -0.099664 -0.106855 -0.010555 0.082667
162750.000000 -0.010403 -0.010395 -0.023775 -0.016655
163250.000000 -0.065121 -0.056675 0.000849 -0.138007
163750.000000 -0.010325 -0.017946 0.024634 -0.174035
164250.000000 0.017524 0.014030 0.016567 0.067151
164750.000000 0.025195 0.013453 0.065825 -0.042454
165250.000000 -0.059525 0.020465 -0.010919 0.025597
165750.000000 -0.047052 -0.017078 0.073393 -0.130667
166250.000000 0.013074 -0.007094 0.071132 0.015277
166750.000000 -0.077709 0.014369 0.019824 -0.012390
167250.000000 -0.018081 0.011941 0.004109 -0.022197
167750.000000 -0.023375 -0.001246 0.020056 0.038660
168250.000000 0.002356 0.011304 -0.044091 -0.077975
168750.000000 -0.017180 -0.022937 -0.120566 0.068773
169250.000000 0.010947 -0.008590 0.009612 -0.075564
169750.000000 0.003854 0.014920 -0.061552 -0.102432
170250.000000 0.003919 -0.017146 -0.015216 -0.089587
170750.000000 -0.115038 0.045154 0.016542 0.029531
171250.000000 0.013123 -0.041074 0.030006 0.030308
171750.000000 -0.083961 0.001778 0.049402 0.114431
172250.000000 0.064796 0.021445 0.046475 0.018811
172750.000000 -0.029533 -0.081754 -0.022621 -0.000074
173250.000000 -0.014540 0.003969 0.076456 -0.128569
173750.000000 0.077281 0.031522 0.092361 -0.030419
174250.000000 -0.022754 0.072197 0.022384 0.003968
174750.000000 -0.039584 -0.045049 0.000568 0.059279
175250.000000 -0.036551 0.037134 0.008265 -0.013218
175750.000000 -0.039265 -0.027680 -0.067307 -0.083947
176250.000000 -0.051488 -0.033419 0.031317 -0.009590
176750.000000 -0.056231 -0.028231 0.022418 0.040036
177250.000000 -0.004160 -0.020980 -0.205460 0.052627
177750.000000 0.000485 0.009960 -0.064421 -0.087395
178250.000000 -0.034448 -0.037789 -0.003971 0.067201
178750.000000 0.090131 -0.013111 -0.022284 0.005620
179250.000000 0.020572 -0.055736 -0.065709 -0.030215
179750.000000 -0.001003 0.017648 -0.003828 -0.056433
180250.000000 -0.016610 -0.026034 0.041399 0.036913
180750.000000 -0.018633 -0.000559 -0.024082 -0.011504
181250.000000 -0.036570 -0.003263 -0.014107 -0.082735
181750.000000 -0.003853 -0.012246 -0.068514 -0.045633
182250.000000 -0.010218 0.030931 -0.020021 0.028328
182750.000000 -0.035182 -0.064496 -0.094492 -0.063639
183250.000000 -0.016620 -0.007720 -0.115276 0.105860
183750.000000 -0.038914 -0.082331 -0.032905 0.125645
184250.000000 0.042746 0.100714 0.035056 0.085844
184750.000000 0.028463 0.033533 -0.047627 -0.072394
185250.000000 -0.015224 -0.054751 0.009476 0.077575
185750.000000 -0.137723 -0.050236 0.027530 0.027191
186250.000000 0.032625 0.092291 0.007423 -0.064580
186750.000000 0.023854 0.042982 0.085810 -0.009389
187250.000000 0.028132 -0.029679 0.003211 0.001624
187750.000000 -0.114708 -0.011695 -0.040623 0.025921
188250.000000 0.007682 0.009367 0.028896 0.008534
188750.000000 0.006689 -0.054918 -0.023001 -0.044303
189250.000000 0.052486 0.045183 -0.001497 -0.078644
189750.000000 0.051097 0.077335 0.078087 0.061807
190250.000000 -0.039335 -0.018046 -0.025242 0.127298
190750.000000 -0.037860 0.056313 0.011737 -0.011920
191250.000000 -0.013269 -0.011511 0.087003 -0.132149
191750.000000 0.024890 -0.019130 0.013518 -0.038982
192250.000000 0.013263 0.003422 0.077192 -0.063829
192750.000000 0.009299 -0.011173 -0.057558 0.069342
193250.000000 -0.022035 -0.042739 -0.100782 0.084095
193750.000000 -0.029133 0.000202 -0.035939 -0.040898
194250.000000 -0.013246 -0.050407 0.012045 0.088060
194750.000000 0.116684 -0.084954 0.008196 -0.069774
195250.000000 0.014868 -0.023546 -0.069271 0.064977
195750.000000 -0.020280 -0.003396 -0.082136 -0.047090
196250.000000 0.039929 -0.035825 0.026351 0.093686
196750.000000 0.003368 0.053144 0.023779 0.086881
197250.000000 -0.011053 -0.078224 0.008267 -0.010238
197750.000000 0.013195 0.046515 -0.019780 0.056670
198250.000000 0.036903 -0.046802 0.042547 0.014076
198750.000000 0.013123 -0.045416 0.015389 -0.079398
199250.000000 -0.011510 -0.024740 -0.022718 -0.016721
199750.000000 0.014251 -0.015267 0.000379 0.041667
