0	41.181262
50	1.627175
100	0.625872
150	0.270429
200	0.102480
250	0.309177
300	0.053206
350	-0.015237
400	0.188381
450	-0.053419
500	0.003840
550	0.307325
600	0.167787
650	0.193880
700	0.074783
750	0.211066
800	0.072811
850	0.289023
900	0.168860
950	0.119510
1000	0.184178
1050	0.132343
1100	0.132653
1150	-0.011647
1200	0.145071
1250	0.177155
1300	0.135984
1350	0.056810
1400	0.129489
1450	-0.034255
1500	-0.020850
1550	0.032449
1600	0.014847
1650	0.162319
1700	-0.018010
1750	0.383019
1800	0.010690
1850	-0.026355
1900	0.288466
1950	0.050049
2000	-0.053890
2050	-0.121135
2100	0.051508
2150	0.141879
2200	0.044591
2250	-0.023630
2300	-0.160009
2350	0.298909
2400	0.039898
2450	0.164061
2500	0.118151
2550	0.235907
2600	0.173355
2650	-0.004990
2700	0.012840
2750	-0.073361
2800	-0.214651
2850	-0.095024
2900	0.081020
2950	-0.066768
3000	0.104605
3050	-0.121491
3100	0.289046
3150	0.143752
3200	0.033807
3250	-0.027221
3300	0.088334
3350	0.161577
3400	0.087567
3450	0.293943
3500	0.054313
3550	0.058667
3600	0.120943
3650	-0.131097
3700	-0.051088
3750	-0.062084
3800	0.163736
3850	-0.129905
3900	-0.105160
3950	-0.002510
4000	0.011593
4050	0.118392
4100	0.098570
4150	0.085633
4200	-0.073681
4250	0.050528
4300	-0.075347
4350	-0.227757
4400	0.047189
4450	-0.009927
4500	-0.080994
4550	-0.142101
4600	-0.082733
4650	0.257383
4700	0.028550
4750	0.035443
4800	0.013960
4850	0.049730
4900	0.055550
4950	0.097712
5000	0.124364
5050	-0.129017
5100	-0.130393
5150	0.064239
5200	-0.021642
5250	0.005151
5300	-0.024587
5350	0.153016
5400	0.071364
5450	-0.013265
5500	0.219596
5550	0.000811
5600	-0.205624
5650	-0.091690
5700	0.066930
5750	0.081775
5800	0.124593
5850	-0.056284
5900	-0.302242
5950	0.123714
6000	0.049256
6050	0.175354
6100	-0.024914
6150	0.150465
6200	0.032878
6250	0.091219
6300	-0.029932
6350	0.127991
6400	0.071059
6450	-0.013728
6500	0.014987
6550	0.162340
6600	0.081275
6650	-0.013560
6700	0.203211
6750	-0.018458
6800	0.235282
6850	0.068159
6900	0.098144
6950	0.053475
7000	-0.021272
7050	0.003531
7100	0.152168
7150	-0.184168
7200	0.021647
7250	-0.014842
7300	0.040866
7350	0.249987
7400	-0.021405
7450	-0.069301
7500	-0.018025
7550	-0.074058
7600	0.079414
7650	-0.157035
7700	-0.140085
7750	0.068654
7800	-0.107936
7850	0.051363
7900	-0.067900
7950	0.089872
8000	0.146083
8050	-0.026548
8100	0.162568
8150	0.234282
8200	-0.001379
8250	0.095801
8300	-0.020612
8350	0.005105
8400	0.037243
8450	0.053488
8500	0.069660
8550	0.108579
8600	0.084409
8650	0.035678
8700	-0.021732
8750	-0.065700
8800	0.113650
8850	-0.014769
8900	0.128251
8950	-0.058802
9000	-0.001569
9050	-0.016397
9100	-0.145218
9150	-0.147884
9200	-0.105838
9250	0.084894
9300	0.072318
9350	0.031051
9400	0.096707
9450	0.140456
9500	0.070751
9550	0.382505
9600	-0.022489
9650	0.242555
9700	0.142624
9750	0.239844
9800	0.000838
9850	-0.031204
9900	0.279264
9950	-0.040869
10000	0.020902
10050	0.092135
10100	0.053113
10150	0.333014
10200	-0.028205
10250	0.055707
10300	0.096623
10350	-0.017501
10400	-0.098404
10450	-0.099104
10500	-0.081535
10550	0.076726
10600	0.002340
10650	-0.061619
10700	-0.034749
10750	-0.104806
10800	0.050022
10850	0.195409
10900	0.189477
10950	-0.012787
11000	0.084474
11050	-0.026792
11100	-0.124419
11150	0.348875
11200	0.099077
11250	0.108956
11300	-0.113942
11350	0.039140
11400	-0.009985
11450	0.196142
11500	0.085618
11550	0.185479
11600	0.190234
11650	0.027752
11700	0.101500
11750	0.104257
11800	0.254059
11850	0.150645
11900	0.103366
11950	0.013656
12000	0.098521
12050	0.073624
12100	0.348625
12150	-0.106311
12200	-0.006165
12250	-0.071043
12300	0.111563
12350	0.034077
12400	0.010310
12450	0.111930
12500	-0.058610
12550	0.045248
12600	-0.069372
12650	-0.129811
12700	-0.229235
12750	0.098271
12800	-0.018093
12850	0.044926
12900	0.126706
12950	-0.059590
13000	-0.209956
13050	-0.066249
13100	0.082926
13150	-0.100327
13200	-0.011371
13250	-0.060259
13300	-0.070892
13350	0.022960
13400	0.151119
13450	0.078447
13500	-0.111248
13550	-0.035884
13600	-0.008777
13650	-0.029058
13700	0.089577
13750	-0.035368
13800	-0.088072
13850	-0.095401
13900	0.021888
13950	0.075634
14000	0.033069
14050	-0.050106
14100	-0.012526
14150	-0.031466
14200	0.165162
14250	0.037118
14300	0.087163
14350	0.032455
14400	0.040012
14450	-0.009186
14500	0.040275
14550	0.011094
14600	0.241372
14650	-0.007546
14700	0.106437
14750	0.082288
14800	-0.081304
14850	-0.232429
14900	-0.148536
14950	0.091601
15000	-0.019431
15050	-0.096386
15100	0.004985
15150	0.092104
15200	0.079064
15250	0.032634
15300	-0.120263
15350	-0.109934
15400	0.003385
15450	-0.068464
15500	-0.041189
15550	-0.114881
15600	0.090619
15650	0.091308
15700	0.139599
15750	-0.072067
15800	-0.039399
15850	0.133812
15900	0.111284
15950	-0.003999
16000	0.126408
16050	0.160355
16100	0.166888
16150	0.128902
16200	-0.086398
16250	0.147202
16300	0.049701
16350	0.033913
16400	-0.109075
16450	0.118058
16500	0.039399
16550	-0.077297
16600	-0.245181
16650	0.057841
16700	0.091118
16750	0.140110
16800	0.008223
16850	0.057228
16900	0.064118
16950	0.091927
17000	0.140067
17050	-0.074663
17100	-0.231579
17150	0.170913
17200	-0.177859
17250	0.092979
17300	0.310633
17350	0.255167
17400	0.145886
17450	0.036237
17500	-0.058912
17550	-0.043926
17600	-0.148739
17650	-0.040293
17700	-0.036795
17750	-0.166315
17800	-0.066888
17850	0.156997
17900	-0.034780
17950	-0.033647
18000	0.168609
18050	0.179037
18100	0.114229
18150	0.200572
18200	0.015238
18250	0.004034
18300	0.110309
18350	-0.014274
18400	-0.022586
18450	-0.196404
18500	-0.002857
18550	-0.069428
18600	0.029736
18650	0.018390
18700	0.048739
18750	-0.179506
18800	0.195463
18850	-0.121950
18900	-0.024288
18950	0.112323
19000	-0.179949
19050	-0.064393
19100	-0.018114
19150	0.129608
19200	-0.075953
19250	-0.009878
19300	-0.139780
19350	0.105880
19400	-0.051452
19450	0.069363
19500	0.017336
19550	0.216778
19600	-0.019637
19650	-0.086655
19700	-0.070366
19750	-0.007939
19800	0.269789
19850	0.166236
19900	0.069163
19950	0.032288
20000	0.240483
20050	0.075571
20100	-0.189342
20150	0.179381
20200	0.180130
20250	0.022262
20300	0.262761
20350	0.031489
20400	-0.154606
20450	0.138033
20500	0.101728
20550	-0.046780
20600	-0.028535
20650	-0.282021
20700	0.020679
20750	-0.044550
20800	-0.138843
20850	0.051665
20900	-0.165056
20950	-0.036894
21000	-0.002399
21050	-0.105220
21100	0.080884
21150	-0.097431
21200	-0.044789
21250	0.089504
21300	0.155733
21350	-0.111364
21400	-0.069553
21450	0.241841
21500	-0.135448
21550	-0.110061
21600	0.037172
21650	0.082080
21700	0.204632
21750	0.023068
21800	0.003545
21850	-0.032550
21900	-0.073553
21950	-0.043602
22000	0.121153
22050	-0.128602
22100	-0.074364
22150	0.093907
22200	0.235687
22250	-0.051281
22300	0.131039
22350	-0.013584
22400	-0.191920
22450	-0.137546
22500	-0.165135
22550	0.024259
22600	0.004087
22650	0.009455
22700	-0.272999
22750	-0.059269
22800	0.056725
22850	-0.040119
22900	0.073173
22950	0.158516
23000	0.113176
23050	0.157443
23100	-0.011973
23150	0.076779
23200	-0.093560
23250	-0.003168
23300	-0.143588
23350	0.068384
23400	0.150830
23450	-0.155926
23500	-0.150114
23550	-0.003189
23600	-0.113536
23650	-0.138365
23700	0.060140
23750	0.005240
23800	0.154062
23850	0.258246
23900	-0.147203
23950	0.125272
24000	0.143341
24050	0.092664
24100	-0.127625
24150	-0.045146
24200	0.057310
24250	0.215997
24300	-0.121004
24350	0.000996
24400	-0.244744
24450	0.090182
24500	-0.042755
24550	-0.006295
24600	-0.281172
24650	-0.246239
24700	0.103565
24750	0.006480
24800	0.148253
24850	0.008812
24900	0.008595
24950	0.082528
25000	0.190658
25050	0.355660
25100	0.094747
25150	-0.086355
25200	-0.025271
25250	-0.103086
25300	0.193731
25350	0.119042
25400	-0.086259
25450	0.023084
25500	-0.081330
25550	-0.208155
25600	-0.123700
25650	0.010648
25700	-0.041920
25750	-0.044139
25800	-0.155611
25850	0.102867
25900	0.155888
25950	0.137760
26000	0.078175
26050	0.059985
26100	-0.014511
26150	0.107181
26200	0.057653
26250	-0.044228
26300	-0.129285
26350	-0.253028
26400	-0.044048
26450	-0.030007
26500	-0.094585
26550	0.170051
26600	-0.137937
26650	-0.177159
26700	-0.181734
26750	-0.011703
26800	0.002906
26850	-0.270275
26900	-0.178541
26950	0.041745
27000	-0.254161
27050	0.115592
27100	0.037862
27150	-0.103805
27200	-0.031356
27250	-0.103281
27300	-0.214450
27350	0.212328
27400	0.108575
27450	0.319006
27500	0.203776
27550	0.329354
27600	0.056586
27650	-0.056179
27700	-0.085368
27750	-0.125416
27800	-0.135524
27850	0.028119
27900	-0.006501
27950	0.120867
28000	0.157837
28050	0.187116
28100	0.024272
28150	0.064222
28200	0.085800
28250	-0.034274
28300	-0.155278
28350	0.149154
28400	0.054609
28450	-0.039181
28500	0.077155
28550	0.187112
28600	0.044885
28650	-0.059297
28700	0.173544
28750	0.079953
28800	-0.145742
28850	0.075467
28900	-0.123045
28950	-0.018697
29000	0.094841
29050	0.126922
29100	0.150642
29150	0.130657
29200	0.107155
29250	0.017114
29300	0.033036
29350	0.111459
29400	0.142644
29450	-0.011502
29500	0.181305
29550	0.152977
29600	0.042491
29650	0.014053
29700	0.162758
29750	-0.099713
29800	-0.029716
29850	-0.074696
29900	0.035351
29950	-0.031563
30000	0.036829
30050	0.096026
30100	-0.059710
30150	0.115078
30200	0.081703
30250	-0.024514
30300	0.036553
30350	0.022029
30400	0.038429
30450	-0.063235
30500	0.240309
30550	0.106948
30600	-0.025455
30650	0.041375
30700	-0.171358
30750	0.007438
30800	-0.107951
30850	-0.046791
30900	-0.100839
30950	0.184500
31000	0.165710
31050	-0.000709
31100	0.332256
31150	0.042052
31200	0.180905
31250	0.047678
31300	-0.026059
31350	0.059725
31400	0.124062
31450	-0.122641
31500	0.097786
31550	0.027246
31600	0.217798
31650	-0.032232
31700	0.214254
31750	-0.010911
31800	-0.161190
31850	-0.101908
31900	0.092285
31950	0.112446
32000	0.112798
32050	-0.059684
32100	0.224796
32150	-0.029257
32200	-0.145041
32250	0.069248
32300	-0.038919
32350	0.078419
32400	0.049491
32450	0.107931
32500	-0.114342
32550	0.067730
32600	-0.034543
32650	-0.112122
32700	0.077580
32750	0.120574
32800	-0.015063
32850	-0.152384
32900	-0.040165
32950	-0.113129
33000	0.035515
33050	0.047928
33100	-0.123723
33150	0.108721
33200	-0.062411
33250	-0.016778
33300	0.129261
33350	0.015323
33400	0.001097
33450	0.040850
33500	-0.088186
33550	-0.023568
33600	-0.210194
33650	-0.069772
33700	0.093133
33750	-0.268128
33800	0.130311
33850	0.035165
33900	-0.039330
33950	-0.102631
34000	-0.126095
34050	0.065043
34100	-0.135670
34150	0.122344
34200	-0.026507
34250	0.018860
34300	-0.174018
34350	-0.068089
34400	-0.176885
34450	-0.109686
34500	0.222991
34550	0.109640
34600	0.008942
34650	-0.097194
34700	-0.042932
34750	0.037549
34800	0.148009
34850	0.094065
34900	0.145023
34950	-0.277071
35000	0.089531
35050	-0.205651
35100	-0.046886
35150	-0.110385
35200	0.153035
35250	-0.002206
35300	0.060808
35350	-0.090774
35400	-0.015937
35450	-0.123979
35500	-0.065388
35550	-0.163020
35600	0.085687
35650	0.040572
35700	-0.120277
35750	0.065994
35800	0.043635
35850	-0.020253
35900	-0.016722
35950	0.195121
36000	0.156926
36050	0.082864
36100	0.172919
36150	0.114137
36200	0.119928
36250	-0.289297
36300	-0.156906
36350	0.041083
36400	-0.060813
36450	0.050898
36500	0.126705
36550	0.070506
36600	0.075553
36650	-0.090216
36700	-0.120150
36750	0.136970
36800	-0.124902
36850	-0.293977
36900	0.087137
36950	-0.108430
37000	0.051146
37050	-0.061436
37100	-0.078885
37150	0.125730
37200	-0.065155
37250	-0.266164
37300	-0.288866
37350	-0.020770
37400	0.072682
37450	0.072268
37500	-0.005204
37550	-0.109531
37600	-0.040462
37650	-0.028653
37700	-0.160546
37750	0.167359
37800	-0.219544
37850	0.151976
37900	-0.089554
37950	0.018607
38000	-0.474300
38050	0.106676
38100	0.098292
38150	0.141895
38200	0.068860
38250	-0.022866
38300	-0.070017
38350	0.109314
38400	0.061217
38450	0.009871
38500	-0.081075
38550	-0.008845
38600	0.082111
38650	0.012339
38700	0.018338
38750	0.004010
38800	0.029972
38850	0.012762
38900	-0.175889
38950	0.163747
39000	-0.148772
39050	-0.089403
39100	-0.030378
39150	-0.085146
39200	0.244159
39250	0.136521
39300	0.090970
39350	-0.122135
39400	-0.331704
39450	-0.032371
39500	0.083682
39550	0.114078
39600	-0.148464
39650	0.110860
39700	0.080900
39750	-0.087142
39800	-0.196287
39850	-0.121819
39900	0.066117
39950	0.158085
40000	0.089319
40050	0.011114
40100	0.251899
40150	-0.000886
40200	-0.033182
40250	0.128933
40300	0.002046
40350	0.040256
40400	-0.208890
40450	0.087569
40500	0.248202
40550	0.063298
40600	0.027903
40650	-0.178458
40700	-0.091321
40750	0.090292
40800	-0.265242
40850	-0.022566
40900	-0.074525
40950	0.062827
41000	0.061964
41050	0.056798
41100	-0.077403
41150	-0.142993
41200	0.171513
41250	0.152268
41300	0.028289
41350	-0.061719
41400	0.021110
41450	-0.194661
41500	0.195376
41550	0.041323
41600	-0.070466
41650	0.146597
41700	-0.036378
41750	-0.104861
41800	0.118957
41850	0.120407
41900	-0.072358
41950	0.024653
42000	0.019218
42050	0.001452
42100	-0.012855
42150	-0.095520
42200	-0.123927
42250	0.098743
42300	0.130194
42350	0.144846
42400	0.001543
42450	-0.183877
42500	-0.013238
42550	0.075692
42600	-0.118249
42650	0.098720
42700	-0.045276
42750	-0.194565
42800	-0.092623
42850	0.170789
42900	-0.090595
42950	0.216258
43000	0.000991
43050	0.047179
43100	-0.009014
43150	0.121776
43200	0.167252
43250	0.064803
43300	0.084647
43350	0.102036
43400	-0.087006
43450	-0.106670
43500	-0.064195
43550	0.110564
43600	0.223991
43650	-0.127651
43700	0.284507
43750	-0.005770
43800	0.151887
43850	0.062388
43900	-0.063740
43950	-0.008898
44000	-0.118373
44050	-0.071470
44100	-0.051474
44150	-0.146162
44200	0.321179
44250	-0.043321
44300	-0.020871
44350	0.085507
44400	-0.032201
44450	-0.074950
44500	-0.049960
44550	-0.176664
44600	-0.058161
44650	-0.122159
44700	-0.108430
44750	-0.046064
44800	-0.133554
44850	0.138569
44900	-0.173031
44950	-0.063267
45000	-0.016152
45050	-0.045198
45100	-0.097283
45150	0.109229
45200	0.084719
45250	-0.094509
45300	0.032935
45350	-0.065918
45400	-0.011648
45450	0.094358
45500	0.005786
45550	-0.107336
45600	-0.021418
45650	0.010950
45700	-0.073965
45750	0.012757
45800	0.207861
45850	0.095194
45900	-0.050892
45950	-0.203424
46000	-0.154899
46050	-0.051454
46100	-0.342612
46150	0.005875
46200	0.184022
46250	-0.028251
46300	-0.089778
46350	0.156864
46400	-0.263523
46450	0.034074
46500	-0.160142
46550	0.077061
46600	-0.023413
46650	0.174701
46700	0.017221
46750	0.071172
46800	-0.189020
46850	-0.043607
46900	-0.105355
46950	-0.099560
47000	-0.097816
47050	0.184266
47100	0.017868
47150	0.025641
47200	0.141489
47250	0.018828
47300	0.003352
47350	0.033306
47400	0.078167
47450	-0.112036
47500	0.068345
47550	0.006927
47600	0.164694
47650	-0.089090
47700	0.170267
47750	0.098993
47800	-0.192273
47850	0.004412
47900	0.057803
47950	0.000269
48000	0.008797
48050	-0.059639
48100	-0.041595
48150	-0.105325
48200	0.002760
48250	-0.175653
48300	0.066348
48350	-0.026893
48400	0.319856
48450	0.144688
48500	-0.104001
48550	0.089509
48600	0.049741
48650	-0.141581
48700	-0.201057
48750	0.122630
48800	-0.047922
48850	-0.055576
48900	0.049049
48950	-0.180035
49000	-0.072631
49050	0.147471
49100	0.012492
49150	0.034013
49200	0.011043
49250	-0.016997
49300	-0.114132
49350	0.039537
49400	-0.076342
49450	-0.095511
49500	0.100215
49550	0.002416
49600	-0.094068
49650	0.111510
49700	0.123521
49750	-0.063710
49800	0.036320
49850	0.024282
49900	-0.065992
49950	-0.039125
50000	0.015982
50050	0.010273
50100	-0.143162
50150	-0.150159
50200	-0.126104
50250	-0.132777
50300	-0.182276
50350	0.018231
50400	-0.041104
50450	0.007277
50500	-0.038033
50550	-0.182121
50600	-0.042188
50650	-0.162567
50700	0.130015
50750	-0.013032
50800	0.126698
50850	0.070152
50900	-0.113399
50950	0.158674
51000	0.186367
51050	-0.040497
51100	0.192290
51150	-0.139744
51200	0.102063
51250	0.039002
51300	0.088686
51350	0.169401
51400	0.142865
51450	-0.197304
51500	0.073490
51550	0.018346
51600	0.095411
51650	-0.149078
51700	-0.007938
51750	-0.108010
51800	0.014479
51850	0.302736
51900	-0.105297
51950	-0.086050
52000	0.093353
52050	0.050523
52100	-0.117517
52150	0.084013
52200	0.160466
52250	-0.290295
52300	-0.158175
52350	-0.019788
52400	0.227053
52450	0.064645
52500	0.109949
52550	-0.032123
52600	-0.131291
52650	0.129421
52700	-0.028558
52750	0.123395
52800	0.156897
52850	0.116617
52900	0.026378
52950	-0.065907
53000	-0.000249
53050	-0.043714
53100	-0.122489
53150	0.024177
53200	0.185021
53250	0.010399
53300	0.009033
53350	0.013693
53400	0.002072
53450	-0.147046
53500	0.099772
53550	-0.065314
53600	-0.031144
53650	-0.209381
53700	0.014023
53750	0.149300
53800	-0.096753
53850	0.218129
53900	0.191720
53950	0.003493
54000	0.221427
54050	0.179895
54100	-0.140266
54150	0.029120
54200	-0.033578
54250	-0.084573
54300	-0.066620
54350	-0.015131
54400	0.184029
54450	0.042831
54500	-0.008790
54550	0.077754
54600	-0.154146
54650	0.066267
54700	-0.060650
54750	0.152939
54800	0.060075
54850	0.070001
54900	-0.061985
54950	0.114121
55000	0.090415
55050	0.104680
55100	0.058876
55150	-0.170402
55200	-0.011402
55250	-0.089269
55300	0.115710
55350	-0.297432
55400	0.055726
55450	-0.045639
55500	0.029327
55550	0.222733
55600	-0.182074
55650	0.112509
55700	0.015202
55750	-0.070844
55800	0.037820
55850	0.004546
55900	-0.116489
55950	-0.069768
56000	0.037936
56050	-0.208130
56100	-0.060069
56150	0.080250
56200	-0.178718
56250	-0.112318
56300	-0.061908
56350	0.016391
56400	-0.189179
56450	0.031496
56500	-0.198717
56550	0.147790
56600	0.346903
56650	-0.066004
56700	-0.167123
56750	0.290812
56800	-0.121885
56850	0.075700
56900	0.291545
56950	0.052324
57000	0.042563
57050	0.026077
57100	-0.061385
57150	-0.342808
57200	0.209752
57250	-0.143133
57300	0.053244
57350	0.094031
57400	-0.097053
57450	-0.015146
57500	-0.051381
57550	-0.188861
57600	0.126388
57650	0.140478
57700	0.005646
57750	-0.001455
57800	-0.045550
57850	-0.025276
57900	0.137191
57950	-0.005699
58000	0.236283
58050	-0.117045
58100	0.191075
58150	0.120942
58200	0.055523
58250	-0.028178
58300	-0.124139
58350	-0.013702
58400	0.100033
58450	-0.193826
58500	-0.219856
58550	-0.168152
58600	-0.062626
58650	0.093807
58700	0.065955
58750	-0.193015
58800	-0.086292
58850	0.027029
58900	-0.243039
58950	-0.065398
59000	-0.010873
59050	0.011909
59100	0.020417
59150	0.180701
59200	0.340298
59250	-0.034190
59300	0.060490
59350	-0.012594
59400	-0.144935
59450	-0.041225
59500	-0.130806
59550	-0.126738
59600	0.079903
59650	0.111416
59700	0.092476
59750	0.192170
59800	-0.092053
59850	0.122454
59900	-0.004948
59950	-0.039752
60000	-0.101782
60050	-0.116604
60100	0.006328
60150	-0.105943
60200	-0.178262
60250	0.018002
60300	-0.011706
60350	0.123986
60400	-0.143442
60450	-0.028800
60500	0.225657
60550	0.001955
60600	-0.087780
60650	-0.037182
60700	-0.149173
60750	0.168996
60800	0.020438
60850	-0.035811
60900	-0.022718
60950	0.108344
61000	-0.075883
61050	-0.110724
61100	-0.198917
61150	-0.139426
61200	-0.318950
61250	-0.086231
61300	-0.080760
61350	-0.066540
61400	0.099269
61450	0.034838
61500	0.138907
61550	-0.014382
61600	-0.122795
61650	0.033438
61700	0.245814
61750	-0.075825
61800	-0.011087
61850	0.097366
61900	-0.060771
61950	-0.021096
62000	-0.049406
62050	-0.012290
62100	0.147065
62150	-0.051341
62200	0.354447
62250	0.015180
62300	0.009464
62350	-0.210837
62400	-0.167386
62450	-0.035442
62500	0.017633
62550	-0.042210
62600	0.053389
62650	0.024836
62700	-0.049448
62750	-0.195364
62800	-0.208525
62850	0.052229
62900	0.050066
62950	-0.275739
63000	-0.000962
63050	-0.013590
63100	0.191228
63150	-0.094818
63200	-0.185202
63250	-0.048126
63300	0.136290
63350	0.061954
63400	0.191801
63450	-0.068877
63500	-0.221063
63550	0.129467
63600	0.043604
63650	-0.090842
63700	-0.023204
63750	-0.035046
63800	0.127140
63850	-0.090446
63900	0.026366
63950	0.159119
64000	-0.077663
64050	0.044402
64100	-0.176305
64150	0.219933
64200	-0.131071
64250	0.036005
64300	0.000542
64350	-0.066185
64400	0.071321
64450	0.215009
64500	-0.134165
64550	-0.004503
64600	0.141885
64650	0.075958
64700	0.067623
64750	0.044511
64800	0.064763
64850	0.042104
64900	0.040580
64950	-0.068776
65000	-0.065124
65050	-0.234520
65100	-0.018632
65150	0.026693
65200	-0.000927
65250	0.135640
65300	0.073955
65350	-0.084067
65400	-0.041095
65450	0.012605
65500	0.211969
65550	0.169752
65600	0.085473
65650	-0.168870
65700	-0.131968
65750	0.027458
65800	-0.122623
65850	-0.005784
65900	0.088477
65950	-0.064871
66000	0.194118
66050	0.029422
66100	0.191060
66150	0.114008
66200	-0.158199
66250	0.043378
66300	-0.014924
66350	0.132053
66400	0.051997
66450	-0.023617
66500	0.051568
66550	0.166076
66600	0.053942
66650	-0.073003
66700	-0.094388
66750	0.045055
66800	0.149178
66850	-0.106492
66900	-0.014021
66950	0.091927
67000	0.016802
67050	-0.103110
67100	0.166399
67150	0.082103
67200	-0.079559
67250	-0.045975
67300	-0.152461
67350	0.205857
67400	-0.011059
67450	0.015202
67500	-0.001843
67550	0.062976
67600	0.014228
67650	-0.016542
67700	-0.176873
67750	0.138982
67800	0.066565
67850	0.092702
67900	-0.028463
67950	-0.019140
68000	0.083663
68050	-0.074576
68100	-0.141111
68150	-0.072672
68200	-0.053605
68250	0.322643
68300	-0.066764
68350	0.142270
68400	-0.045474
68450	-0.134283
68500	-0.250405
68550	0.092308
68600	0.048045
68650	-0.203129
68700	0.060958
68750	-0.202889
68800	0.035744
68850	0.023832
68900	0.014012
68950	-0.271317
69000	0.160967
69050	0.256312
69100	-0.151532
69150	0.080321
69200	0.192085
69250	0.154349
69300	0.018751
69350	-0.113045
69400	-0.178710
69450	-0.125532
69500	-0.074910
69550	0.003086
69600	-0.122659
69650	-0.169609
69700	-0.056307
69750	-0.180673
69800	-0.115348
69850	-0.178306
69900	-0.097917
69950	0.009403
70000	0.079469
70050	0.245196
70100	0.045986
70150	0.123219
70200	0.333367
70250	-0.049863
70300	-0.017520
70350	-0.167149
70400	-0.185959
70450	-0.055695
70500	0.146339
70550	-0.105869
70600	-0.110317
70650	0.141360
70700	0.064293
70750	0.187631
70800	0.171602
70850	0.039325
70900	-0.037380
70950	0.055583
71000	0.010401
71050	0.145122
71100	-0.245712
71150	-0.030295
71200	-0.144779
71250	0.161629
71300	-0.199504
71350	-0.248822
71400	-0.033040
71450	-0.156320
71500	-0.197810
71550	0.023508
71600	0.016728
71650	0.138986
71700	0.173944
71750	-0.170031
71800	-0.053113
71850	-0.117016
71900	0.098880
71950	-0.143576
72000	-0.063250
72050	0.164321
72100	0.001281
72150	0.019085
72200	-0.012280
72250	-0.011031
72300	0.209863
72350	0.416953
72400	0.040753
72450	-0.083031
72500	-0.082162
72550	-0.020585
72600	0.066431
72650	-0.226361
72700	-0.000383
72750	0.066137
72800	-0.051824
72850	0.025848
72900	-0.083062
72950	0.150318
73000	-0.049195
73050	-0.087026
73100	0.105613
73150	-0.102247
73200	-0.078922
73250	-0.171876
73300	0.209675
73350	0.087597
73400	0.042600
73450	-0.271179
73500	0.178643
73550	0.102577
73600	-0.080183
73650	0.065431
73700	-0.106544
73750	0.141837
73800	0.042735
73850	0.017568
73900	-0.065693
73950	-0.173626
74000	-0.126397
74050	-0.002548
74100	0.094627
74150	-0.006736
74200	0.065857
74250	-0.000611
74300	-0.041615
74350	-0.023639
74400	0.050050
74450	0.108422
74500	0.027194
74550	-0.017201
74600	-0.026531
74650	-0.062092
74700	-0.111055
74750	0.131341
74800	-0.006675
74850	-0.301357
74900	0.106132
74950	0.133475
75000	-0.116833
75050	-0.037348
75100	0.172326
75150	0.205480
75200	-0.079629
75250	0.105797
75300	0.050265
75350	-0.006029
75400	0.058017
75450	-0.050828
75500	0.068080
75550	-0.142853
75600	0.046393
75650	-0.096696
75700	-0.062231
75750	0.029344
75800	-0.033889
75850	0.098590
75900	-0.008093
75950	-0.082744
76000	0.200414
76050	0.039244
76100	-0.118956
76150	-0.142398
76200	0.023519
76250	0.089177
76300	-0.131865
76350	0.032395
76400	0.133167
76450	0.091392
76500	0.239415
76550	0.109820
76600	-0.033240
76650	0.123108
76700	0.039079
76750	-0.011900
76800	0.149782
76850	0.083146
76900	-0.085714
76950	0.040687
77000	-0.054121
77050	0.126761
77100	0.124534
77150	-0.058381
77200	0.104351
77250	-0.127699
77300	-0.068309
77350	0.104512
77400	-0.003494
77450	-0.102938
77500	0.036476
77550	-0.015656
77600	-0.115944
77650	0.043573
77700	-0.098069
77750	0.184918
77800	-0.138027
77850	0.062290
77900	0.010433
77950	0.086344
78000	-0.084579
78050	-0.063347
78100	0.045541
78150	-0.202448
78200	-0.294068
78250	-0.250979
78300	-0.186928
78350	-0.059641
78400	-0.036431
78450	0.065010
78500	-0.047159
78550	0.000520
78600	0.144758
78650	-0.132157
78700	0.037261
78750	0.015704
78800	0.011031
78850	-0.251656
78900	-0.110148
78950	0.100208
79000	0.159064
79050	-0.033227
79100	-0.002828
79150	-0.068216
79200	-0.022955
79250	0.142124
79300	0.042462
79350	-0.255109
79400	0.015693
79450	-0.034842
79500	-0.128004
79550	-0.090397
79600	-0.051845
79650	-0.042120
79700	-0.037309
79750	-0.077107
79800	0.120239
79850	0.074554
79900	-0.124509
79950	-0.079366
80000	0.059075
80050	0.088733
80100	-0.084817
80150	-0.092129
80200	0.062056
80250	0.129108
80300	-0.083665
80350	0.022327
80400	0.011831
80450	-0.024599
80500	-0.047046
80550	0.011583
80600	0.004839
80650	-0.191288
80700	-0.108967
80750	0.135077
80800	-0.145128
80850	-0.040437
80900	-0.245318
80950	-0.004372
81000	-0.113416
81050	-0.143739
81100	0.106537
81150	0.012739
81200	0.073085
81250	-0.079147
81300	-0.224691
81350	0.007896
81400	-0.048636
81450	-0.186145
81500	0.105748
81550	0.248736
81600	-0.054339
81650	-0.175840
81700	-0.232218
81750	0.006936
81800	-0.155125
81850	-0.059725
81900	-0.089712
81950	0.056493
82000	0.048881
82050	0.126741
82100	-0.079556
82150	0.032626
82200	-0.087041
82250	-0.101505
82300	0.071375
82350	-0.032094
82400	-0.135328
82450	0.054925
82500	0.085735
82550	-0.034183
82600	0.017410
82650	0.029759
82700	-0.201289
82750	0.273133
82800	-0.024940
82850	0.036303
82900	0.083178
82950	-0.072061
83000	-0.124455
83050	0.063042
83100	-0.006992
83150	-0.081970
83200	-0.064518
83250	-0.074977
83300	-0.160277
83350	-0.098336
83400	0.190625
83450	-0.046866
83500	-0.152728
83550	0.018859
83600	-0.036688
83650	0.247660
83700	-0.355335
83750	-0.163745
83800	-0.170275
83850	-0.045358
83900	-0.200927
83950	-0.074738
84000	-0.062793
84050	0.145533
84100	0.070196
84150	0.204923
84200	-0.000078
84250	0.145670
84300	-0.050888
84350	0.009009
84400	0.255629
84450	0.073574
84500	-0.090064
84550	-0.098956
84600	-0.224889
84650	0.182132
84700	-0.021340
84750	-0.221064
84800	-0.060868
84850	-0.104890
84900	-0.033821
84950	0.018393
85000	0.033537
85050	-0.170072
85100	0.006751
85150	0.039804
85200	0.093313
85250	-0.085963
85300	-0.023162
85350	-0.101193
85400	0.060411
85450	0.101492
85500	-0.045367
85550	0.089775
85600	-0.050002
85650	0.002525
85700	0.107637
85750	-0.035794
85800	0.039858
85850	-0.020964
85900	-0.179573
85950	0.061266
86000	0.002174
86050	0.169596
86100	-0.074458
86150	-0.110250
86200	0.208118
86250	0.023296
86300	0.000719
86350	0.075886
86400	-0.211826
86450	-0.145854
86500	0.137441
86550	-0.018937
86600	0.154773
86650	0.133977
86700	0.167810
86750	0.085856
86800	-0.029002
86850	-0.008196
86900	-0.001013
86950	-0.179842
87000	-0.040756
87050	-0.008202
87100	0.005161
87150	0.131072
87200	0.136688
87250	-0.113388
87300	-0.032692
87350	0.223235
87400	-0.106740
87450	0.065655
87500	-0.094011
87550	0.014028
87600	-0.069680
87650	-0.162217
87700	0.324627
87750	0.161496
87800	-0.038931
87850	0.043033
87900	-0.010347
87950	-0.006714
88000	-0.008543
88050	-0.020681
88100	-0.017848
88150	0.001723
88200	-0.032015
88250	-0.010277
88300	-0.082179
88350	-0.097001
88400	-0.093794
88450	-0.369390
88500	0.015101
88550	-0.034513
88600	-0.046687
88650	-0.215882
88700	-0.013586
88750	-0.038306
88800	-0.045576
88850	0.056496
88900	-0.048527
88950	0.110292
89000	0.027294
89050	-0.095232
89100	-0.056107
89150	-0.043369
89200	0.137566
89250	0.062872
89300	-0.077351
89350	0.101403
89400	-0.102249
89450	-0.052885
89500	0.127506
89550	-0.050890
89600	-0.191538
89650	0.099139
89700	0.050742
89750	-0.141197
89800	0.070983
89850	-0.165089
89900	0.090060
89950	-0.135972
90000	-0.106459
90050	0.241123
90100	-0.111624
90150	0.071794
90200	-0.005483
90250	0.110424
90300	-0.261658
90350	0.142051
90400	-0.003876
90450	0.105674
90500	-0.025762
90550	-0.018793
90600	-0.192513
90650	0.088955
90700	-0.224980
90750	-0.001169
90800	0.037166
90850	-0.270995
90900	0.026987
90950	-0.092314
91000	-0.254668
91050	-0.083238
91100	-0.092159
91150	0.018151
91200	-0.026643
91250	-0.053625
91300	0.027722
91350	-0.302510
91400	-0.126640
91450	-0.113862
91500	0.070243
91550	0.087663
91600	0.031330
91650	-0.133835
91700	-0.062640
91750	-0.112454
91800	-0.195888
91850	-0.121600
91900	0.068274
91950	-0.059766
92000	0.125561
92050	0.030013
92100	0.106758
92150	-0.046844
92200	-0.022846
92250	-0.073037
92300	-0.047872
92350	-0.061448
92400	0.091151
92450	0.199639
92500	0.102302
92550	0.025309
92600	-0.152323
92650	-0.114137
92700	-0.059961
92750	-0.018186
92800	-0.205026
92850	-0.004440
92900	-0.090693
92950	0.077752
93000	0.003093
93050	0.001647
93100	-0.182127
93150	-0.364487
93200	-0.069755
93250	-0.338093
93300	0.008921
93350	-0.263978
93400	0.101624
93450	-0.156315
93500	-0.143468
93550	-0.086247
93600	-0.164200
93650	-0.045881
93700	-0.002511
93750	-0.096870
93800	-0.120384
93850	0.073118
93900	-0.148736
93950	-0.107645
94000	-0.094546
94050	0.089839
94100	0.122874
94150	-0.093176
94200	0.187564
94250	0.004228
94300	-0.027540
94350	-0.062634
94400	-0.231955
94450	0.024957
94500	-0.114791
94550	-0.041653
94600	-0.249599
94650	-0.071306
94700	0.081741
94750	0.267933
94800	0.172938
94850	0.204605
94900	0.128676
94950	0.000492
95000	-0.110685
95050	0.124914
95100	0.219438
95150	-0.119575
95200	-0.036234
95250	-0.172457
95300	0.021372
95350	0.117021
95400	0.237433
95450	0.244945
95500	0.015311
95550	0.020058
95600	-0.013737
95650	-0.041375
95700	-0.092114
95750	-0.123770
95800	0.086365
95850	0.086328
95900	0.087418
95950	0.210677
96000	-0.031280
96050	-0.035369
96100	0.061151
96150	-0.154205
96200	0.005575
96250	0.123763
96300	-0.142954
96350	0.133333
96400	-0.006377
96450	0.002178
96500	-0.088729
96550	0.239465
96600	0.132263
96650	0.286851
96700	0.046041
96750	0.232912
96800	-0.037801
96850	-0.276578
96900	-0.096668
96950	0.041275
97000	0.076272
97050	-0.044322
97100	0.029379
97150	-0.125923
97200	0.008256
97250	-0.050597
97300	-0.002847
97350	0.052497
97400	-0.098478
97450	-0.181639
97500	-0.156557
97550	0.007934
97600	-0.184499
97650	-0.077905
97700	-0.274088
97750	-0.143918
97800	-0.168440
97850	0.281724
97900	-0.026770
97950	0.006066
98000	0.070746
98050	-0.110227
98100	-0.107147
98150	0.053864
98200	-0.181858
98250	-0.119130
98300	0.051265
98350	0.031910
98400	-0.193881
98450	-0.094142
98500	0.067320
98550	0.080799
98600	-0.115497
98650	0.028495
98700	0.227800
98750	-0.157897
98800	-0.207175
98850	-0.262905
98900	-0.030134
98950	-0.006742
99000	-0.010172
99050	-0.058631
99100	0.011866
99150	-0.014828
99200	-0.215540
99250	0.045372
99300	-0.194590
99350	-0.017069
99400	0.032530
99450	0.038905
99500	-0.211866
99550	0.184905
99600	-0.060102
99650	0.099323
99700	-0.269116
99750	0.084004
99800	-0.279155
99850	0.048478
99900	0.024528
99950	0.016712
100000	-0.252746
100050	0.012417
100100	-0.073997
100150	-0.158185
100200	0.077016
100250	0.010949
100300	-0.139421
100350	-0.061554
100400	0.074994
100450	0.111911
100500	-0.112268
100550	0.148452
100600	-0.076174
100650	-0.208676
100700	-0.063924
100750	-0.067481
100800	-0.032535
100850	-0.160051
100900	0.010181
100950	-0.205926
101000	0.001206
101050	-0.004007
101100	-0.163014
101150	-0.103169
101200	-0.261831
101250	0.014991
101300	-0.094804
101350	-0.073868
101400	0.160547
101450	0.154899
101500	-0.110604
101550	-0.019208
101600	-0.017129
101650	-0.126831
101700	0.067104
101750	-0.312428
101800	-0.152146
101850	0.060519
101900	0.044854
101950	0.024679
102000	-0.050027
102050	-0.000150
102100	-0.092147
102150	0.027573
102200	-0.228968
102250	-0.033427
102300	-0.008374
102350	0.025428
102400	-0.124621
102450	-0.159702
102500	-0.124001
102550	0.018956
102600	-0.188266
102650	0.090575
102700	0.215272
102750	0.072874
102800	0.062501
102850	-0.029109
102900	-0.137947
102950	-0.083050
103000	0.010716
103050	-0.142613
103100	-0.098857
103150	-0.184853
103200	0.134541
103250	0.063663
103300	-0.100527
103350	0.229263
103400	-0.135820
103450	0.171788
103500	0.131083
103550	0.015943
103600	-0.113852
103650	-0.077032
103700	0.199970
103750	0.056604
103800	0.052827
103850	-0.037877
103900	-0.070701
103950	-0.051468
104000	0.078794
104050	0.064845
104100	0.106421
104150	0.017047
104200	0.102384
104250	-0.036019
104300	0.042430
104350	0.004837
104400	-0.004846
104450	-0.162404
104500	-0.071992
104550	-0.052040
104600	0.050585
104650	-0.052482
104700	-0.093391
104750	0.057385
104800	0.007278
104850	-0.108274
104900	0.124978
104950	0.056879
105000	0.076927
105050	0.020123
105100	-0.137854
105150	-0.025968
105200	0.170884
105250	0.063821
105300	0.246210
105350	0.175188
105400	0.105684
105450	-0.107323
105500	0.141646
105550	0.033457
105600	-0.113525
105650	0.032841
105700	-0.022833
105750	0.170656
105800	0.162415
105850	-0.077456
105900	0.060967
105950	-0.063154
106000	0.161734
106050	0.179821
106100	0.020936
106150	0.004494
106200	0.021008
106250	0.022562
106300	0.188043
106350	0.276561
106400	-0.046052
106450	0.053598
106500	-0.193848
106550	-0.073965
106600	0.253702
106650	0.052879
106700	-0.214935
106750	-0.257339
106800	0.253101
106850	0.017162
106900	-0.030576
106950	-0.108478
107000	-0.049583
107050	-0.050357
107100	-0.055764
107150	0.063190
107200	0.063484
107250	0.049006
107300	0.000654
107350	-0.035075
107400	0.102543
107450	0.148895
107500	-0.314134
107550	-0.010568
107600	-0.135124
107650	0.144074
107700	0.051399
107750	-0.129209
107800	-0.073653
107850	-0.087843
107900	0.049980
107950	-0.267649
108000	-0.102603
108050	-0.110389
108100	0.159171
108150	-0.189352
108200	-0.029484
108250	-0.315590
108300	0.048017
108350	-0.024008
108400	-0.099502
108450	-0.046832
108500	-0.013795
108550	-0.031131
108600	-0.243246
108650	-0.170820
108700	-0.121381
108750	-0.112171
108800	0.229697
108850	-0.141740
108900	0.034273
108950	-0.001490
109000	-0.021468
109050	-0.012138
109100	0.187287
109150	-0.138254
109200	-0.114691
109250	0.112856
109300	-0.016796
109350	-0.005952
109400	-0.057433
109450	0.018585
109500	0.242323
109550	0.067784
109600	-0.028954
109650	0.119717
109700	-0.130722
109750	0.033294
109800	0.014717
109850	-0.055282
109900	-0.048896
109950	0.032489
110000	0.197162
110050	-0.018739
110100	0.252635
110150	-0.225168
110200	0.149413
110250	0.027702
110300	-0.103272
110350	-0.006759
110400	-0.105168
110450	0.105419
110500	-0.043523
110550	0.136828
110600	0.023278
110650	-0.086944
110700	0.096811
110750	-0.218529
110800	-0.015698
110850	0.044500
110900	-0.108298
110950	0.011099
111000	-0.095619
111050	-0.024921
111100	0.026182
111150	-0.036071
111200	0.070868
111250	0.132849
111300	-0.054704
111350	-0.048512
111400	-0.058152
111450	-0.027463
111500	0.014901
111550	0.083917
111600	0.194693
111650	0.026359
111700	0.105153
111750	0.058569
111800	0.049517
111850	0.010373
111900	-0.186671
111950	-0.059243
112000	-0.036353
112050	0.033803
112100	0.105161
112150	0.022766
112200	-0.253588
112250	0.025004
112300	-0.160064
112350	0.186933
112400	0.019193
112450	-0.020027
112500	0.037481
112550	0.127506
112600	0.137550
112650	-0.154894
112700	-0.120448
112750	0.051666
112800	-0.046380
112850	0.003359
112900	0.048231
112950	0.059223
113000	-0.055852
113050	-0.119467
113100	-0.093789
113150	-0.103488
113200	0.090670
113250	0.153622
113300	-0.042549
113350	-0.073881
113400	0.087887
113450	-0.122283
113500	-0.095834
113550	-0.017756
113600	-0.110805
113650	0.085420
113700	-0.218315
113750	-0.041938
113800	0.076526
113850	0.096127
113900	0.224175
113950	0.010261
114000	-0.194665
114050	-0.052689
114100	-0.076513
114150	-0.012033
114200	0.261613
114250	0.048887
114300	-0.242278
114350	0.059515
114400	0.083828
114450	0.067671
114500	0.037501
114550	-0.009397
114600	0.067407
114650	-0.260800
114700	-0.196743
114750	-0.085108
114800	-0.169015
114850	-0.084773
114900	-0.122040
114950	-0.131992
115000	-0.095814
115050	0.045804
115100	-0.335059
115150	0.052700
115200	-0.115806
115250	0.036288
115300	-0.222467
115350	-0.210461
115400	0.030092
115450	0.150108
115500	0.136184
115550	0.063923
115600	-0.067752
115650	-0.076310
115700	-0.113401
115750	0.155461
115800	-0.271659
115850	0.242279
115900	-0.151934
115950	-0.256449
116000	-0.006870
116050	-0.082757
116100	0.024411
116150	-0.140364
116200	0.008765
116250	0.002412
116300	-0.102337
116350	0.077070
116400	-0.080152
116450	0.110275
116500	-0.176121
116550	-0.057402
116600	0.011810
116650	0.045682
116700	0.049271
116750	-0.073890
116800	0.148175
116850	-0.299778
116900	0.105558
116950	-0.187156
117000	0.099878
117050	-0.041813
117100	0.001616
117150	0.030675
117200	0.057832
117250	0.082892
117300	-0.073915
117350	0.128118
117400	-0.017269
117450	-0.058298
117500	-0.127548
117550	0.008541
117600	-0.127040
117650	0.010309
117700	0.031698
117750	-0.019812
117800	-0.053846
117850	0.213723
117900	-0.084563
117950	0.124332
118000	-0.209282
118050	0.138082
118100	0.193152
118150	0.026171
118200	-0.141356
118250	-0.004889
118300	0.101158
118350	0.111488
118400	0.171159
118450	0.051986
118500	-0.116090
118550	-0.090079
118600	-0.051107
118650	-0.138868
118700	-0.022475
118750	0.107554
118800	-0.090600
118850	-0.013108
118900	0.049477
118950	0.185104
119000	0.143719
119050	-0.044383
119100	-0.163570
119150	-0.026839
119200	-0.011830
119250	0.195722
119300	-0.211692
119350	-0.067632
119400	-0.089372
119450	0.043106
119500	-0.088603
119550	0.059613
119600	-0.086337
119650	-0.014003
119700	0.011957
119750	0.038035
119800	0.161338
119850	-0.023179
119900	0.145044
119950	0.212721
120000	0.074505
120050	0.113574
120100	-0.201276
120150	-0.061033
120200	0.067242
120250	0.104940
120300	0.179108
120350	0.239467
120400	-0.218493
120450	0.023263
120500	0.285175
120550	0.028037
120600	-0.002539
120650	-0.087530
120700	-0.220811
120750	0.018741
120800	0.257626
120850	0.003646
120900	0.081784
120950	-0.220900
121000	0.150986
121050	0.055096
121100	-0.117623
121150	-0.036411
121200	0.002769
121250	0.052261
121300	-0.038397
121350	0.018201
121400	0.074732
121450	0.311096
121500	0.022698
121550	0.108982
121600	0.180881
121650	-0.043706
121700	-0.005689
121750	0.204689
121800	-0.163460
121850	-0.206376
121900	-0.092193
121950	-0.040514
122000	-0.185429
122050	0.047911
122100	-0.094686
122150	-0.220768
122200	-0.224689
122250	0.099611
122300	0.063684
122350	0.026868
122400	0.169130
122450	0.050225
122500	0.211565
122550	0.210651
122600	-0.190660
122650	-0.159795
122700	-0.110085
122750	0.038624
122800	-0.031993
122850	0.108621
122900	0.126158
122950	-0.063450
123000	0.132245
123050	-0.040086
123100	-0.098926
123150	-0.335318
123200	-0.014477
123250	-0.051552
123300	0.007980
123350	0.085259
123400	0.131115
123450	-0.346304
123500	-0.090731
123550	0.002622
123600	-0.094414
123650	0.000272
123700	-0.018604
123750	-0.118464
123800	0.038327
123850	-0.072974
123900	0.022486
123950	0.129375
124000	-0.146436
124050	-0.149196
124100	0.024674
124150	0.064320
124200	-0.219984
124250	-0.208835
124300	-0.062468
124350	0.122572
124400	-0.022729
124450	0.241507
124500	-0.025820
124550	0.001442
124600	0.005781
124650	-0.114294
124700	0.209290
124750	0.083480
124800	0.151044
124850	-0.099112
124900	0.192358
124950	-0.087390
125000	0.088631
125050	-0.024958
125100	-0.263432
125150	0.080671
125200	-0.247727
125250	0.070759
125300	-0.087873
125350	-0.060975
125400	0.071620
125450	0.017993
125500	0.144004
125550	-0.085563
125600	0.106419
125650	0.058026
125700	-0.022714
125750	-0.030340
125800	-0.058272
125850	-0.024766
125900	-0.017934
125950	-0.052323
126000	0.199730
126050	-0.130089
126100	-0.375022
126150	-0.189326
126200	-0.044915
126250	0.055477
126300	0.078282
126350	0.015901
126400	-0.188606
126450	0.203622
126500	-0.125440
126550	-0.151271
126600	0.121654
126650	-0.040963
126700	0.003626
126750	0.049279
126800	-0.120039
126850	-0.078618
126900	0.063850
126950	-0.102945
127000	-0.014643
127050	-0.039044
127100	-0.182703
127150	-0.184397
127200	-0.220050
127250	0.083593
127300	-0.070652
127350	0.064715
127400	-0.110594
127450	0.248669
127500	-0.220370
127550	0.101867
127600	-0.049273
127650	-0.021065
127700	0.080682
127750	-0.098922
127800	-0.071745
127850	-0.269584
127900	-0.090938
127950	0.007901
128000	-0.027010
128050	0.064445
128100	-0.083207
128150	-0.078879
128200	0.010111
128250	-0.006113
128300	-0.165032
128350	0.076302
128400	-0.079766
128450	-0.017744
128500	0.175648
128550	-0.162904
128600	-0.046173
128650	-0.023019
128700	-0.003662
128750	-0.047604
128800	-0.040997
128850	-0.113602
128900	0.068792
128950	-0.121377
129000	-0.121405
129050	-0.003178
129100	-0.010277
129150	0.045653
129200	0.020976
129250	-0.216329
129300	-0.173066
129350	-0.119077
129400	-0.020137
129450	0.093908
129500	-0.146046
129550	0.041210
129600	0.057041
129650	0.034502
129700	0.208279
129750	0.065244
129800	0.204642
129850	0.052496
129900	0.082509
129950	0.061828
130000	-0.022974
130050	-0.030986
130100	0.012058
130150	-0.246063
130200	0.098869
130250	0.064026
130300	0.047568
130350	0.201667
130400	0.191912
130450	-0.052627
130500	0.025063
130550	-0.233608
130600	0.000448
130650	0.021954
130700	0.160946
130750	0.022201
130800	0.078780
130850	0.051002
130900	0.082909
130950	0.173774
131000	-0.114772
131050	0.021849
131100	0.072504
131150	-0.029320
131200	0.079943
131250	0.100122
131300	-0.130531
131350	-0.039245
131400	0.119517
131450	-0.022266
131500	0.179994
131550	-0.044007
131600	-0.317168
131650	0.019226
131700	-0.225271
131750	-0.284946
131800	0.040801
131850	-0.061612
131900	-0.038600
131950	-0.082938
132000	0.198889
132050	-0.123150
132100	0.056113
132150	0.046325
132200	0.146026
132250	-0.018721
132300	-0.092692
132350	-0.160003
132400	0.014461
132450	0.092563
132500	-0.100621
132550	0.054589
132600	0.242757
132650	-0.041192
132700	-0.203048
132750	-0.066997
132800	-0.111923
132850	0.191092
132900	-0.176452
132950	0.079729
133000	0.054437
133050	-0.089495
133100	-0.037182
133150	0.015143
133200	-0.004936
133250	-0.011944
133300	0.075720
133350	0.029134
133400	0.023523
133450	0.026625
133500	-0.076651
133550	0.005390
133600	-0.129675
133650	-0.088421
133700	0.011064
133750	0.314229
133800	0.181152
133850	-0.202846
133900	-0.102716
133950	-0.051121
134000	-0.189574
134050	-0.129132
134100	-0.052624
134150	0.036271
134200	-0.082903
134250	-0.089883
134300	-0.154513
134350	0.045338
134400	0.026963
134450	-0.084331
134500	-0.000745
134550	-0.041278
134600	-0.122745
134650	-0.026535
134700	-0.051334
134750	0.022399
134800	0.085338
134850	0.033816
134900	-0.065713
134950	0.066363
135000	-0.159767
135050	0.155258
135100	0.021299
135150	-0.003254
135200	0.109388
135250	0.006727
135300	-0.146782
135350	0.003176
135400	-0.023332
135450	0.067038
135500	-0.041157
135550	-0.128258
135600	0.000609
135650	0.167762
135700	0.068847
135750	0.119778
135800	-0.335999
135850	-0.076480
135900	0.019710
135950	-0.254121
136000	-0.183652
136050	-0.404064
136100	-0.204650
136150	-0.223340
136200	0.192013
136250	-0.024713
136300	0.193291
136350	0.080389
136400	-0.131714
136450	-0.131692
136500	0.323738
136550	0.107592
136600	0.104058
136650	-0.039028
136700	0.147940
136750	0.265933
136800	0.024191
136850	-0.184390
136900	0.210060
136950	-0.204331
137000	-0.047444
137050	0.141523
137100	0.115386
137150	0.000881
137200	-0.060650
137250	-0.045613
137300	-0.086136
137350	0.056368
137400	-0.120317
137450	0.078999
137500	0.159192
137550	0.082603
137600	0.124764
137650	-0.152885
137700	-0.033020
137750	-0.127831
137800	0.113842
137850	0.184016
137900	0.033900
137950	0.025702
138000	0.044311
138050	-0.152607
138100	0.029054
138150	-0.028034
138200	-0.004529
138250	-0.055834
138300	0.042456
138350	0.093094
138400	-0.288423
138450	0.014979
138500	0.077453
138550	-0.245178
138600	0.000601
138650	0.074951
138700	0.089084
138750	-0.061478
138800	0.315999
138850	0.090741
138900	0.207034
138950	0.045114
139000	-0.126147
139050	-0.086710
139100	0.014668
139150	-0.095127
139200	0.176602
139250	-0.302401
139300	-0.011051
139350	-0.022878
139400	-0.009452
139450	0.116265
139500	0.129313
139550	-0.113457
139600	-0.024461
139650	0.017230
139700	0.133953
139750	0.125465
139800	-0.099642
139850	0.152072
139900	0.128111
139950	0.100349
140000	-0.047731
140050	-0.092768
140100	-0.047781
140150	0.017991
140200	-0.037421
140250	0.038439
140300	-0.125343
140350	0.084284
140400	0.039516
140450	-0.074798
140500	-0.113089
140550	-0.389013
140600	0.196941
140650	0.057640
140700	0.171689
140750	0.019734
140800	0.219564
140850	-0.106954
140900	-0.037686
140950	0.005010
141000	0.278406
141050	0.081726
141100	0.157102
141150	-0.083895
141200	0.076589
141250	-0.040249
141300	0.039452
141350	-0.168525
141400	-0.101776
141450	0.214811
141500	-0.151915
141550	0.222596
141600	0.329240
141650	0.298391
141700	0.079644
141750	0.291691
141800	-0.110390
141850	-0.146939
141900	0.041277
141950	-0.039424
142000	0.223774
142050	-0.033426
142100	-0.049549
142150	0.053788
142200	0.141544
142250	0.059149
142300	-0.059892
142350	-0.037016
142400	-0.073077
142450	0.100674
142500	-0.029545
142550	0.049491
142600	0.357755
142650	0.012964
142700	-0.169649
142750	0.051411
142800	0.066887
142850	-0.139149
142900	0.243857
142950	0.068826
143000	0.154689
143050	-0.320026
143100	-0.007277
143150	-0.176558
143200	-0.050690
143250	0.121951
143300	0.015550
143350	-0.019211
143400	0.046551
143450	-0.082012
143500	-0.019566
143550	0.098297
143600	0.031227
143650	0.184193
143700	0.237375
143750	-0.090959
143800	0.022858
143850	0.010891
143900	0.126103
143950	0.138821
144000	-0.157091
144050	0.032638
144100	-0.014585
144150	-0.175967
144200	-0.108896
144250	-0.078783
144300	-0.082834
144350	-0.094599
144400	-0.206004
144450	-0.038459
144500	-0.010803
144550	0.025780
144600	0.099092
144650	-0.127871
144700	0.016897
144750	0.002773
144800	0.167225
144850	0.342266
144900	0.034444
144950	-0.186766
145000	0.078231
145050	-0.152197
145100	0.045703
145150	-0.026518
145200	-0.153144
145250	0.090632
145300	0.043882
145350	0.052921
145400	0.029397
145450	-0.003083
145500	-0.039128
145550	0.100634
145600	-0.047532
145650	-0.110392
145700	0.159731
145750	-0.064802
145800	-0.146102
145850	0.202652
145900	0.078939
145950	-0.055316
146000	0.298267
146050	0.088193
146100	-0.108936
146150	-0.176520
146200	-0.088349
146250	0.015753
146300	-0.142274
146350	-0.009179
146400	0.002853
146450	0.022823
146500	-0.053855
146550	-0.182494
146600	0.057706
146650	-0.133956
146700	-0.109099
146750	0.025774
146800	-0.064159
146850	0.123568
146900	0.163017
146950	0.035601
147000	0.061352
147050	0.148246
147100	0.286407
147150	0.024011
147200	-0.149258
147250	0.114027
147300	-0.147953
147350	-0.037026
147400	0.009127
147450	-0.023285
147500	-0.092351
147550	0.113222
147600	0.077523
147650	0.013465
147700	0.030884
147750	0.125247
147800	0.320671
147850	0.152867
147900	-0.108713
147950	0.082791
148000	0.101145
148050	0.187228
148100	0.180078
148150	0.179494
148200	-0.064654
148250	0.334464
148300	-0.071054
148350	0.044761
148400	0.018469
148450	0.267054
148500	0.052758
148550	0.042502
148600	0.179396
148650	-0.125760
148700	-0.058839
148750	-0.011857
148800	-0.206217
148850	0.070784
148900	-0.161883
148950	0.145073
149000	0.022090
149050	-0.169267
149100	0.072752
149150	-0.027834
149200	-0.250030
149250	0.033137
149300	-0.117696
149350	-0.056676
149400	0.013650
149450	-0.019872
149500	0.037357
149550	0.204958
149600	-0.119926
149650	-0.130915
149700	-0.215733
149750	0.094967
149800	0.051985
149850	0.266708
149900	-0.049445
149950	-0.014411
150000	0.157074
150050	-0.156852
150100	-0.193840
150150	0.039806
150200	0.057482
150250	0.107620
150300	-0.157115
150350	0.054675
150400	0.242052
150450	-0.014888
150500	0.304754
150550	-0.132632
150600	0.049677
150650	0.012413
150700	0.067107
150750	0.199829
150800	-0.061885
150850	0.131820
150900	0.114876
150950	0.025849
151000	-0.217820
151050	0.087074
151100	-0.124018
151150	0.055152
151200	0.042062
151250	-0.112169
151300	-0.176905
151350	-0.172946
151400	-0.033568
151450	0.054118
151500	0.054522
151550	0.037177
151600	-0.059192
151650	0.170105
151700	-0.153599
151750	-0.111132
151800	0.101716
151850	-0.067190
151900	0.107802
151950	0.022451
152000	0.162784
152050	0.121620
152100	-0.224425
152150	0.046808
152200	-0.066516
152250	0.135735
152300	-0.146754
152350	0.087956
152400	0.065685
152450	-0.039457
152500	0.104935
152550	-0.129756
152600	-0.046309
152650	0.112566
152700	0.070222
152750	-0.199550
152800	0.046055
152850	0.049094
152900	-0.007199
152950	-0.007850
153000	0.054471
153050	0.022989
153100	-0.106521
153150	-0.145498
153200	-0.256168
153250	-0.126109
153300	-0.050974
153350	0.082338
153400	0.221790
153450	0.173137
153500	-0.114003
153550	0.080245
153600	-0.155309
153650	-0.035632
153700	-0.029805
153750	0.174450
153800	0.032825
153850	0.069182
153900	0.029974
153950	0.272311
154000	-0.029701
154050	-0.083785
154100	0.033431
154150	0.153630
154200	-0.000419
154250	0.040870
154300	-0.182995
154350	0.030178
154400	0.006028
154450	0.068910
154500	0.126530
154550	0.150071
154600	0.172287
154650	0.053728
154700	-0.063317
154750	-0.044816
154800	-0.146955
154850	-0.012957
154900	0.139642
154950	0.091064
155000	0.115029
155050	-0.140680
155100	0.001397
155150	0.058602
155200	-0.171458
155250	0.067516
155300	-0.070003
155350	0.017550
155400	0.220949
155450	0.027479
155500	-0.030273
155550	-0.032430
155600	-0.021930
155650	0.055580
155700	-0.033594
155750	-0.112508
155800	-0.124575
155850	-0.097639
155900	-0.088369
155950	0.029232
156000	-0.048867
156050	0.001884
156100	-0.104208
156150	0.073646
156200	-0.020865
156250	-0.090497
156300	0.297538
156350	0.082148
156400	0.117585
156450	0.138099
156500	-0.151701
156550	-0.046017
156600	0.060279
156650	-0.113687
156700	0.022976
156750	0.061562
156800	-0.035359
156850	-0.058388
156900	0.199930
156950	-0.129361
157000	-0.027893
157050	0.155423
157100	-0.078599
157150	0.225070
157200	-0.065414
157250	0.002972
157300	-0.136324
157350	0.257316
157400	0.019454
157450	-0.136007
157500	0.190877
157550	-0.072269
157600	0.069103
157650	0.072604
157700	0.000737
157750	0.108818
157800	-0.057369
157850	0.052645
157900	-0.005753
157950	0.104162
158000	-0.049922
158050	-0.195304
158100	-0.099031
158150	-0.048488
158200	-0.017202
158250	0.088964
158300	0.033077
158350	0.073664
158400	0.007640
158450	0.071947
158500	0.009703
158550	-0.133115
158600	-0.163482
158650	-0.234497
158700	-0.125767
158750	0.143143
158800	-0.060439
158850	-0.032917
158900	0.084065
158950	-0.033343
159000	-0.076397
159050	0.044631
159100	-0.033758
159150	-0.123727
159200	-0.139835
159250	-0.037095
159300	0.108858
159350	-0.098765
159400	0.047211
159450	-0.006246
159500	-0.024092
159550	-0.084685
159600	-0.003150
159650	-0.089922
159700	0.056635
159750	-0.111899
159800	-0.332847
159850	-0.086863
159900	-0.021471
159950	0.313573
160000	0.179630
160050	0.014901
160100	0.016193
160150	0.098292
160200	-0.064489
160250	0.089648
160300	0.023770
160350	0.129214
160400	-0.096513
160450	0.114648
160500	-0.118296
160550	0.163900
160600	-0.022388
160650	-0.036954
160700	-0.040478
160750	-0.046783
160800	-0.152758
160850	-0.038495
160900	-0.117549
160950	-0.058845
161000	-0.014595
161050	0.001184
161100	-0.039407
161150	0.011278
161200	-0.216798
161250	-0.029391
161300	0.099182
161350	0.105486
161400	-0.100492
161450	-0.023778
161500	0.074692
161550	0.133321
161600	-0.030716
161650	0.030370
161700	0.148930
161750	-0.101619
161800	-0.068546
161850	0.115285
161900	0.114356
161950	-0.077156
162000	-0.083392
162050	-0.026561
162100	-0.199162
162150	0.061827
162200	-0.016682
162250	-0.079457
162300	0.156887
162350	-0.494226
162400	-0.297538
162450	-0.018336
162500	-0.187073
162550	0.022023
162600	0.004737
162650	0.038843
162700	0.019735
162750	-0.080893
162800	0.112216
162850	-0.087116
162900	0.005180
162950	0.048322
163000	-0.204814
163050	-0.096832
163100	0.022658
163150	-0.192197
163200	-0.013716
163250	-0.054766
163300	0.084902
163350	-0.192348
163400	0.113138
163450	-0.117236
163500	-0.073316
163550	-0.139396
163600	0.121920
163650	-0.018201
163700	0.009411
163750	-0.071742
163800	0.317093
163850	-0.217180
163900	0.082487
163950	-0.114330
164000	0.164164
164050	-0.102534
164100	-0.006021
164150	0.065976
164200	-0.059257
164250	0.182163
164300	-0.166550
164350	-0.025057
164400	0.002194
164450	0.120164
164500	0.121562
164550	0.033814
164600	0.064128
164650	-0.019660
164700	-0.014722
164750	-0.105530
164800	0.207777
164850	-0.064390
164900	-0.092615
164950	0.121587
165000	-0.017824
165050	0.120812
165100	0.049125
165150	-0.045828
165200	-0.239717
165250	-0.271967
165300	0.068597
165350	-0.124787
165400	0.157959
165450	-0.291619
165500	-0.370710
165550	0.167329
165600	-0.029822
165650	-0.106113
165700	-0.014449
165750	0.143470
165800	-0.127380
165850	0.008865
165900	-0.017894
165950	-0.123815
166000	0.209365
166050	-0.047445
166100	-0.028624
166150	-0.004909
166200	-0.272010
166250	0.191855
166300	0.017935
166350	-0.016628
166400	0.047710
166450	0.033490
166500	-0.056521
166550	-0.103616
166600	-0.239272
166650	-0.168962
166700	-0.095594
166750	-0.024261
166800	0.093957
166850	-0.060547
166900	-0.048879
166950	-0.073390
167000	-0.148883
167050	0.069144
167100	-0.136160
167150	-0.078258
167200	-0.068848
167250	0.133818
167300	0.108232
167350	-0.037596
167400	0.057180
167450	-0.079439
167500	0.033047
167550	0.003359
167600	-0.008413
167650	-0.112870
167700	-0.041942
167750	0.054948
167800	-0.078281
167850	-0.131309
167900	-0.139517
167950	0.187233
168000	0.172629
168050	-0.042887
168100	-0.384380
168150	0.045620
168200	0.283095
168250	0.017244
168300	0.106676
168350	0.015571
168400	-0.089073
168450	-0.100938
168500	-0.203169
168550	-0.118130
168600	0.131771
168650	-0.089360
168700	-0.026169
168750	-0.063594
168800	-0.027776
168850	-0.019846
168900	0.010613
168950	0.233865
169000	0.208518
169050	-0.088525
169100	0.167920
169150	0.109185
169200	-0.083787
169250	-0.020906
169300	-0.129040
169350	0.128780
169400	-0.190232
169450	0.007554
169500	-0.097446
169550	-0.218718
169600	-0.113908
169650	0.080951
169700	-0.146564
169750	0.206161
169800	0.153591
169850	0.170562
169900	-0.024396
169950	0.028307
170000	-0.114327
170050	0.019849
170100	0.058135
170150	0.076239
170200	0.069210
170250	-0.004196
170300	-0.001135
170350	0.130316
170400	-0.091467
170450	-0.103431
170500	-0.083156
170550	-0.025251
170600	0.102522
170650	-0.365383
170700	-0.079920
170750	-0.101765
170800	-0.228741
170850	-0.175441
170900	-0.114799
170950	-0.078446
171000	0.046984
171050	-0.148605
171100	0.067739
171150	0.200184
171200	-0.031126
171250	0.052380
171300	-0.032881
171350	-0.104382
171400	0.106964
171450	-0.026031
171500	-0.236576
171550	-0.368971
171600	0.037162
171650	-0.087393
171700	-0.294490
171750	-0.031989
171800	0.208818
171850	-0.036344
171900	-0.072130
171950	0.042298
172000	0.088399
172050	0.021836
172100	0.160437
172150	0.035664
172200	0.333068
172250	-0.173473
172300	0.013352
172350	0.051576
172400	0.037304
172450	0.079800
172500	-0.173507
172550	-0.075344
172600	0.024990
172650	0.000589
172700	-0.008764
172750	0.200705
172800	-0.240704
172850	0.100301
172900	0.058206
172950	-0.181799
173000	-0.058462
173050	-0.046051
173100	-0.193585
173150	-0.049094
173200	-0.162989
173250	-0.080649
173300	0.188889
173350	0.145192
173400	0.167285
173450	-0.055935
173500	-0.102613
173550	0.428727
173600	0.156860
173650	0.254901
173700	0.017182
173750	-0.051418
173800	0.112864
173850	-0.342071
173900	0.193288
173950	0.105094
174000	0.156036
174050	-0.096815
174100	0.145680
174150	-0.067507
174200	0.042816
174250	-0.063729
174300	0.068694
174350	-0.091540
174400	-0.105826
174450	-0.215349
174500	0.100848
174550	0.093270
174600	0.016710
174650	-0.260297
174700	0.128215
174750	-0.181043
174800	-0.150580
174850	-0.023473
174900	-0.010716
174950	-0.108775
175000	0.030422
175050	0.097072
175100	-0.350655
175150	-0.245366
175200	-0.121666
175250	0.151580
175300	0.149500
175350	-0.124349
175400	-0.080530
175450	0.128484
175500	-0.102719
175550	0.033591
175600	-0.073370
175650	0.199893
175700	-0.050740
175750	-0.097257
175800	0.006217
175850	-0.178980
175900	-0.046815
175950	-0.082472
176000	-0.095346
176050	0.077643
176100	0.129429
176150	-0.066981
176200	-0.004271
176250	-0.198446
176300	-0.161684
176350	0.003470
176400	-0.124617
176450	-0.074078
176500	0.033335
176550	-0.161398
176600	0.065204
176650	-0.141234
176700	-0.133151
176750	-0.199403
176800	-0.220872
176850	0.292785
176900	-0.004147
176950	-0.093428
177000	0.015870
177050	0.255871
177100	-0.301845
177150	-0.012803
177200	-0.032634
177250	0.040692
177300	-0.187195
177350	0.050387
177400	0.099004
177450	0.031052
177500	0.031794
177550	0.030967
177600	0.092400
177650	0.012053
177700	0.103539
177750	0.128029
177800	0.037964
177850	-0.084377
177900	-0.345700
177950	-0.001818
178000	-0.089912
178050	-0.063401
178100	0.024569
178150	-0.054534
178200	0.015371
178250	-0.014091
178300	0.065049
178350	-0.067343
178400	-0.085015
178450	-0.075176
178500	-0.138877
178550	-0.035739
178600	0.309066
178650	0.199102
178700	0.047130
178750	0.132320
178800	0.199725
178850	0.094388
178900	0.051763
178950	0.042436
179000	-0.053243
179050	0.041383
179100	-0.074941
179150	-0.091919
179200	0.162522
179250	0.063726
179300	0.023705
179350	-0.056058
179400	0.180762
179450	0.009787
179500	0.183366
179550	0.052487
179600	-0.134380
179650	-0.158137
179700	-0.048576
179750	0.032142
179800	-0.103861
179850	-0.013565
179900	0.171367
179950	0.009131
180000	-0.081797
180050	-0.092150
180100	-0.061023
180150	0.107840
180200	-0.215772
180250	0.050599
180300	0.150728
180350	-0.154306
180400	0.108092
180450	0.021687
180500	-0.142035
180550	0.034929
180600	-0.023178
180650	0.107193
180700	-0.155849
180750	0.072998
180800	0.048322
180850	0.085073
180900	-0.030532
180950	-0.183247
181000	-0.215930
181050	-0.143565
181100	-0.140957
181150	-0.030127
181200	0.078724
181250	0.206783
181300	0.002367
181350	-0.187822
181400	0.208908
181450	-0.144080
181500	0.047200
181550	0.073832
181600	0.069410
181650	0.068588
181700	-0.100988
181750	-0.162799
181800	-0.101450
181850	0.035451
181900	0.021116
181950	0.011112
182000	0.126054
182050	-0.217571
182100	0.112748
182150	-0.112451
182200	-0.007735
182250	0.029269
182300	-0.006293
182350	-0.111149
182400	0.095589
182450	-0.010636
182500	-0.125351
182550	0.152087
182600	0.061955
182650	0.115441
182700	-0.102609
182750	-0.292694
182800	-0.181513
182850	-0.056836
182900	0.025231
182950	0.052466
183000	-0.029758
183050	0.050516
183100	0.093159
183150	-0.132377
183200	-0.006759
183250	0.187586
183300	0.025786
183350	-0.307294
183400	0.088487
183450	-0.135550
183500	-0.051156
183550	0.036418
183600	0.048973
183650	0.027967
183700	-0.055749
183750	-0.198791
183800	-0.077276
183850	-0.198195
183900	0.002786
183950	0.075882
184000	-0.089679
184050	0.084318
184100	0.118214
184150	0.192932
184200	0.105065
184250	0.064777
184300	-0.108717
184350	-0.178754
184400	0.120599
184450	0.118709
184500	0.124294
184550	0.279207
184600	-0.172912
184650	-0.020180
184700	-0.040446
184750	-0.017286
184800	-0.032615
184850	0.055379
184900	0.203525
184950	-0.094336
185000	-0.122081
185050	0.041958
185100	-0.256321
185150	0.105970
185200	0.165314
185250	-0.260709
185300	0.084724
185350	0.092498
185400	-0.002341
185450	-0.001251
185500	0.000419
185550	0.070609
185600	-0.089053
185650	-0.051679
185700	-0.032623
185750	-0.270052
185800	-0.120099
185850	-0.477752
185900	-0.237703
185950	-0.169300
186000	0.045257
186050	-0.050698
186100	-0.021872
186150	-0.115822
186200	0.115186
186250	-0.055676
186300	0.260259
186350	0.086783
186400	0.115189
186450	-0.052360
186500	0.078149
186550	0.168858
186600	0.032307
186650	0.231086
186700	0.091520
186750	-0.158406
186800	0.047671
186850	-0.257312
186900	-0.084804
186950	0.089469
187000	0.148501
187050	0.008916
187100	0.288999
187150	-0.130048
187200	-0.248906
187250	-0.216862
187300	0.068095
187350	0.002856
187400	0.272912
187450	0.086856
187500	0.113470
187550	0.009219
187600	-0.110271
187650	-0.211431
187700	-0.125470
187750	-0.303276
187800	-0.230011
187850	-0.256690
187900	-0.022302
187950	-0.010314
188000	-0.064718
188050	-0.100843
188100	0.149990
188150	0.068489
188200	0.033230
188250	-0.015507
188300	0.035939
188350	-0.063507
188400	0.045383
188450	-0.011634
188500	-0.118618
188550	0.114912
188600	0.096859
188650	-0.286690
188700	0.225105
188750	0.073056
188800	0.314970
188850	-0.194435
188900	-0.146979
188950	-0.011289
189000	-0.201535
189050	0.002000
189100	0.255425
189150	0.075047
189200	0.076056
189250	0.130154
189300	0.045544
189350	-0.041403
189400	0.014771
189450	0.168805
189500	0.180481
189550	0.094319
189600	-0.070134
189650	0.271887
189700	-0.103722
189750	0.235352
189800	-0.178075
189850	0.033193
189900	-0.012155
189950	0.059824
190000	-0.125038
190050	0.056759
190100	-0.028561
190150	-0.156439
190200	0.202196
190250	-0.062086
190300	-0.026613
190350	0.005200
190400	-0.143272
190450	-0.115492
190500	-0.184637
190550	-0.063742
190600	-0.011526
190650	0.082949
190700	0.162779
190750	-0.074176
190800	-0.155397
190850	0.003634
190900	-0.187302
190950	0.048816
191000	-0.033619
191050	0.063741
191100	-0.007015
191150	0.049240
191200	0.045982
191250	0.000181
191300	-0.192316
191350	-0.057442
191400	0.097456
191450	-0.098901
191500	0.266110
191550	0.136129
191600	0.063179
191650	0.114098
191700	-0.063957
191750	-0.188245
191800	-0.009390
191850	0.112232
191900	-0.069693
191950	-0.111561
192000	0.103894
192050	0.222335
192100	0.218389
192150	0.020999
192200	0.134424
192250	-0.055165
192300	-0.025146
192350	-0.048629
192400	-0.220492
192450	-0.217976
192500	0.183695
192550	0.102081
192600	-0.166109
192650	-0.282545
192700	0.127488
192750	0.038947
192800	0.088840
192850	0.014321
192900	-0.044503
192950	0.030770
193000	-0.025334
193050	-0.083594
193100	-0.036999
193150	-0.001862
193200	0.049121
193250	-0.142646
193300	0.095952
193350	-0.055080
193400	-0.007306
193450	-0.012601
193500	0.111558
193550	-0.084534
193600	-0.066480
193650	-0.217452
193700	0.062283
193750	-0.067066
193800	-0.069890
193850	-0.002363
193900	0.058681
193950	-0.016068
194000	0.019823
194050	-0.000006
194100	0.174259
194150	0.019406
194200	0.026553
194250	-0.156776
194300	0.107198
194350	-0.076257
194400	-0.109163
194450	-0.137496
194500	0.234704
194550	0.088466
194600	-0.091353
194650	0.120526
194700	0.140645
194750	0.096149
194800	0.309952
194850	0.105696
194900	0.073900
194950	0.088158
195000	0.059412
195050	-0.026508
195100	0.122721
195150	0.002861
195200	0.080575
195250	-0.189053
195300	-0.031707
195350	-0.060366
195400	0.063681
195450	0.127062
195500	-0.111629
195550	0.187048
195600	-0.076372
195650	-0.267132
195700	-0.002396
195750	-0.080275
195800	-0.084969
195850	0.059608
195900	0.010993
195950	0.162326
196000	0.003157
196050	0.158865
196100	-0.018987
196150	0.027561
196200	-0.127744
196250	0.065451
196300	-0.008067
196350	0.088970
196400	0.150085
196450	0.060003
196500	0.097240
196550	-0.010125
196600	0.275985
196650	-0.092235
196700	0.090656
196750	-0.138589
196800	-0.001692
196850	-0.103646
196900	0.046128
196950	-0.130041
197000	-0.048309
197050	0.088928
197100	-0.169388
197150	0.014307
197200	-0.180893
197250	-0.061526
197300	-0.024864
197350	0.071150
197400	0.035146
197450	0.164914
197500	-0.065155
197550	0.000868
197600	-0.021336
197650	0.079831
197700	0.218465
197750	0.053337
197800	-0.073492
197850	0.075532
197900	-0.012005
197950	-0.124097
198000	0.038340
198050	0.072965
198100	0.237507
198150	-0.018829
198200	0.154682
198250	0.065287
198300	0.150077
198350	-0.160774
198400	-0.153468
198450	-0.016757
198500	-0.040443
198550	-0.032594
198600	0.041339
198650	-0.298597
198700	0.041633
198750	0.122084
198800	0.270684
198850	-0.047828
198900	0.101903
198950	-0.026953
199000	-0.015528
199050	-0.027497
199100	-0.090671
199150	-0.178125
199200	0.057656
199250	0.036884
199300	0.108254
199350	-0.043810
199400	-0.003835
199450	0.041575
199500	0.092563
199550	0.109841
199600	-0.012900
199650	0.212549
199700	0.066526
199750	0.035664
199800	-0.098616
199850	-0.100754
199900	-0.024534
199950	-0.137827
