0	63.395086
50	2.825978
100	0.694850
150	0.454441
200	0.220847
250	-0.115499
300	0.118779
350	0.321707
400	0.092612
450	0.302436
500	0.208704
550	0.290745
600	0.248636
650	0.011606
700	0.067658
750	0.243242
800	0.149308
850	0.109323
900	-0.062123
950	0.136558
1000	0.065421
1050	0.301592
1100	0.102690
1150	0.002872
1200	0.147590
1250	0.157506
1300	-0.153976
1350	-0.158750
1400	-0.155798
1450	-0.062729
1500	-0.101819
1550	-0.243233
1600	0.079017
1650	-0.128080
1700	0.010089
1750	0.176505
1800	0.112685
1850	0.154487
1900	0.015006
1950	0.424581
2000	0.007268
2050	-0.053681
2100	0.024942
2150	0.088495
2200	0.194490
2250	0.377688
2300	0.088653
2350	0.175470
2400	-0.222532
2450	0.204834
2500	0.071763
2550	-0.194884
2600	0.035232
2650	0.140668
2700	0.028889
2750	0.027649
2800	0.160421
2850	-0.042822
2900	0.338646
2950	0.280968
3000	0.055870
3050	-0.072644
3100	0.070191
3150	-0.097632
3200	0.049936
3250	0.045209
3300	0.009535
3350	-0.474092
3400	0.155062
3450	0.295808
3500	0.244508
3550	0.318560
3600	0.083539
3650	-0.102839
3700	-0.179013
3750	0.069735
3800	-0.177239
3850	0.580521
3900	0.162869
3950	0.060051
4000	0.149530
4050	0.222625
4100	0.245921
4150	0.036760
4200	-0.034021
4250	-0.051897
4300	0.056687
4350	0.235650
4400	-0.281479
4450	-0.132575
4500	0.235759
4550	0.106942
4600	-0.163763
4650	0.242188
4700	0.387247
4750	0.230285
4800	0.046483
4850	0.028069
4900	-0.266398
4950	0.279483
5000	0.252260
5050	-0.068318
5100	-0.122466
5150	0.234711
5200	0.385698
5250	0.297032
5300	-0.230643
5350	-0.184375
5400	-0.041880
5450	0.201218
5500	0.048939
5550	-0.145074
5600	0.261849
5650	-0.151940
5700	0.198253
5750	-0.080253
5800	-0.079962
5850	0.136610
5900	0.030591
5950	0.345643
6000	0.156785
6050	0.380815
6100	0.365192
6150	-0.097568
6200	0.297785
6250	0.380630
6300	0.096429
6350	0.176880
6400	0.088955
6450	-0.092029
6500	0.083663
6550	0.223425
6600	0.085312
6650	0.366117
6700	0.000716
6750	-0.117862
6800	0.139509
6850	-0.069015
6900	0.071769
6950	0.426976
7000	-0.022628
7050	0.090803
7100	0.128028
7150	0.134602
7200	-0.030607
7250	-0.054948
7300	0.181912
7350	-0.000785
7400	-0.024139
7450	0.152112
7500	0.149926
7550	0.040040
7600	0.386843
7650	-0.048735
7700	-0.031793
7750	-0.141162
7800	-0.105958
7850	0.152922
7900	0.030521
7950	0.006842
8000	0.040767
8050	0.230091
8100	-0.012441
8150	0.136846
8200	0.191874
8250	-0.055308
8300	0.029297
8350	0.240481
8400	-0.014829
8450	0.091867
8500	0.379430
8550	0.022455
8600	0.222799
8650	-0.118215
8700	0.068687
8750	-0.134880
8800	0.143193
8850	0.047088
8900	0.276030
8950	-0.264874
9000	0.102273
9050	-0.124890
9100	0.045191
9150	0.214264
9200	0.157721
9250	0.340314
9300	0.063620
9350	0.016659
9400	0.212380
9450	0.361791
9500	0.305240
9550	0.005547
9600	-0.095632
9650	-0.235005
9700	0.211489
9750	0.177913
9800	-0.084030
9850	0.065001
9900	-0.054914
9950	0.086134
10000	-0.169991
10050	0.051859
10100	-0.156663
10150	-0.047846
10200	0.062560
10250	-0.103145
10300	0.153668
10350	0.533334
10400	0.027012
10450	0.169328
10500	0.153428
10550	-0.053202
10600	0.185089
10650	-0.158864
10700	0.076571
10750	0.064619
10800	-0.170352
10850	-0.094241
10900	0.009430
10950	0.139342
11000	0.365246
11050	0.156210
11100	0.483904
11150	0.102248
11200	0.144891
11250	-0.012092
11300	-0.149856
11350	0.016870
11400	0.093828
11450	0.391768
11500	-0.020654
11550	0.234575
11600	-0.049366
11650	-0.020809
11700	0.039429
11750	0.018929
11800	-0.209141
11850	0.119499
11900	0.275599
11950	0.095717
12000	-0.238942
12050	0.032783
12100	0.069087
12150	-0.240696
12200	-0.022702
12250	0.126091
12300	0.277578
12350	-0.424529
12400	0.026620
12450	0.371069
12500	-0.025426
12550	0.101435
12600	-0.276730
12650	-0.341890
12700	0.029280
12750	-0.010351
12800	-0.021620
12850	0.147291
12900	0.037456
12950	-0.029106
13000	-0.005039
13050	-0.325086
13100	0.211400
13150	0.372268
13200	-0.034779
13250	0.350858
13300	-0.132544
13350	-0.170262
13400	-0.138233
13450	0.198832
13500	-0.177657
13550	-0.060638
13600	-0.077255
13650	-0.288566
13700	0.246965
13750	-0.073455
13800	0.332592
13850	0.195749
13900	-0.019814
13950	0.125064
14000	0.003536
14050	0.334935
14100	-0.016708
14150	0.138730
14200	-0.011854
14250	-0.090954
14300	0.143400
14350	0.096496
14400	-0.086812
14450	0.256699
14500	0.119113
14550	0.197741
14600	-0.114007
14650	0.173328
14700	0.163303
14750	-0.118889
14800	0.161757
14850	0.095194
14900	-0.006692
14950	-0.237701
15000	0.120593
15050	0.016982
15100	0.394454
15150	0.077719
15200	0.079027
15250	0.001157
15300	0.205738
15350	-0.189087
15400	0.289937
15450	0.061535
15500	0.166736
15550	0.168066
15600	0.054804
15650	0.136703
15700	-0.046876
15750	-0.080413
15800	-0.069143
15850	0.047621
15900	0.176428
15950	-0.195393
16000	-0.076049
16050	-0.007417
16100	0.148754
16150	0.059080
16200	-0.284378
16250	0.402570
16300	0.141168
16350	0.474994
16400	0.099948
16450	0.223599
16500	0.143000
16550	0.216492
16600	0.102151
16650	-0.113563
16700	-0.129999
16750	-0.059750
16800	0.005052
16850	-0.021099
16900	-0.076201
16950	0.088446
17000	-0.040559
17050	0.349969
17100	-0.004765
17150	0.292695
17200	0.000422
17250	0.418051
17300	0.326982
17350	0.205272
17400	0.275257
17450	-0.078299
17500	-0.021057
17550	-0.147222
17600	0.116070
17650	-0.170591
17700	0.292513
17750	0.224391
17800	0.201331
17850	0.085690
17900	0.137142
17950	0.369277
18000	0.089154
18050	0.348620
18100	0.296638
18150	0.293394
18200	0.057018
18250	-0.314170
18300	0.324317
18350	0.281654
18400	0.274691
18450	0.018669
18500	0.017564
18550	-0.276558
18600	-0.134548
18650	0.125546
18700	0.158845
18750	0.207987
18800	0.393955
18850	0.070253
18900	0.047521
18950	0.030482
19000	0.124373
19050	-0.309864
19100	-0.243543
19150	0.221606
19200	-0.522828
19250	-0.062450
19300	0.072526
19350	-0.029837
19400	0.122066
19450	0.134067
19500	0.046463
19550	0.082759
19600	-0.138772
19650	0.018075
19700	0.037928
19750	0.016916
19800	-0.098306
19850	0.056693
19900	0.082255
19950	0.128201
20000	0.277523
20050	-0.460605
20100	0.208217
20150	0.218241
20200	-0.268113
20250	0.052429
20300	0.070029
20350	-0.193032
20400	0.252333
20450	0.347249
20500	0.022069
20550	0.321128
20600	0.373861
20650	0.277666
20700	0.104336
20750	0.198065
20800	0.217306
20850	0.019608
20900	0.500990
20950	-0.007606
21000	0.148080
21050	0.065336
21100	0.142520
21150	-0.001927
21200	0.182134
21250	0.056498
21300	0.102275
21350	0.326148
21400	0.101007
21450	0.313978
21500	0.266785
21550	0.151811
21600	0.448082
21650	0.077761
21700	0.364375
21750	0.191742
21800	-0.353339
21850	0.243828
21900	-0.311169
21950	0.188903
22000	0.514460
22050	0.143442
22100	0.163441
22150	0.122243
22200	0.018200
22250	0.430223
22300	0.234372
22350	0.407821
22400	0.043615
22450	0.292380
22500	0.023642
22550	-0.162545
22600	0.017359
22650	0.088611
22700	0.169079
22750	0.327272
22800	-0.017185
22850	-0.160971
22900	0.223811
22950	-0.295432
23000	0.239989
23050	0.442607
23100	0.298042
23150	0.256086
23200	0.210895
23250	0.172497
23300	0.541876
23350	-0.121371
23400	0.058164
23450	-0.063617
23500	0.049684
23550	0.316135
23600	-0.108203
23650	-0.068372
23700	0.278117
23750	-0.340422
23800	0.110585
23850	0.047442
23900	0.100961
23950	-0.160961
24000	-0.138930
24050	0.022197
24100	-0.258488
24150	-0.394379
24200	0.007632
24250	0.188935
24300	0.087155
24350	-0.099202
24400	0.134842
24450	-0.281666
24500	0.152566
24550	0.091511
24600	-0.125968
24650	0.009533
24700	-0.047543
24750	-0.188229
24800	0.049657
24850	0.301507
24900	0.110013
24950	0.122665
25000	0.110167
25050	0.079307
25100	0.017842
25150	-0.046815
25200	0.455286
25250	0.121910
25300	0.267962
25350	-0.059075
25400	-0.108552
25450	-0.122914
25500	0.038195
25550	0.251508
25600	0.317669
25650	-0.089619
25700	-0.083264
25750	-0.112760
25800	0.173147
25850	-0.021225
25900	0.021835
25950	0.090117
26000	0.063600
26050	-0.268495
26100	-0.173776
26150	0.128461
26200	0.489959
26250	0.001370
26300	-0.100145
26350	0.020619
26400	-0.057498
26450	-0.142792
26500	0.066786
26550	0.219104
26600	-0.035770
26650	0.029332
26700	0.183345
26750	0.210547
26800	0.098203
26850	0.197399
26900	0.271203
26950	-0.040912
27000	0.050764
27050	-0.147247
27100	0.092567
27150	-0.059740
27200	-0.135823
27250	0.024428
27300	0.029896
27350	-0.027513
27400	0.494879
27450	0.173889
27500	0.178703
27550	0.250081
27600	-0.060843
27650	0.030794
27700	-0.010348
27750	0.124602
27800	0.390364
27850	-0.180462
27900	-0.088785
27950	0.025429
28000	0.060371
28050	0.289878
28100	0.283927
28150	0.348651
28200	0.079500
28250	-0.075978
28300	-0.150882
28350	-0.111856
28400	0.009103
28450	0.089175
28500	-0.052269
28550	-0.025180
28600	0.017280
28650	0.145077
28700	-0.045131
28750	-0.068314
28800	0.113150
28850	0.045356
28900	-0.029035
28950	0.027599
29000	-0.116605
29050	0.120395
29100	0.125674
29150	0.218179
29200	0.052711
29250	0.244383
29300	0.173156
29350	0.204514
29400	0.157975
29450	0.080268
29500	-0.062155
29550	0.061352
29600	0.307610
29650	0.195603
29700	-0.045944
29750	0.157206
29800	-0.037040
29850	0.079476
29900	0.054715
29950	-0.033443
30000	0.293871
30050	0.360141
30100	-0.219644
30150	-0.061974
30200	0.135003
30250	-0.218812
30300	-0.193851
30350	-0.417012
30400	-0.168458
30450	0.043030
30500	0.152138
30550	-0.012235
30600	-0.129158
30650	0.073811
30700	-0.066925
30750	-0.349860
30800	0.103374
30850	0.024094
30900	-0.369967
30950	-0.134440
31000	-0.342529
31050	0.171882
31100	-0.313245
31150	-0.029364
31200	0.130574
31250	0.065705
31300	0.214646
31350	-0.212164
31400	-0.130262
31450	-0.028883
31500	0.253961
31550	0.219451
31600	-0.233645
31650	0.294560
31700	-0.216622
31750	-0.186233
31800	0.405568
31850	0.252225
31900	0.364056
31950	0.096627
32000	0.025327
32050	-0.201932
32100	0.069294
32150	0.234532
32200	0.045954
32250	0.396402
32300	-0.177582
32350	-0.116545
32400	-0.264492
32450	0.048084
32500	0.190051
32550	0.229459
32600	0.147351
32650	0.048882
32700	-0.105023
32750	-0.062402
32800	-0.004485
32850	-0.072132
32900	0.398490
32950	-0.042555
33000	-0.049527
33050	0.152246
33100	0.075326
33150	0.033215
33200	-0.174640
33250	-0.082395
33300	0.251586
33350	0.009976
33400	0.338885
33450	-0.054039
33500	0.054015
33550	-0.260457
33600	0.015308
33650	-0.119647
33700	0.038491
33750	0.261344
33800	0.113012
33850	0.121056
33900	0.408815
33950	-0.070996
34000	0.010719
34050	0.030404
34100	-0.014433
34150	-0.152154
34200	0.010933
34250	0.160540
34300	0.138245
34350	-0.356267
34400	0.030651
34450	-0.061333
34500	-0.050649
34550	0.107779
34600	0.177339
34650	-0.025114
34700	-0.168094
34750	0.066378
34800	0.013313
34850	-0.494768
34900	0.175143
34950	-0.254366
35000	0.140097
35050	-0.135403
35100	-0.016549
35150	-0.084741
35200	0.141890
35250	0.165526
35300	-0.297773
35350	-0.212735
35400	0.099992
35450	-0.018818
35500	0.078126
35550	0.033532
35600	-0.034023
35650	0.024470
35700	0.115292
35750	-0.336685
35800	0.155657
35850	-0.336529
35900	-0.020202
35950	-0.053810
36000	0.142433
36050	-0.180323
36100	-0.107401
36150	0.281351
36200	0.196601
36250	-0.229622
36300	0.144317
36350	-0.307829
36400	0.012402
36450	-0.177323
36500	0.091621
36550	-0.360314
36600	-0.377072
36650	0.109355
36700	0.030921
36750	0.125993
36800	0.168471
36850	-0.212184
36900	0.104582
36950	0.087372
37000	-0.047375
37050	-0.033168
37100	0.167785
37150	-0.034041
37200	-0.221280
37250	0.023760
37300	0.167390
37350	0.095296
37400	-0.045521
37450	-0.003285
37500	0.118477
37550	0.164865
37600	-0.314353
37650	-0.073938
37700	0.027927
37750	-0.034643
37800	0.121086
37850	-0.011276
37900	0.166187
37950	-0.255296
38000	0.080553
38050	0.212844
38100	0.317327
38150	0.408238
38200	-0.060026
38250	0.228162
38300	-0.152680
38350	0.164833
38400	-0.145484
38450	-0.157233
38500	-0.258714
38550	0.089502
38600	0.389110
38650	0.089112
38700	0.074385
38750	0.361339
38800	-0.026368
38850	0.215000
38900	0.421880
38950	0.263804
39000	0.203566
39050	0.363280
39100	-0.010146
39150	-0.386115
39200	0.155056
39250	0.333903
39300	-0.249383
39350	0.030925
39400	-0.160133
39450	-0.322063
39500	-0.220398
39550	-0.123513
39600	-0.005447
39650	0.082462
39700	0.090610
39750	-0.080182
39800	0.044041
39850	0.216512
39900	0.038941
39950	-0.142807
40000	-0.102604
40050	-0.007973
40100	-0.078810
40150	0.002118
40200	-0.173354
40250	0.247301
40300	-0.195507
40350	0.179362
40400	0.079932
40450	-0.168825
40500	0.192855
40550	0.000038
40600	-0.303754
40650	-0.235382
40700	-0.015458
40750	0.255496
40800	0.028424
40850	-0.112000
40900	-0.480380
40950	0.076869
41000	0.260396
41050	-0.232485
41100	-0.121121
41150	-0.187159
41200	-0.195358
41250	-0.236282
41300	-0.190579
41350	0.027679
41400	0.032270
41450	0.302725
41500	-0.204112
41550	-0.161281
41600	0.359368
41650	-0.066476
41700	0.078536
41750	0.094517
41800	-0.043379
41850	0.143201
41900	0.062619
41950	0.268566
42000	-0.124895
42050	-0.191969
42100	0.340531
42150	0.117031
42200	-0.015851
42250	0.171343
42300	-0.204545
42350	-0.051115
42400	-0.162380
42450	0.083395
42500	0.141520
42550	-0.228711
42600	-0.243179
42650	0.065804
42700	-0.074349
42750	-0.344839
42800	-0.218422
42850	0.102908
42900	0.126208
42950	-0.119284
43000	-0.081182
43050	0.137921
43100	-0.040263
43150	0.001881
43200	0.178203
43250	-0.086309
43300	0.201181
43350	0.405082
43400	-0.011812
43450	0.089113
43500	0.157303
43550	-0.198721
43600	-0.168610
43650	-0.096844
43700	-0.056796
43750	0.265450
43800	-0.171673
43850	0.064235
43900	0.050201
43950	0.144431
44000	0.132562
44050	-0.078422
44100	0.032000
44150	0.004881
44200	-0.132604
44250	0.048953
44300	0.209895
44350	0.152639
44400	-0.146988
44450	0.069720
44500	-0.088464
44550	0.087266
44600	0.043366
44650	-0.040632
44700	0.038072
44750	0.057360
44800	-0.077153
44850	0.147777
44900	-0.331693
44950	0.133714
45000	-0.065283
45050	-0.122899
45100	-0.061076
45150	-0.157093
45200	-0.026640
45250	-0.001851
45300	0.347317
45350	0.139998
45400	-0.234591
45450	-0.057249
45500	0.106247
45550	0.052693
45600	0.020048
45650	0.036141
45700	0.030789
45750	0.067513
45800	0.164583
45850	-0.000889
45900	-0.095110
45950	-0.293610
46000	-0.200143
46050	0.135198
46100	0.255094
46150	0.353604
46200	0.261172
46250	0.011050
46300	0.033192
46350	0.026865
46400	-0.067302
46450	-0.132307
46500	-0.255168
46550	0.092995
46600	-0.082330
46650	-0.150295
46700	0.007660
46750	-0.245436
46800	-0.411683
46850	-0.291599
46900	-0.144201
46950	-0.030339
47000	-0.072447
47050	0.011247
47100	0.041761
47150	0.165139
47200	-0.208914
47250	-0.157766
47300	-0.309516
47350	0.017506
47400	-0.114784
47450	0.008289
47500	0.009556
47550	-0.055292
47600	0.294102
47650	0.104038
47700	-0.045583
47750	0.256718
47800	-0.131950
47850	-0.111425
47900	0.236441
47950	-0.065123
48000	0.030237
48050	-0.060350
48100	-0.116711
48150	-0.438797
48200	-0.089237
48250	0.062367
48300	-0.049511
48350	0.177982
48400	0.194236
48450	0.023942
48500	0.039894
48550	0.031880
48600	0.033834
48650	0.157112
48700	-0.183910
48750	-0.070303
48800	-0.199223
48850	-0.016215
48900	-0.049610
48950	-0.149499
49000	0.047267
49050	-0.257011
49100	-0.356901
49150	-0.253303
49200	-0.071432
49250	-0.153379
49300	0.159100
49350	0.052646
49400	0.304955
49450	0.145943
49500	0.075398
49550	0.292849
49600	0.117928
49650	0.045363
49700	-0.239905
49750	-0.177556
49800	-0.240521
49850	0.284740
49900	0.244955
49950	0.091292
50000	0.269005
50050	-0.254912
50100	0.037839
50150	-0.008416
50200	0.039368
50250	-0.286303
50300	0.038483
50350	-0.162243
50400	-0.036046
50450	-0.051175
50500	-0.020953
50550	-0.115848
50600	-0.238873
50650	-0.238019
50700	-0.085593
50750	0.072948
50800	-0.055530
50850	0.025804
50900	0.077976
50950	-0.198495
51000	-0.090399
51050	0.048950
51100	0.262436
51150	0.033514
51200	-0.075194
51250	-0.316034
51300	0.022704
51350	0.178670
51400	0.161579
51450	-0.125201
51500	0.251333
51550	0.028438
51600	-0.164156
51650	-0.241393
51700	-0.211365
51750	-0.099716
51800	0.227185
51850	-0.069489
51900	0.090357
51950	-0.076632
52000	-0.358965
52050	-0.138513
52100	-0.391159
52150	-0.023500
52200	0.017191
52250	0.234056
52300	-0.078708
52350	0.201021
52400	0.470127
52450	-0.196257
52500	0.356047
52550	0.222364
52600	0.141839
52650	0.096257
52700	0.210204
52750	-0.025669
52800	0.102865
52850	-0.251272
52900	0.475151
52950	-0.159596
53000	-0.091333
53050	0.259440
53100	0.104044
53150	-0.105073
53200	0.008619
53250	0.187449
53300	0.105048
53350	-0.026898
53400	0.628911
53450	0.119831
53500	-0.015564
53550	0.260120
53600	0.204151
53650	0.064914
53700	0.074234
53750	0.189141
53800	0.296405
53850	0.156326
53900	-0.066361
53950	-0.218270
54000	-0.319018
54050	0.216464
54100	-0.082639
54150	-0.022298
54200	0.051934
54250	0.381329
54300	-0.369482
54350	0.141768
54400	0.255205
54450	-0.351406
54500	0.231903
54550	0.247959
54600	-0.192366
54650	-0.197843
54700	0.011629
54750	-0.023113
54800	0.075828
54850	0.078994
54900	0.274834
54950	0.034772
55000	-0.035708
55050	0.360428
55100	0.109964
55150	-0.250957
55200	0.313818
55250	-0.011020
55300	0.073764
55350	-0.096154
55400	0.009886
55450	0.281754
55500	-0.206518
55550	0.187543
55600	0.021591
55650	0.378473
55700	0.078459
55750	-0.112548
55800	0.179609
55850	0.171496
55900	0.035239
55950	0.117427
56000	0.224985
56050	0.381113
56100	0.164148
56150	0.436765
56200	0.156125
56250	0.086243
56300	0.171261
56350	-0.302839
56400	-0.372620
56450	0.104586
56500	0.267898
56550	0.245675
56600	-0.062291
56650	0.071411
56700	-0.075280
56750	-0.236646
56800	-0.018559
56850	-0.085412
56900	-0.181955
56950	-0.079105
57000	0.072602
57050	0.018190
57100	-0.104979
57150	-0.438008
57200	0.093645
57250	0.170851
57300	-0.199790
57350	0.001597
57400	0.171449
57450	0.324227
57500	-0.204287
57550	-0.239711
57600	-0.231973
57650	-0.024408
57700	0.109892
57750	0.133918
57800	-0.291547
57850	0.173416
57900	0.134040
57950	-0.037648
58000	-0.022212
58050	0.114382
58100	0.228193
58150	0.251599
58200	-0.058899
58250	-0.189500
58300	0.253973
58350	0.051466
58400	-0.064680
58450	-0.114683
58500	-0.070503
58550	0.028994
58600	-0.169053
58650	-0.082073
58700	0.004335
58750	-0.258619
58800	-0.132305
58850	0.414315
58900	0.058417
58950	-0.045443
59000	-0.035340
59050	0.100123
59100	-0.156943
59150	0.276932
59200	-0.136220
59250	-0.016533
59300	-0.250481
59350	0.047742
59400	0.088089
59450	0.203648
59500	-0.014133
59550	0.022978
59600	-0.251680
59650	0.212169
59700	0.199492
59750	-0.206241
59800	-0.022984
59850	-0.210761
59900	-0.319256
59950	0.198895
60000	-0.017322
60050	0.050103
60100	-0.055474
60150	-0.157984
60200	-0.318783
60250	-0.205484
60300	0.213540
60350	0.343595
60400	-0.432414
60450	-0.003329
60500	0.062865
60550	-0.040545
60600	-0.032248
60650	-0.070977
60700	0.116216
60750	0.047456
60800	0.039248
60850	0.136496
60900	0.370946
60950	0.263931
61000	0.087806
61050	0.150493
61100	-0.044911
61150	-0.203573
61200	0.219065
61250	-0.399182
61300	-0.181638
61350	-0.156475
61400	-0.237055
61450	0.285650
61500	-0.135558
61550	-0.173040
61600	-0.225612
61650	0.031858
61700	-0.323436
61750	-0.160298
61800	-0.089076
61850	-0.290461
61900	-0.294481
61950	-0.301377
62000	-0.565967
62050	-0.272243
62100	-0.204618
62150	-0.078003
62200	-0.270683
62250	0.245562
62300	-0.051388
62350	-0.028349
62400	0.133419
62450	0.172024
62500	0.137670
62550	0.158474
62600	0.164955
62650	0.291359
62700	-0.213668
62750	-0.073175
62800	-0.273052
62850	-0.101737
62900	-0.288800
62950	-0.141297
63000	0.044951
63050	0.113665
63100	-0.045202
63150	-0.084583
63200	-0.104614
63250	0.149279
63300	-0.339616
63350	-0.024010
63400	-0.176914
63450	-0.099838
63500	0.303239
63550	0.014687
63600	0.228482
63650	-0.222721
63700	0.117956
63750	-0.428932
63800	0.049715
63850	-0.283300
63900	0.060519
63950	-0.181410
64000	0.300602
64050	0.066413
64100	-0.083223
64150	-0.054299
64200	0.304389
64250	-0.018471
64300	-0.230305
64350	0.089149
64400	0.016899
64450	-0.084665
64500	0.090913
64550	-0.054876
64600	0.024946
64650	-0.155873
64700	0.112948
64750	0.078147
64800	0.313131
64850	0.189859
64900	0.158872
64950	0.193063
65000	-0.062320
65050	0.458321
65100	-0.094069
65150	-0.012929
65200	0.004543
65250	-0.064526
65300	0.264203
65350	0.310562
65400	-0.081449
65450	-0.113205
65500	-0.015363
65550	-0.117082
65600	-0.004726
65650	-0.336623
65700	-0.002207
65750	-0.121377
65800	0.175592
65850	-0.016678
65900	-0.200733
65950	0.124997
66000	0.149121
66050	-0.094709
66100	0.002466
66150	-0.119942
66200	-0.092704
66250	-0.251856
66300	0.054879
66350	-0.021724
66400	0.240081
66450	0.126581
66500	-0.097079
66550	-0.162462
66600	0.088441
66650	0.003204
66700	-0.064923
66750	0.023434
66800	0.021049
66850	0.194011
66900	0.426591
66950	0.127334
67000	0.068652
67050	0.075618
67100	0.023565
67150	0.019276
67200	0.322174
67250	0.039577
67300	-0.271921
67350	-0.045988
67400	0.462119
67450	-0.002780
67500	0.078179
67550	-0.136134
67600	0.486571
67650	0.199012
67700	-0.302749
67750	-0.066094
67800	-0.336530
67850	-0.337184
67900	-0.176311
67950	-0.277277
68000	-0.066891
68050	-0.373207
68100	-0.414941
68150	-0.294295
68200	-0.158872
68250	-0.088650
68300	0.218019
68350	0.133087
68400	-0.081537
68450	-0.299590
68500	-0.077719
68550	0.038684
68600	-0.250927
68650	0.155347
68700	-0.167015
68750	-0.223804
68800	0.090385
68850	0.191642
68900	-0.588910
68950	-0.184039
69000	0.341210
69050	-0.124632
69100	-0.145801
69150	0.104138
69200	0.212997
69250	0.014322
69300	0.112269
69350	0.012404
69400	-0.101888
69450	-0.552222
69500	0.372407
69550	0.045699
69600	-0.155670
69650	-0.258486
69700	-0.226198
69750	-0.037059
69800	0.000889
69850	0.150975
69900	0.111833
69950	-0.035145
70000	-0.139144
70050	-0.025991
70100	0.190548
70150	0.008581
70200	0.217980
70250	-0.218498
70300	0.008108
70350	-0.147212
70400	-0.150595
70450	0.184106
70500	-0.036789
70550	0.462043
70600	-0.098511
70650	0.036150
70700	-0.023622
70750	-0.006533
70800	0.112177
70850	-0.301605
70900	0.181111
70950	-0.034396
71000	-0.084960
71050	-0.055290
71100	0.065036
71150	-0.037197
71200	0.043829
71250	-0.104022
71300	-0.112996
71350	0.086534
71400	-0.013924
71450	0.066832
71500	-0.035877
71550	-0.118880
71600	-0.067989
71650	0.157594
71700	0.054841
71750	-0.104632
71800	0.033529
71850	-0.026490
71900	-0.185788
71950	0.114979
72000	-0.124103
72050	-0.036850
72100	0.136183
72150	-0.047564
72200	-0.005337
72250	-0.295372
72300	-0.172400
72350	0.141805
72400	0.040402
72450	-0.037397
72500	0.335352
72550	0.099640
72600	0.004652
72650	0.006354
72700	0.246187
72750	-0.111647
72800	0.302196
72850	0.273466
72900	-0.054216
72950	0.277014
73000	-0.162419
73050	-0.201300
73100	-0.144396
73150	-0.161158
73200	-0.135138
73250	-0.293993
73300	0.140294
73350	0.035349
73400	0.035938
73450	-0.122066
73500	0.316421
73550	-0.080282
73600	0.362376
73650	0.430099
73700	0.037176
73750	0.426793
73800	-0.491587
73850	0.085042
73900	-0.194016
73950	-0.388041
74000	0.132640
74050	0.073012
74100	0.003797
74150	0.173028
74200	0.004371
74250	0.245587
74300	0.066863
74350	0.018983
74400	0.023095
74450	-0.257424
74500	0.517492
74550	0.027439
74600	-0.136018
74650	-0.155085
74700	0.001953
74750	0.149046
74800	0.065093
74850	-0.062526
74900	-0.189620
74950	0.038283
75000	0.180214
75050	0.270824
75100	0.146946
75150	0.164210
75200	0.254651
75250	0.132437
75300	-0.056958
75350	0.469217
75400	0.389440
75450	-0.033087
75500	-0.018225
75550	-0.047325
75600	-0.052781
75650	0.119371
75700	0.133404
75750	-0.233460
75800	0.319639
75850	-0.165502
75900	-0.101368
75950	-0.126640
76000	-0.519724
76050	-0.268500
76100	0.070708
76150	0.033590
76200	0.186460
76250	0.028283
76300	-0.264355
76350	0.166465
76400	0.009785
76450	0.055153
76500	-0.049343
76550	-0.192582
76600	0.201503
76650	0.022897
76700	0.003284
76750	0.262393
76800	0.012849
76850	-0.168019
76900	0.134279
76950	-0.026820
77000	-0.239779
77050	0.264991
77100	0.247361
77150	0.401329
77200	0.265719
77250	-0.150768
77300	0.080521
77350	0.149604
77400	-0.455982
77450	-0.101692
77500	0.141205
77550	-0.236598
77600	-0.158790
77650	0.322323
77700	0.007122
77750	0.088572
77800	-0.223770
77850	-0.406130
77900	0.032401
77950	0.337393
78000	0.188921
78050	-0.096457
78100	0.119481
78150	-0.146679
78200	0.097880
78250	0.170738
78300	-0.216046
78350	-0.202475
78400	-0.046177
78450	-0.408372
78500	-0.470346
78550	-0.143405
78600	-0.206762
78650	0.061140
78700	0.060576
78750	0.053565
78800	0.131163
78850	-0.164859
78900	0.268699
78950	-0.040716
79000	0.004645
79050	0.204067
79100	-0.165647
79150	-0.086051
79200	-0.084280
79250	-0.108002
79300	-0.176466
79350	-0.224520
79400	0.169740
79450	0.114699
79500	0.414430
79550	0.117667
79600	-0.095462
79650	-0.107891
79700	-0.364571
79750	0.416190
79800	-0.020668
79850	-0.197206
79900	-0.284210
79950	0.167995
80000	0.163158
80050	0.005193
80100	-0.176274
80150	-0.035760
80200	-0.293784
80250	0.051613
80300	-0.116211
80350	-0.057953
80400	-0.283843
80450	0.177408
80500	0.033151
80550	-0.011043
80600	-0.106675
80650	-0.023648
80700	-0.263380
80750	-0.099129
80800	0.247319
80850	-0.024462
80900	-0.211071
80950	-0.062593
81000	0.197621
81050	-0.168312
81100	-0.144236
81150	0.083226
81200	-0.213669
81250	0.194145
81300	0.131754
81350	-0.059364
81400	-0.055217
81450	0.009075
81500	0.011247
81550	0.122739
81600	0.099018
81650	0.066967
81700	0.019960
81750	-0.028182
81800	0.021119
81850	0.033749
81900	0.133928
81950	0.240213
82000	0.039813
82050	-0.057269
82100	-0.029978
82150	-0.180887
82200	0.148697
82250	-0.230764
82300	-0.161842
82350	-0.018823
82400	0.335691
82450	0.132159
82500	0.326665
82550	-0.111126
82600	-0.182564
82650	0.240576
82700	0.181021
82750	0.123614
82800	0.086964
82850	-0.228587
82900	-0.204574
82950	-0.048391
83000	0.317286
83050	0.283232
83100	-0.003805
83150	-0.250723
83200	-0.084146
83250	0.297749
83300	-0.141795
83350	0.350824
83400	-0.022096
83450	-0.002934
83500	-0.071948
83550	0.215693
83600	0.049479
83650	-0.288200
83700	0.034969
83750	0.083022
83800	-0.023708
83850	0.170711
83900	-0.028955
83950	-0.004464
84000	0.189435
84050	0.156701
84100	0.034461
84150	-0.156447
84200	0.014860
84250	0.082662
84300	-0.054854
84350	0.042476
84400	-0.341965
84450	0.142245
84500	-0.093142
84550	-0.070799
84600	-0.088274
84650	-0.118673
84700	0.073413
84750	0.175373
84800	0.173204
84850	0.207418
84900	-0.069899
84950	-0.070492
85000	0.065937
85050	0.037936
85100	0.337001
85150	-0.054597
85200	-0.109050
85250	-0.152143
85300	0.124326
85350	-0.014705
85400	0.283635
85450	-0.174859
85500	-0.061115
85550	-0.056537
85600	-0.039959
85650	0.210314
85700	-0.038834
85750	0.156548
85800	0.272495
85850	0.061147
85900	0.192209
85950	0.062142
86000	0.097637
86050	0.095184
86100	-0.360196
86150	-0.271671
86200	-0.213739
86250	-0.182995
86300	-0.212329
86350	0.071967
86400	0.037769
86450	0.155843
86500	0.035601
86550	-0.193879
86600	0.215299
86650	-0.197499
86700	0.254584
86750	-0.248961
86800	0.222332
86850	0.162843
86900	0.006484
86950	0.024120
87000	-0.082741
87050	0.062900
87100	0.374280
87150	0.309938
87200	-0.156771
87250	0.098522
87300	0.287730
87350	0.262264
87400	0.048774
87450	0.354037
87500	-0.089967
87550	0.067825
87600	0.160815
87650	0.210422
87700	-0.136785
87750	-0.218498
87800	-0.049370
87850	-0.059463
87900	0.038578
87950	-0.003947
88000	-0.199261
88050	-0.338900
88100	-0.261519
88150	-0.038590
88200	0.143610
88250	0.066688
88300	0.344388
88350	-0.139625
88400	-0.094727
88450	-0.247452
88500	0.283513
88550	-0.014393
88600	-0.213920
88650	-0.064625
88700	0.225722
88750	0.367305
88800	-0.137486
88850	-0.020029
88900	0.125521
88950	-0.223074
89000	-0.136533
89050	-0.022373
89100	0.402244
89150	0.073320
89200	0.129183
89250	0.060081
89300	0.208037
89350	-0.063324
89400	-0.065731
89450	-0.264901
89500	-0.356317
89550	0.038434
89600	0.239065
89650	0.135257
89700	-0.028836
89750	0.051757
89800	-0.251396
89850	-0.014572
89900	0.310766
89950	-0.034229
90000	0.372054
90050	0.030387
90100	0.007204
90150	-0.184854
90200	-0.149469
90250	-0.111531
90300	-0.048296
90350	-0.053326
90400	0.075917
90450	0.053472
90500	-0.121088
90550	0.139910
90600	0.098921
90650	-0.021994
90700	0.026290
90750	-0.088655
90800	-0.329046
90850	0.040190
90900	-0.253608
90950	0.244877
91000	-0.096213
91050	0.188739
91100	0.278918
91150	-0.180346
91200	-0.178550
91250	-0.100132
91300	0.019163
91350	-0.128937
91400	-0.310630
91450	-0.135008
91500	0.126057
91550	-0.001000
91600	0.222266
91650	0.264709
91700	-0.012914
91750	-0.126122
91800	0.028312
91850	0.319427
91900	0.078320
91950	-0.086275
92000	-0.077001
92050	0.194530
92100	-0.473871
92150	0.286088
92200	0.083432
92250	0.135720
92300	-0.023467
92350	0.091639
92400	-0.011700
92450	-0.337058
92500	-0.108849
92550	0.037466
92600	0.016884
92650	0.104440
92700	-0.317891
92750	0.027336
92800	-0.104819
92850	0.169332
92900	0.055505
92950	-0.092413
93000	-0.255025
93050	0.121499
93100	0.010229
93150	0.229941
93200	0.146583
93250	0.054662
93300	-0.154453
93350	0.075188
93400	-0.029198
93450	0.052318
93500	0.269971
93550	0.183844
93600	-0.054301
93650	-0.099451
93700	0.155067
93750	0.085353
93800	-0.130746
93850	-0.011736
93900	-0.005769
93950	-0.073518
94000	0.193767
94050	0.224536
94100	-0.137623
94150	-0.151376
94200	0.068570
94250	-0.092057
94300	0.045604
94350	-0.365738
94400	-0.030565
94450	0.140172
94500	-0.044197
94550	0.032373
94600	-0.328889
94650	-0.205335
94700	0.110892
94750	0.211158
94800	0.545073
94850	-0.005636
94900	-0.034825
94950	0.102588
95000	-0.104032
95050	0.007905
95100	0.232601
95150	0.075135
95200	0.280603
95250	-0.153734
95300	-0.082689
95350	-0.296172
95400	-0.041489
95450	0.073339
95500	0.141143
95550	0.187562
95600	-0.253137
95650	-0.336702
95700	0.114587
95750	0.016559
95800	-0.059035
95850	-0.120859
95900	-0.107373
95950	0.062615
96000	0.147944
96050	0.163465
96100	0.077223
96150	-0.242672
96200	-0.146806
96250	0.358438
96300	-0.191556
96350	0.035611
96400	0.095971
96450	-0.143305
96500	0.244650
96550	-0.071056
96600	-0.171309
96650	-0.068117
96700	-0.269944
96750	0.189276
96800	0.184429
96850	-0.042446
96900	-0.192921
96950	0.350940
97000	0.190940
97050	0.336318
97100	0.159236
97150	-0.096499
97200	0.070274
97250	0.145837
97300	-0.139066
97350	-0.322447
97400	-0.297753
97450	-0.196026
97500	-0.086772
97550	0.280726
97600	-0.000513
97650	0.063416
97700	-0.307144
97750	-0.418345
97800	0.040113
97850	0.096425
97900	0.032224
97950	-0.150900
98000	0.097058
98050	-0.242581
98100	0.240026
98150	-0.118576
98200	0.131260
98250	0.283059
98300	0.147321
98350	0.076884
98400	-0.041777
98450	0.065206
98500	0.043784
98550	0.266000
98600	0.151582
98650	0.060183
98700	0.250169
98750	-0.182942
98800	-0.214988
98850	-0.174299
98900	0.222754
98950	0.256293
99000	0.306850
99050	0.181001
99100	-0.156304
99150	0.464720
99200	-0.105982
99250	-0.050471
99300	0.356703
99350	0.038708
99400	0.413927
99450	0.142550
99500	0.006312
99550	0.121591
99600	-0.316215
99650	0.250365
99700	-0.033518
99750	0.141034
99800	-0.159346
99850	0.103344
99900	0.056499
99950	-0.075392
100000	-0.138058
100050	-0.027863
100100	-0.337545
100150	0.065791
100200	0.292184
100250	0.003615
100300	0.388332
100350	0.252969
100400	0.256952
100450	-0.251395
100500	0.272489
100550	-0.079689
100600	0.089559
100650	-0.207122
100700	0.026696
100750	0.062325
100800	-0.221678
100850	-0.011792
100900	0.096047
100950	0.050985
101000	-0.048738
101050	0.201206
101100	0.059460
101150	0.071251
101200	0.103395
101250	0.179399
101300	0.241618
101350	0.332875
101400	0.098554
101450	-0.219398
101500	-0.020618
101550	-0.212008
101600	-0.278365
101650	-0.067986
101700	-0.189476
101750	0.180166
101800	-0.028576
101850	0.121977
101900	-0.166090
101950	-0.075355
102000	0.151507
102050	-0.549449
102100	-0.008720
102150	0.069503
102200	-0.135927
102250	0.175932
102300	0.034554
102350	0.105191
102400	0.172513
102450	-0.432963
102500	-0.097581
102550	-0.081303
102600	0.149330
102650	-0.078808
102700	-0.089848
102750	-0.054583
102800	-0.134793
102850	0.093229
102900	0.015231
102950	0.080985
103000	0.165488
103050	-0.000896
103100	0.198073
103150	0.115243
103200	0.522025
103250	0.269683
103300	-0.057700
103350	0.196408
103400	0.170833
103450	-0.006238
103500	-0.035044
103550	0.226224
103600	0.121586
103650	-0.009161
103700	0.188933
103750	0.046261
103800	-0.031371
103850	-0.345143
103900	0.444126
103950	0.087635
104000	-0.016857
104050	0.182983
104100	-0.023996
104150	0.102374
104200	0.245033
104250	0.023455
104300	-0.124906
104350	-0.120997
104400	0.163823
104450	-0.067957
104500	0.110741
104550	0.269264
104600	0.357968
104650	0.247271
104700	0.480929
104750	0.254263
104800	-0.224683
104850	-0.243732
104900	-0.025895
104950	0.348525
105000	-0.435375
105050	0.015269
105100	-0.168443
105150	-0.077151
105200	0.421748
105250	0.069018
105300	0.372413
105350	-0.097132
105400	0.241086
105450	0.180104
105500	-0.106393
105550	0.079489
105600	0.252844
105650	0.076842
105700	-0.090893
105750	-0.066857
105800	0.122428
105850	0.450818
105900	0.010422
105950	-0.160154
106000	0.025488
106050	-0.188998
106100	0.220821
106150	0.201495
106200	0.006006
106250	-0.114268
106300	-0.007813
106350	-0.103946
106400	0.217577
106450	0.097631
106500	0.099509
106550	0.097769
106600	0.281841
106650	0.098814
106700	-0.119212
106750	-0.032883
106800	-0.417457
106850	0.343700
106900	-0.199993
106950	0.065003
107000	0.275288
107050	0.364650
107100	-0.066356
107150	-0.067642
107200	0.396603
107250	0.222761
107300	-0.003222
107350	0.003054
107400	0.039522
107450	-0.156025
107500	-0.310206
107550	0.028081
107600	0.263927
107650	0.027611
107700	0.079939
107750	-0.099440
107800	-0.097044
107850	-0.099012
107900	-0.206907
107950	0.520494
108000	0.080089
108050	-0.006075
108100	0.051956
108150	0.072604
108200	0.027921
108250	0.293541
108300	-0.082003
108350	-0.303389
108400	-0.338804
108450	0.058941
108500	0.018341
108550	-0.067968
108600	0.038751
108650	0.054924
108700	0.213432
108750	-0.089171
108800	0.191874
108850	0.067578
108900	0.123961
108950	0.101108
109000	-0.086053
109050	-0.307810
109100	0.012524
109150	-0.076833
109200	0.264610
109250	0.177473
109300	0.264394
109350	0.254295
109400	0.140624
109450	-0.333619
109500	-0.072852
109550	0.309964
109600	-0.008757
109650	-0.084548
109700	-0.181632
109750	0.137253
109800	-0.254655
109850	-0.191127
109900	0.249413
109950	-0.187779
110000	0.222145
110050	-0.076740
110100	-0.038198
110150	-0.186059
110200	0.209905
110250	0.146815
110300	0.170398
110350	0.004499
110400	0.429732
110450	0.660380
110500	0.025247
110550	0.068180
110600	0.027875
110650	0.153620
110700	-0.084979
110750	0.012264
110800	0.066747
110850	0.214603
110900	-0.074344
110950	-0.206427
111000	0.178929
111050	0.146589
111100	0.294643
111150	-0.026915
111200	-0.331511
111250	0.421081
111300	-0.037947
111350	-0.115759
111400	-0.458586
111450	-0.051113
111500	-0.138047
111550	-0.151276
111600	0.125797
111650	-0.058086
111700	-0.168742
111750	-0.138541
111800	0.330800
111850	-0.028367
111900	-0.255947
111950	0.004227
112000	-0.275858
112050	-0.294871
112100	-0.158125
112150	-0.061115
112200	-0.003738
112250	-0.253840
112300	-0.378420
112350	-0.022784
112400	-0.169489
112450	-0.073752
112500	0.031451
112550	-0.090259
112600	0.149533
112650	0.222218
112700	0.115126
112750	-0.067858
112800	-0.255083
112850	-0.072581
112900	-0.503771
112950	0.007754
113000	-0.034128
113050	0.295119
113100	0.065842
113150	-0.076775
113200	-0.095506
113250	0.449476
113300	0.060531
113350	0.039326
113400	-0.158117
113450	-0.023855
113500	-0.332577
113550	-0.134452
113600	0.361322
113650	-0.038840
113700	0.061364
113750	0.161627
113800	0.237838
113850	-0.108174
113900	0.130511
113950	0.036290
114000	-0.010172
114050	-0.158468
114100	0.035455
114150	0.230918
114200	0.093622
114250	0.388940
114300	0.074056
114350	-0.193460
114400	-0.092008
114450	0.040069
114500	0.051632
114550	0.073377
114600	-0.106302
114650	0.226972
114700	0.225995
114750	-0.057340
114800	0.015452
114850	-0.005490
114900	-0.202007
114950	-0.097147
115000	-0.438810
115050	-0.236637
115100	-0.266881
115150	0.130368
115200	-0.143439
115250	-0.008681
115300	0.284529
115350	0.275257
115400	0.188402
115450	-0.272568
115500	0.207104
115550	0.145452
115600	-0.036799
115650	-0.055851
115700	0.375961
115750	-0.061986
115800	-0.290340
115850	-0.084578
115900	0.109066
115950	-0.018124
116000	0.148415
116050	0.233757
116100	-0.127738
116150	0.194698
116200	0.111343
116250	-0.147153
116300	-0.316862
116350	-0.195683
116400	0.040265
116450	0.038817
116500	0.213363
116550	0.159693
116600	-0.114772
116650	-0.131053
116700	-0.154053
116750	0.161381
116800	-0.135564
116850	-0.157659
116900	0.154093
116950	0.036239
117000	0.060633
117050	-0.071973
117100	0.334058
117150	-0.184855
117200	0.028571
117250	0.233790
117300	-0.099940
117350	-0.199354
117400	0.060470
117450	0.392591
117500	-0.106516
117550	0.065749
117600	0.038545
117650	0.185372
117700	-0.118191
117750	0.211593
117800	0.027689
117850	0.072242
117900	-0.268908
117950	0.148599
118000	0.147674
118050	-0.317901
118100	0.146155
118150	-0.021107
118200	0.102924
118250	0.040723
118300	0.059571
118350	0.360457
118400	0.023135
118450	0.046123
118500	-0.115924
118550	0.095544
118600	0.056336
118650	0.138668
118700	0.567325
118750	0.428093
118800	0.039483
118850	0.151049
118900	0.129766
118950	-0.095550
119000	0.362112
119050	0.176184
119100	0.298702
119150	0.282320
119200	-0.076046
119250	0.132927
119300	-0.039413
119350	0.442221
119400	0.108527
119450	-0.109323
119500	-0.051755
119550	-0.179136
119600	-0.070321
119650	-0.133507
119700	0.140251
119750	0.401584
119800	-0.317452
119850	-0.062152
119900	-0.017700
119950	-0.302252
120000	0.203515
120050	0.055120
120100	-0.210141
120150	0.052579
120200	-0.011447
120250	-0.021838
120300	-0.150658
120350	0.117157
120400	0.067367
120450	-0.169127
120500	-0.129366
120550	-0.015418
120600	-0.027462
120650	0.112522
120700	0.052936
120750	0.229993
120800	0.141537
120850	-0.126465
120900	0.092675
120950	0.200270
121000	-0.073079
121050	-0.064536
121100	0.129493
121150	0.068671
121200	-0.091247
121250	0.346058
121300	0.058883
121350	0.043756
121400	-0.117385
121450	-0.094297
121500	0.111130
121550	0.111634
121600	0.230570
121650	0.068167
121700	0.176567
121750	-0.408019
121800	0.276930
121850	0.099980
121900	-0.128287
121950	-0.022715
122000	-0.116598
122050	-0.049480
122100	-0.060936
122150	-0.103753
122200	0.017235
122250	0.079722
122300	-0.101614
122350	0.030810
122400	0.022632
122450	0.172811
122500	0.174949
122550	-0.085054
122600	0.092315
122650	0.215402
122700	-0.178782
122750	-0.077528
122800	0.229448
122850	0.048378
122900	0.160039
122950	0.004597
123000	0.186889
123050	0.051530
123100	0.233026
123150	0.229287
123200	-0.341825
123250	-0.160830
123300	-0.098009
123350	-0.015283
123400	0.054652
123450	0.012934
123500	-0.349465
123550	0.100585
123600	0.295990
123650	0.070409
123700	0.313101
123750	0.203555
123800	-0.131169
123850	-0.065831
123900	-0.404781
123950	-0.258859
124000	-0.081052
124050	-0.026473
124100	0.013198
124150	0.119588
124200	0.478805
124250	0.079354
124300	-0.051879
124350	-0.307073
124400	-0.165139
124450	0.128262
124500	-0.062145
124550	-0.213143
124600	-0.318207
124650	-0.246675
124700	0.050632
124750	0.173303
124800	0.177542
124850	-0.000224
124900	0.319035
124950	-0.017647
125000	-0.190396
125050	0.402399
125100	0.362268
125150	0.356776
125200	-0.013892
125250	-0.158504
125300	0.376980
125350	0.324215
125400	-0.002222
125450	0.134107
125500	0.226869
125550	-0.087553
125600	0.279877
125650	0.192391
125700	0.042972
125750	-0.057981
125800	0.288216
125850	0.293708
125900	0.298349
125950	0.306087
126000	0.133935
126050	0.060429
126100	0.292102
126150	0.029112
126200	0.166442
126250	-0.091513
126300	-0.200491
126350	0.037188
126400	0.262621
126450	0.063961
126500	0.331354
126550	0.252640
126600	-0.116302
126650	-0.096033
126700	0.229131
126750	0.284886
126800	-0.236188
126850	-0.190428
126900	-0.347838
126950	0.138381
127000	0.180640
127050	0.120732
127100	0.055207
127150	0.147281
127200	-0.073206
127250	-0.163208
127300	0.080012
127350	0.071643
127400	-0.086957
127450	-0.199525
127500	0.121764
127550	-0.219658
127600	0.306341
127650	-0.432116
127700	0.130753
127750	0.143679
127800	0.033638
127850	0.126981
127900	0.105035
127950	-0.050687
128000	-0.414753
128050	0.154685
128100	0.275568
128150	0.079734
128200	0.033368
128250	-0.245121
128300	0.110254
128350	0.412147
128400	-0.068527
128450	-0.095344
128500	-0.020268
128550	0.113745
128600	0.256807
128650	0.212580
128700	0.206317
128750	0.314480
128800	0.050717
128850	0.110545
128900	-0.170438
128950	-0.105128
129000	-0.194939
129050	-0.291242
129100	-0.162870
129150	-0.148095
129200	-0.035605
129250	0.072627
129300	0.328368
129350	-0.058514
129400	-0.091509
129450	0.028436
129500	-0.175844
129550	0.184794
129600	-0.216809
129650	0.262799
129700	0.087169
129750	0.069321
129800	-0.043746
129850	0.019599
129900	-0.133208
129950	-0.292040
130000	-0.145913
130050	-0.053341
130100	0.052502
130150	0.002314
130200	0.056403
130250	0.034089
130300	-0.157002
130350	-0.167734
130400	0.136668
130450	-0.175209
130500	0.070471
130550	0.123073
130600	-0.006893
130650	0.165377
130700	-0.107631
130750	-0.076330
130800	-0.163337
130850	-0.462469
130900	-0.320409
130950	-0.091146
131000	-0.400243
131050	-0.078218
131100	0.067719
131150	0.047888
131200	0.117852
131250	-0.051859
131300	-0.096215
131350	-0.057010
131400	0.040902
131450	0.363618
131500	0.182983
131550	0.056420
131600	0.414569
131650	-0.206853
131700	0.081921
131750	-0.009091
131800	-0.029973
131850	0.058235
131900	0.052565
131950	-0.036621
132000	0.195725
132050	0.271737
132100	-0.090713
132150	0.167518
132200	-0.182603
132250	-0.036669
132300	0.125320
132350	-0.202367
132400	-0.026787
132450	0.189718
132500	-0.061499
132550	0.192738
132600	-0.177301
132650	-0.402110
132700	-0.047570
132750	0.062304
132800	0.430979
132850	0.271307
132900	0.177603
132950	0.023221
133000	0.101442
133050	0.126218
133100	-0.289128
133150	-0.228177
133200	-0.087145
133250	-0.113988
133300	-0.196022
133350	0.065118
133400	-0.146946
133450	0.143405
133500	0.081887
133550	-0.005023
133600	0.057537
133650	0.134975
133700	0.410012
133750	-0.470214
133800	-0.131785
133850	-0.404491
133900	-0.372721
133950	-0.060876
134000	-0.166679
134050	-0.124165
134100	-0.074432
134150	0.212938
134200	-0.073387
134250	0.044956
134300	-0.069130
134350	-0.515707
134400	0.261604
134450	-0.211683
134500	0.006825
134550	0.007353
134600	-0.081075
134650	-0.279478
134700	-0.103938
134750	-0.180171
134800	-0.225720
134850	-0.193350
134900	-0.095075
134950	0.054662
135000	0.108809
135050	0.039846
135100	-0.227373
135150	0.225753
135200	0.234876
135250	-0.324553
135300	0.201047
135350	0.201176
135400	0.062018
135450	-0.219642
135500	-0.087242
135550	-0.026863
135600	-0.243989
135650	0.175694
135700	0.037574
135750	0.053972
135800	-0.074834
135850	-0.145218
135900	0.315175
135950	-0.287557
136000	0.269502
136050	0.000928
136100	-0.108479
136150	0.122556
136200	-0.129995
136250	0.144686
136300	0.051224
136350	-0.027805
136400	-0.171583
136450	-0.280428
136500	-0.048352
136550	0.123494
136600	-0.027830
136650	0.053168
136700	0.115344
136750	0.112549
136800	-0.152698
136850	-0.002040
136900	-0.044039
136950	0.093867
137000	0.266398
137050	0.108564
137100	-0.044359
137150	0.249558
137200	0.250175
137250	0.035392
137300	0.013169
137350	-0.129850
137400	0.107947
137450	0.087813
137500	-0.077452
137550	0.007894
137600	0.127673
137650	-0.015796
137700	0.267740
137750	-0.024689
137800	-0.030351
137850	-0.196828
137900	-0.020868
137950	-0.288174
138000	0.177100
138050	-0.111995
138100	0.247153
138150	0.191174
138200	-0.176086
138250	0.445709
138300	0.080077
138350	-0.025224
138400	-0.204414
138450	0.251663
138500	0.180975
138550	0.205519
138600	-0.026488
138650	0.488157
138700	0.151991
138750	-0.081301
138800	-0.106719
138850	-0.171081
138900	-0.088369
138950	-0.062918
139000	0.033290
139050	-0.017160
139100	-0.005282
139150	-0.024952
139200	0.279134
139250	-0.161281
139300	0.111812
139350	-0.044101
139400	-0.005278
139450	0.006268
139500	0.018584
139550	0.207790
139600	0.067724
139650	0.301204
139700	0.283120
139750	0.046812
139800	0.221103
139850	-0.193393
139900	0.140390
139950	0.008013
140000	0.018024
140050	0.256867
140100	-0.019506
140150	-0.015597
140200	0.233418
140250	-0.056190
140300	0.056217
140350	0.119062
140400	-0.109941
140450	-0.024668
140500	0.278962
140550	-0.164765
140600	0.049352
140650	-0.163046
140700	0.108549
140750	0.061498
140800	0.201466
140850	-0.111667
140900	0.076808
140950	-0.196528
141000	-0.082058
141050	0.073764
141100	0.190041
141150	-0.209096
141200	0.136406
141250	-0.216437
141300	-0.046726
141350	0.188657
141400	-0.196845
141450	0.284653
141500	0.208579
141550	0.042579
141600	0.267969
141650	0.075177
141700	0.097804
141750	-0.058439
141800	-0.040189
141850	0.068185
141900	-0.179814
141950	0.138893
142000	-0.104176
142050	-0.189405
142100	0.173502
142150	-0.066384
142200	0.180015
142250	0.098732
142300	-0.049856
142350	-0.339759
142400	0.089126
142450	-0.106897
142500	0.004796
142550	-0.057044
142600	-0.394555
142650	-0.534432
142700	0.098257
142750	-0.020593
142800	-0.429269
142850	-0.050570
142900	0.288333
142950	-0.240530
143000	-0.108524
143050	0.019491
143100	-0.128485
143150	0.241861
143200	0.068439
143250	-0.064467
143300	-0.035922
143350	0.150290
143400	0.033739
143450	0.223454
143500	-0.010374
143550	0.112693
143600	-0.025650
143650	-0.083144
143700	-0.098027
143750	0.005437
143800	0.017904
143850	0.130063
143900	-0.429220
143950	0.126034
144000	0.220916
144050	0.032498
144100	0.156692
144150	0.279316
144200	-0.082908
144250	-0.134119
144300	0.051516
144350	0.333997
144400	-0.182915
144450	0.092740
144500	0.128992
144550	0.148947
144600	-0.169626
144650	-0.254981
144700	0.081820
144750	0.063637
144800	0.045726
144850	0.006433
144900	-0.096277
144950	0.057100
145000	0.045711
145050	-0.078544
145100	-0.206329
145150	0.105918
145200	0.068589
145250	-0.178521
145300	0.100702
145350	0.071457
145400	-0.317109
145450	0.341130
145500	0.061778
145550	0.040364
145600	0.167956
145650	0.159254
145700	-0.122220
145750	0.214994
145800	0.416065
145850	0.066694
145900	0.039949
145950	0.313423
146000	0.028407
146050	0.169511
146100	0.368091
146150	0.332108
146200	-0.206917
146250	-0.110722
146300	0.123914
146350	0.066895
146400	0.181842
146450	0.316299
146500	0.172764
146550	-0.347201
146600	-0.186932
146650	0.198977
146700	-0.177890
146750	-0.107529
146800	0.103838
146850	0.243275
146900	-0.201823
146950	0.402450
147000	-0.049087
147050	-0.171754
147100	0.048573
147150	0.174923
147200	0.202290
147250	-0.125837
147300	0.137107
147350	0.079923
147400	0.259300
147450	0.036356
147500	0.165769
147550	0.246183
147600	0.087101
147650	0.225612
147700	0.305499
147750	0.089791
147800	0.048131
147850	0.182832
147900	0.070785
147950	-0.267557
148000	-0.107142
148050	-0.087840
148100	-0.004965
148150	0.234850
148200	-0.188567
148250	-0.300208
148300	0.090166
148350	0.119434
148400	-0.055723
148450	0.006848
148500	-0.032557
148550	-0.088160
148600	0.063306
148650	-0.213558
148700	0.355979
148750	-0.204224
148800	-0.150427
148850	-0.123048
148900	0.025815
148950	-0.178175
149000	0.002595
149050	0.033545
149100	0.047140
149150	-0.116285
149200	0.006628
149250	0.183015
149300	0.193052
149350	0.031704
149400	-0.031440
149450	-0.225567
149500	-0.114474
149550	-0.195273
149600	0.056832
149650	-0.316470
149700	-0.186612
149750	-0.118476
149800	-0.014087
149850	-0.315199
149900	0.026853
149950	-0.046037
150000	-0.108593
150050	-0.069566
150100	-0.403526
150150	-0.110774
150200	0.004249
150250	-0.025322
150300	-0.128515
150350	0.161130
150400	-0.215894
150450	0.104598
150500	-0.229012
150550	0.163604
150600	-0.247121
150650	0.119575
150700	-0.154017
150750	0.319943
150800	-0.139209
150850	0.308978
150900	-0.142146
150950	-0.003447
151000	0.025459
151050	-0.053294
151100	-0.308017
151150	0.008723
151200	0.024869
151250	0.268663
151300	-0.086733
151350	0.140662
151400	0.286897
151450	0.033634
151500	0.173791
151550	-0.192644
151600	-0.091914
151650	-0.250145
151700	-0.155669
151750	-0.186128
151800	0.072196
151850	-0.039194
151900	0.001509
151950	-0.038593
152000	0.298692
152050	-0.159164
152100	-0.098623
152150	0.087092
152200	-0.317678
152250	0.009757
152300	-0.034120
152350	0.065600
152400	-0.335211
152450	0.244222
152500	-0.153943
152550	-0.034655
152600	-0.054326
152650	-0.089300
152700	-0.073158
152750	-0.235789
152800	-0.015675
152850	-0.127136
152900	0.098242
152950	0.536400
153000	-0.000353
153050	-0.069155
153100	-0.265529
153150	-0.008947
153200	-0.099652
153250	-0.010788
153300	0.099101
153350	-0.172644
153400	0.038634
153450	0.247624
153500	-0.218079
153550	0.102235
153600	-0.033599
153650	0.148986
153700	0.242039
153750	0.383946
153800	0.173075
153850	-0.043327
153900	-0.343279
153950	0.085890
154000	0.273585
154050	0.271738
154100	0.212461
154150	0.057279
154200	-0.008099
154250	0.089170
154300	0.091708
154350	-0.016256
154400	0.154636
154450	0.190233
154500	0.101950
154550	0.122827
154600	0.065911
154650	-0.149046
154700	-0.146897
154750	0.108565
154800	0.090158
154850	0.145795
154900	0.036426
154950	0.102014
155000	0.216214
155050	-0.276382
155100	-0.014131
155150	0.052080
155200	0.069590
155250	0.188137
155300	-0.061272
155350	-0.341678
155400	-0.180742
155450	-0.133078
155500	-0.031774
155550	0.073762
155600	0.141322
155650	-0.395092
155700	0.101172
155750	0.125819
155800	-0.241406
155850	0.149403
155900	0.008366
155950	-0.067696
156000	0.123718
156050	0.102276
156100	0.143639
156150	0.023148
156200	-0.108494
156250	-0.237249
156300	0.205872
156350	-0.404888
156400	-0.055048
156450	0.420893
156500	0.256770
156550	-0.125049
156600	-0.224084
156650	-0.281990
156700	0.250503
156750	-0.146318
156800	-0.105732
156850	-0.119005
156900	0.045265
156950	-0.219571
157000	0.330587
157050	0.219381
157100	-0.338723
157150	0.120027
157200	-0.004474
157250	-0.106655
157300	0.108138
157350	-0.107872
157400	0.005125
157450	0.086468
157500	0.050222
157550	-0.029633
157600	-0.077479
157650	-0.048668
157700	0.206361
157750	-0.192836
157800	0.275366
157850	0.169555
157900	-0.114449
157950	0.014328
158000	-0.157512
158050	0.128911
158100	0.201958
158150	0.047076
158200	-0.096612
158250	0.094259
158300	0.144320
158350	-0.254187
158400	0.024911
158450	-0.161418
158500	-0.040068
158550	0.090022
158600	-0.136594
158650	0.053773
158700	0.522512
158750	0.508233
158800	0.076730
158850	-0.241690
158900	0.048686
158950	-0.113411
159000	0.113634
159050	-0.170791
159100	-0.171193
159150	0.041638
159200	-0.095638
159250	0.178886
159300	0.063004
159350	0.029121
159400	0.157978
159450	0.044041
159500	0.122167
159550	-0.030783
159600	0.422368
159650	0.445653
159700	0.142238
159750	0.032251
159800	-0.053347
159850	0.146714
159900	-0.077631
159950	-0.108257
160000	0.038239
160050	-0.265523
160100	-0.002628
160150	0.213618
160200	0.138997
160250	0.020729
160300	0.439882
160350	0.025380
160400	-0.191838
160450	0.248780
160500	0.036992
160550	0.278533
160600	0.009469
160650	0.013830
160700	0.168199
160750	0.187200
160800	-0.265632
160850	-0.050798
160900	0.081459
160950	-0.040505
161000	0.347416
161050	0.044019
161100	-0.217737
161150	-0.039540
161200	0.425587
161250	-0.066396
161300	-0.124966
161350	-0.097558
161400	0.188823
161450	-0.174834
161500	0.254588
161550	-0.061094
161600	0.081008
161650	-0.007025
161700	0.029076
161750	-0.031145
161800	0.169677
161850	0.114879
161900	-0.308875
161950	0.067997
162000	-0.105886
162050	0.439732
162100	0.110810
162150	0.115693
162200	-0.054460
162250	0.190601
162300	0.197608
162350	0.077231
162400	0.025855
162450	-0.170516
162500	-0.081052
162550	-0.218106
162600	-0.103989
162650	0.441894
162700	-0.230492
162750	-0.077312
162800	0.242342
162850	-0.142896
162900	-0.001798
162950	0.004859
163000	0.086949
163050	-0.241160
163100	-0.589717
163150	-0.099160
163200	-0.140985
163250	0.099705
163300	0.034571
163350	-0.008516
163400	-0.312823
163450	-0.208930
163500	-0.311234
163550	-0.171817
163600	-0.071990
163650	-0.150274
163700	-0.289280
163750	-0.412983
163800	-0.271130
163850	-0.161130
163900	0.177994
163950	-0.078507
164000	0.162391
164050	-0.127005
164100	0.225369
164150	0.128955
164200	0.001293
164250	0.242917
164300	0.207929
164350	-0.068012
164400	-0.114624
164450	0.012297
164500	0.083349
164550	0.181615
164600	-0.078362
164650	-0.175308
164700	0.271624
164750	-0.309297
164800	-0.062607
164850	-0.200513
164900	0.068275
164950	-0.203312
165000	0.186733
165050	-0.172941
165100	0.032381
165150	-0.036337
165200	-0.132329
165250	0.102043
165300	0.318736
165350	-0.084237
165400	-0.035833
165450	0.077759
165500	0.269423
165550	-0.365264
165600	-0.044497
165650	-0.392674
165700	-0.131923
165750	0.111134
165800	-0.230687
165850	-0.357606
165900	0.012066
165950	-0.176642
166000	-0.212674
166050	-0.034878
166100	-0.135733
166150	0.222346
166200	0.173039
166250	-0.267087
166300	0.245292
166350	0.042694
166400	-0.101823
166450	0.221596
166500	-0.149128
166550	-0.089383
166600	-0.089932
166650	-0.071299
166700	-0.047172
166750	0.138763
166800	0.207072
166850	0.024680
166900	-0.187112
166950	0.139613
167000	-0.180621
167050	-0.025317
167100	0.103402
167150	-0.190674
167200	0.049277
167250	0.053638
167300	0.308740
167350	-0.070376
167400	-0.090930
167450	-0.179114
167500	-0.012540
167550	-0.123108
167600	0.267517
167650	0.235951
167700	0.088636
167750	0.067395
167800	0.126043
167850	0.293053
167900	-0.332521
167950	-0.223829
168000	-0.048271
168050	-0.016505
168100	0.143851
168150	0.181547
168200	0.165260
168250	-0.263826
168300	-0.606571
168350	-0.518513
168400	0.036187
168450	0.147094
168500	0.108351
168550	0.198774
168600	-0.101372
168650	0.246154
168700	0.216666
168750	0.231373
168800	0.214331
168850	-0.070011
168900	-0.217793
168950	-0.138747
169000	-0.190378
169050	-0.131564
169100	-0.012317
169150	-0.068706
169200	0.118371
169250	-0.299502
169300	0.059024
169350	-0.112075
169400	0.056531
169450	-0.175024
169500	-0.028445
169550	-0.249448
169600	0.048574
169650	-0.250104
169700	-0.172718
169750	0.005037
169800	-0.043705
169850	-0.003424
169900	-0.160841
169950	-0.169248
170000	-0.275780
170050	-0.267130
170100	-0.050427
170150	-0.013376
170200	0.178933
170250	-0.286389
170300	-0.131547
170350	0.017737
170400	0.012272
170450	-0.080166
170500	0.043603
170550	0.322910
170600	0.203052
170650	-0.214140
170700	-0.049924
170750	-0.011948
170800	-0.029247
170850	-0.026032
170900	0.032037
170950	0.024996
171000	-0.095487
171050	-0.008748
171100	0.092378
171150	0.268866
171200	0.335895
171250	0.095116
171300	-0.241009
171350	0.009300
171400	-0.165560
171450	0.012328
171500	0.169436
171550	0.281756
171600	0.009703
171650	0.358458
171700	0.248985
171750	-0.167048
171800	0.028711
171850	0.202775
171900	-0.085043
171950	0.096577
172000	0.010901
172050	0.121395
172100	0.321053
172150	-0.046262
172200	-0.080686
172250	-0.013157
172300	0.114437
172350	-0.081656
172400	0.119128
172450	-0.277038
172500	0.467819
172550	0.093177
172600	0.067592
172650	-0.089688
172700	-0.047920
172750	0.082070
172800	-0.035463
172850	-0.282822
172900	0.182996
172950	-0.438499
173000	-0.264414
173050	-0.397821
173100	-0.207657
173150	-0.581884
173200	-0.078860
173250	-0.045968
173300	0.161620
173350	-0.246292
173400	0.215100
173450	0.160484
173500	-0.053067
173550	0.122030
173600	-0.119536
173650	0.165965
173700	0.296656
173750	-0.209722
173800	-0.448295
173850	-0.020314
173900	-0.218401
173950	0.180490
174000	-0.324586
174050	-0.323505
174100	-0.285674
174150	0.163107
174200	0.122451
174250	0.079134
174300	0.290654
174350	0.123755
174400	0.169358
174450	0.024984
174500	0.206014
174550	-0.054771
174600	0.175872
174650	-0.113306
174700	-0.047498
174750	0.151808
174800	0.069008
174850	-0.078194
174900	0.130652
174950	0.153207
175000	-0.218938
175050	0.243292
175100	0.032856
175150	-0.284218
175200	0.007609
175250	-0.192055
175300	-0.015375
175350	-0.022299
175400	0.079254
175450	0.237692
175500	0.148134
175550	-0.346518
175600	0.366282
175650	-0.186986
175700	-0.142680
175750	-0.430865
175800	-0.302462
175850	0.230432
175900	-0.036508
175950	-0.138303
176000	0.037568
176050	-0.046235
176100	0.019128
176150	-0.189378
176200	0.214020
176250	-0.112470
176300	-0.128505
176350	0.181341
176400	-0.033761
176450	-0.037604
176500	0.123748
176550	-0.237109
176600	0.047852
176650	0.023234
176700	0.132382
176750	0.142442
176800	0.006578
176850	0.117601
176900	-0.112169
176950	0.155802
177000	0.277647
177050	0.100264
177100	0.101027
177150	0.186508
177200	-0.221307
177250	0.152251
177300	0.031262
177350	-0.072171
177400	0.028225
177450	-0.057433
177500	-0.182481
177550	-0.140731
177600	-0.144448
177650	0.065302
177700	-0.346166
177750	0.132535
177800	-0.020504
177850	-0.283265
177900	0.194746
177950	-0.148940
178000	-0.275137
178050	0.277945
178100	0.047866
178150	0.063259
178200	-0.036574
178250	0.192428
178300	0.095065
178350	0.160570
178400	0.247719
178450	-0.101126
178500	-0.045447
178550	-0.017730
178600	-0.130471
178650	0.270711
178700	0.096668
178750	-0.174204
178800	0.066035
178850	0.105204
178900	0.046741
178950	-0.161303
179000	0.045001
179050	0.340343
179100	0.027746
179150	-0.201246
179200	-0.318495
179250	0.078325
179300	-0.101583
179350	-0.082718
179400	-0.062463
179450	-0.027055
179500	0.195986
179550	-0.066039
179600	0.027459
179650	-0.070087
179700	0.007217
179750	-0.398981
179800	-0.046020
179850	-0.263534
179900	-0.147519
179950	0.197186
180000	0.029384
180050	-0.064401
180100	0.122319
180150	-0.073643
180200	-0.027164
180250	-0.016060
180300	0.106989
180350	-0.179087
180400	0.279631
180450	0.191164
180500	-0.135825
180550	0.032111
180600	0.098100
180650	0.077427
180700	-0.532655
180750	-0.233888
180800	0.204102
180850	0.309064
180900	0.171738
180950	-0.105210
181000	-0.524504
181050	0.116164
181100	0.400399
181150	-0.294370
181200	-0.406324
181250	-0.164003
181300	0.090849
181350	0.095032
181400	-0.230404
181450	0.089809
181500	0.073255
181550	-0.233160
181600	0.264230
181650	-0.080804
181700	-0.269262
181750	-0.124914
181800	-0.117115
181850	-0.092803
181900	0.268666
181950	-0.144424
182000	0.103197
182050	0.064055
182100	-0.069605
182150	0.056912
182200	0.052250
182250	0.149628
182300	0.113419
182350	0.048169
182400	-0.411963
182450	0.177217
182500	-0.166531
182550	0.365267
182600	0.059852
182650	-0.186896
182700	-0.188219
182750	0.018844
182800	-0.201236
182850	-0.181786
182900	-0.056189
182950	-0.099501
183000	0.212635
183050	0.142977
183100	0.406788
183150	-0.090066
183200	-0.024216
183250	-0.098111
183300	0.153624
183350	0.075870
183400	0.181690
183450	0.097410
183500	0.224883
183550	0.010323
183600	0.314104
183650	0.326281
183700	0.185159
183750	0.022161
183800	-0.121882
183850	0.371574
183900	-0.166729
183950	0.090577
184000	0.194507
184050	0.272115
184100	0.067251
184150	-0.169685
184200	0.001436
184250	-0.051928
184300	0.134458
184350	0.057269
184400	0.285814
184450	0.067204
184500	0.145781
184550	-0.101547
184600	-0.121482
184650	-0.222989
184700	0.017188
184750	-0.204966
184800	0.202748
184850	-0.283387
184900	-0.234827
184950	0.079542
185000	0.067878
185050	-0.071816
185100	0.296948
185150	0.351695
185200	0.209024
185250	-0.259353
185300	0.125705
185350	0.095590
185400	-0.161806
185450	0.121886
185500	0.189990
185550	-0.116828
185600	-0.104080
185650	0.076153
185700	0.066040
185750	0.013876
185800	0.090295
185850	0.229429
185900	-0.235482
185950	0.062520
186000	0.021453
186050	0.066249
186100	-0.176380
186150	-0.177802
186200	-0.007631
186250	-0.189399
186300	-0.042305
186350	0.037542
186400	-0.235268
186450	0.057744
186500	0.076793
186550	-0.165689
186600	0.327557
186650	0.045645
186700	0.069541
186750	-0.115719
186800	-0.128090
186850	0.209774
186900	-0.364456
186950	-0.049243
187000	-0.199628
187050	0.063680
187100	0.038387
187150	0.003469
187200	-0.102078
187250	0.174862
187300	-0.231617
187350	0.305748
187400	0.100187
187450	-0.136769
187500	-0.187086
187550	0.032879
187600	0.094952
187650	-0.159975
187700	0.120406
187750	-0.267613
187800	0.246489
187850	0.027638
187900	0.131250
187950	0.220270
188000	0.111986
188050	0.078096
188100	0.123911
188150	0.314769
188200	-0.275985
188250	-0.033787
188300	-0.000033
188350	-0.124772
188400	0.145032
188450	-0.253878
188500	-0.173768
188550	0.231040
188600	-0.214959
188650	0.192291
188700	-0.050376
188750	-0.030966
188800	-0.150623
188850	-0.047674
188900	-0.133388
188950	-0.064603
189000	-0.301787
189050	-0.170609
189100	-0.189031
189150	-0.116061
189200	-0.001557
189250	-0.060855
189300	0.126299
189350	-0.118585
189400	-0.152702
189450	0.198446
189500	-0.210539
189550	0.116749
189600	0.122496
189650	-0.071319
189700	0.151075
189750	-0.106606
189800	0.059268
189850	-0.067877
189900	0.172844
189950	0.451977
190000	0.030140
190050	-0.144156
190100	0.220799
190150	-0.115554
190200	0.549063
190250	0.054476
190300	0.255696
190350	-0.024027
190400	0.255480
190450	0.191058
190500	-0.049658
190550	-0.102611
190600	-0.033559
190650	-0.008156
190700	0.107628
190750	-0.218952
190800	-0.163393
190850	0.281093
190900	-0.072599
190950	0.141007
191000	0.119585
191050	0.020654
191100	-0.062942
191150	-0.437621
191200	0.210131
191250	-0.216509
191300	-0.429240
191350	-0.094239
191400	0.063720
191450	-0.495026
191500	-0.004100
191550	0.008579
191600	-0.274995
191650	0.134423
191700	-0.120733
191750	-0.336371
191800	-0.054268
191850	0.050183
191900	-0.209313
191950	0.416777
192000	-0.026345
192050	0.202340
192100	-0.318912
192150	-0.357570
192200	0.051397
192250	0.008944
192300	0.086729
192350	-0.224999
192400	0.194673
192450	-0.254552
192500	-0.080673
192550	0.231360
192600	-0.155942
192650	-0.110984
192700	0.475092
192750	-0.302670
192800	0.318312
192850	0.417686
192900	0.127774
192950	-0.226538
193000	0.093683
193050	0.257009
193100	0.272816
193150	-0.113565
193200	0.226325
193250	-0.093246
193300	0.141799
193350	-0.035350
193400	0.067653
193450	0.023822
193500	0.034766
193550	0.064210
193600	0.068601
193650	-0.226281
193700	-0.000248
193750	0.148860
193800	-0.136776
193850	-0.110139
193900	-0.062459
193950	-0.189513
194000	0.060688
194050	0.194602
194100	-0.124052
194150	-0.144463
194200	0.311075
194250	0.072580
194300	0.087073
194350	0.359901
194400	-0.072478
194450	0.135671
194500	0.137743
194550	0.122667
194600	-0.050140
194650	-0.267166
194700	-0.130027
194750	-0.055857
194800	-0.146440
194850	-0.321680
194900	0.033536
194950	-0.020381
195000	-0.067159
195050	-0.104052
195100	0.159327
195150	0.064595
195200	0.385448
195250	-0.313824
195300	0.175642
195350	0.272336
195400	0.227824
195450	-0.150369
195500	0.221612
195550	-0.091127
195600	-0.159488
195650	-0.257610
195700	0.028740
195750	-0.220858
195800	-0.083780
195850	0.042403
195900	-0.211965
195950	0.261173
196000	0.345513
196050	0.211481
196100	0.052001
196150	0.186491
196200	-0.113961
196250	0.009555
196300	0.131108
196350	0.040961
196400	-0.080203
196450	0.153916
196500	0.271494
196550	0.052508
196600	-0.035844
196650	-0.086941
196700	0.312842
196750	-0.158062
196800	0.115846
196850	-0.114945
196900	0.366659
196950	0.145250
197000	0.218877
197050	0.068883
197100	-0.084036
197150	-0.030822
197200	-0.017398
197250	0.112407
197300	0.177463
197350	-0.066636
197400	-0.180846
197450	-0.300274
197500	0.221296
197550	-0.262213
197600	-0.098854
197650	0.071234
197700	0.169523
197750	0.138440
197800	0.136608
197850	0.042794
197900	0.210678
197950	-0.062801
198000	-0.148457
198050	0.111613
198100	-0.088209
198150	-0.002867
198200	0.107407
198250	0.173243
198300	-0.083159
198350	-0.019299
198400	-0.179172
198450	0.269659
198500	0.064436
198550	-0.206444
198600	-0.123072
198650	-0.237204
198700	0.088665
198750	0.200213
198800	-0.245309
198850	-0.188392
198900	0.041097
198950	-0.187968
199000	-0.353246
199050	-0.160458
199100	-0.379925
199150	0.055951
199200	0.140311
199250	0.071213
199300	0.208179
199350	-0.087585
199400	0.015100
199450	0.323246
199500	0.099158
199550	0.111802
199600	0.033736
199650	-0.016773
199700	-0.011415
199750	0.173568
199800	0.069091
199850	0.058779
199900	-0.039872
199950	-0.061405
